1	753	753	197.9	0.262815	0.262815
2	2974	2974	1229.7	0.413484	0.413484
3	1070	1070	1802	1.68411	1.68411
4	571	571	879	1.5394	1.5394
5	807	807	337	0.417596	0.417596
6	1159	0	0	0	0
7	693	693	490.2	0.707359	0.707359
8	831	824	498.1	0.599398	0.60449
9	744	744	123.1	0.165457	0.165457
10	1743	1743	873.7	0.501262	0.501262
11	1120	1120	882.3	0.787768	0.787768
12	459	0	0	0	0
13	1458	1458	1471.8	1.00947	1.00947
14	756	756	404.4	0.534921	0.534921
15	757	757	349.6	0.461823	0.461823
16	1136	1136	249.7	0.219806	0.219806
17	5886	5886	3866.4	0.656881	0.656881
18	412	0	0	0	0
19	616	616	79.7	0.129383	0.129383
20	2838	2838	1465.7	0.516455	0.516455
21	705	705	472.3	0.669929	0.669929
22	1039	1039	798.9	0.768912	0.768912
23	2368	2368	912.3	0.385262	0.385262
24	502	284	123.1	0.245219	0.433451
25	615	0	0	0	0
26	947	947	753.7	0.795882	0.795882
27	2062	2062	735.3	0.356596	0.356596
28	1047	1047	316.9	0.302674	0.302674
29	885	885	123.1	0.139096	0.139096
30	1662	742	41.8	0.0251504	0.0563342
31	844	0	0	0	0
32	536	536	394.8	0.736567	0.736567
33	851	851	456.9	0.536898	0.536898
34	411	411	142.5	0.346715	0.346715
35	650	650	639.2	0.983385	0.983385
36	1205	1205	677.6	0.562324	0.562324
37	448	448	4840.5	10.8047	10.8047
38	1077	1077	647.3	0.601021	0.601021
39	1252	1252	4414.6	3.52604	3.52604
40	1942	1942	1124.5	0.579042	0.579042
41	968	908	495	0.511364	0.545154
42	2527	0	0	0	0
43	998	998	87	0.0871743	0.0871743
44	968	968	820.2	0.847314	0.847314
45	692	370	0	0	0
46	787	787	1140.3	1.44892	1.44892
47	1493	1493	397.4	0.266175	0.266175
48	1152	1152	1225.4	1.06372	1.06372
49	686	597	95.8	0.13965	0.160469
50	1117	1117	943.3	0.844494	0.844494
51	1436	1436	769.1	0.535585	0.535585
52	1593	1593	849.4	0.533208	0.533208
53	1548	1477	1048.5	0.677326	0.709885
54	865	832	157.1	0.181618	0.188822
55	704	704	192.2	0.273011	0.273011
56	858	858	250.6	0.292075	0.292075
57	8769	8713	5091.7	0.580648	0.58438
58	7558	7399	34231.9	4.52923	4.62656
59	468	468	70.7	0.151068	0.151068
60	1297	1297	1095.1	0.844333	0.844333
61	601	601	123.1	0.204825	0.204825
62	1199	1199	382.6	0.319099	0.319099
63	495	495	317.3	0.64101	0.64101
64	718	718	229.5	0.319638	0.319638
65	403	223	793.8	1.96973	3.55964
66	627	0	0	0	0
67	957	957	560.7	0.585893	0.585893
68	318	318	0	0	0
69	345	345	632.7	1.83391	1.83391
70	734	734	926.2	1.26185	1.26185
71	441	425	531.8	1.2059	1.25129
72	1477	1477	1600	1.08328	1.08328
73	474	474	88.4	0.186498	0.186498
74	412	412	215	0.521845	0.521845
75	969	0	0	0	0
76	857	857	757.5	0.883897	0.883897
77	442	442	350.4	0.79276	0.79276
78	1372	1372	785.8	0.572741	0.572741
79	749	749	123.1	0.164352	0.164352
80	823	823	891.9	1.08372	1.08372
81	1297	1297	81.7	0.0629915	0.0629915
82	738	738	191.9	0.260027	0.260027
83	1036	605	231.2	0.223166	0.382149
84	771	582	13.3	0.0172503	0.0228522
85	989	989	197.7	0.199899	0.199899
86	862	862	495.3	0.574594	0.574594
87	1086	0	0	0	0
88	1063	1063	659.2	0.620132	0.620132
89	490	490	154.2	0.314694	0.314694
90	658	658	647.2	0.983587	0.983587
91	1101	1101	747.3	0.678747	0.678747
92	428	428	244.8	0.571963	0.571963
93	1136	1136	221.6	0.19507	0.19507
94	717	0	0	0	0
95	1256	0	0	0	0
96	1185	1185	737.9	0.6227	0.6227
97	1219	0	0	0	0
98	1020	1020	577	0.565686	0.565686
99	1685	1685	505.3	0.299881	0.299881
100	433	314	88.9	0.205312	0.283121
101	404	404	45284.7	112.091	112.091
102	589	589	1946.7	3.30509	3.30509
103	1059	1059	0	0	0
104	930	930	1198.2	1.28839	1.28839
105	1156	1156	2610.5	2.25822	2.25822
106	1223	0	0	0	0
107	502	502	478.8	0.953785	0.953785
108	4888	3951	1275	0.260843	0.322703
109	1083	1083	261.2	0.241182	0.241182
110	528	451	487.3	0.922917	1.08049
111	720	720	54.5	0.0756944	0.0756944
112	758	758	133	0.175462	0.175462
113	984	984	962.2	0.977846	0.977846
114	947	0	0	0	0
115	973	973	456.4	0.469065	0.469065
116	514	514	45.9	0.0892996	0.0892996
117	1092	1092	133.7	0.122436	0.122436
118	2093	0	0	0	0
119	684	684	0	0	0
120	1034	1034	528.4	0.511025	0.511025
121	1470	1350	1739.8	1.18354	1.28874
122	867	867	1147.5	1.32353	1.32353
123	658	658	315.4	0.479331	0.479331
124	660	660	585.5	0.887121	0.887121
125	1276	1276	476.8	0.373668	0.373668
126	623	623	322.3	0.517335	0.517335
127	3055	3055	1731.3	0.56671	0.56671
128	755	755	576.9	0.764106	0.764106
129	1130	1130	606.7	0.536903	0.536903
130	1991	1991	1065.4	0.535108	0.535108
131	915	0	0	0	0
132	1155	1155	0	0	0
133	764	733	245.4	0.321204	0.334789
134	1118	1118	1706.9	1.52674	1.52674
135	1162	1162	839.9	0.722806	0.722806
136	731	731	640.7	0.876471	0.876471
137	1205	1205	616.4	0.511535	0.511535
138	531	0	0	0	0
139	775	710	247.3	0.319097	0.34831
140	461	461	553	1.19957	1.19957
141	1138	1138	510.6	0.448682	0.448682
142	1054	1054	644.7	0.61167	0.61167
143	1424	1424	566.9	0.398104	0.398104
144	1096	1096	319.9	0.29188	0.29188
145	1330	1330	829.1	0.623383	0.623383
146	886	886	270.9	0.305756	0.305756
147	864	864	434.6	0.503009	0.503009
148	713	713	1368.5	1.91935	1.91935
149	2430	2430	2790.9	1.14852	1.14852
150	962	962	260.5	0.27079	0.27079
151	1268	1268	349.1	0.275315	0.275315
152	1298	1298	732.4	0.564253	0.564253
153	310	310	15515.6	50.0503	50.0503
154	437	437	698.3	1.59794	1.59794
155	808	808	473.3	0.585767	0.585767
156	8524	8524	3984.3	0.467421	0.467421
157	8077	8077	15960	1.97598	1.97598
158	19056	18768	13676.2	0.717685	0.728698
159	6486	6051	3976.2	0.613043	0.657115
160	6962	6636	3652.8	0.524677	0.550452
161	12458	12254	5716.4	0.458854	0.466493
162	30196	30064	67400.4	2.2321	2.2419
163	861	861	884.6	1.02741	1.02741
164	12524	12524	87970.7	7.02417	7.02417
165	19642	19367	16522.2	0.841167	0.853111
166	26100	25983	13639.9	0.522602	0.524955
167	7514	7368	3665.3	0.487796	0.497462
168	6912	6912	3277	0.474103	0.474103
169	1650	1650	1328.3	0.80503	0.80503
170	1073	1073	1150.6	1.07232	1.07232
171	1712	1712	813.8	0.47535	0.47535
172	1778	1778	576.7	0.324353	0.324353
173	10224	10185	38487.8	3.76446	3.77887
174	2794	2794	2263.9	0.810272	0.810272
175	776	776	314	0.404639	0.404639
176	3753	3753	3056.6	0.814442	0.814442
177	3969	3969	1936.7	0.487957	0.487957
178	4946	4946	3935.2	0.795633	0.795633
179	6399	6399	3520.4	0.550148	0.550148
180	7161	7161	3543.8	0.494875	0.494875
181	1517	1416	363.7	0.23975	0.25685
182	2759	2644	3654.9	1.32472	1.38234
183	2367	2367	665	0.280946	0.280946
184	604	298	355.9	0.589238	1.1943
185	809	809	992.6	1.22695	1.22695
186	1206	1206	315.8	0.261857	0.261857
187	2380	2380	987.3	0.414832	0.414832
188	934	934	69	0.0738758	0.0738758
189	735	735	742.8	1.01061	1.01061
190	1603	1603	744.8	0.464629	0.464629
191	585	585	80.5	0.137607	0.137607
192	845	845	162.5	0.192308	0.192308
193	2857	0	0	0	0
194	1218	1060	1558.2	1.27931	1.47
195	1078	1078	123.1	0.114193	0.114193
196	1120	1106	70.4	0.0628571	0.0636528
197	1778	1778	13429.9	7.55337	7.55337
198	1196	1196	1026	0.85786	0.85786
199	1568	1568	1186.5	0.756696	0.756696
200	2855	2855	2609.6	0.914046	0.914046
201	290	290	61.1	0.21069	0.21069
202	2057	2057	2228.6	1.08342	1.08342
203	1182	1182	268.3	0.226988	0.226988
204	1041	1041	643.3	0.617963	0.617963
205	794	794	114.3	0.143955	0.143955
206	802	802	0	0	0
207	708	0	0	0	0
208	2179	0	0	0	0
209	687	687	139.2	0.20262	0.20262
210	559	559	325.8	0.582826	0.582826
211	1649	1528	671.5	0.407216	0.439463
212	544	544	35.3	0.0648897	0.0648897
213	1138	1138	920.1	0.808524	0.808524
214	518	518	161.7	0.312162	0.312162
215	1201	1201	774.5	0.644879	0.644879
216	682	682	784.8	1.15073	1.15073
217	1248	1248	809.6	0.648718	0.648718
218	687	687	69.8	0.101601	0.101601
219	1205	1205	516.9	0.428963	0.428963
220	924	924	473.5	0.512446	0.512446
221	1431	1431	984.2	0.687771	0.687771
222	912	912	474.2	0.519956	0.519956
223	585	585	952.1	1.62752	1.62752
224	823	823	802.8	0.975456	0.975456
225	1426	0	0	0	0
226	640	640	156.9	0.245156	0.245156
227	974	974	0	0	0
228	1396	1396	330.8	0.236963	0.236963
229	1113	1113	388.4	0.348967	0.348967
230	663	663	298.1	0.449623	0.449623
231	2485	2485	2414.3	0.971549	0.971549
232	1118	1118	529.8	0.473882	0.473882
233	18795	18564	13398.3	0.712865	0.721736
234	1174	542	397.1	0.338245	0.732657
235	1299	0	0	0	0
236	1151	1151	810.9	0.704518	0.704518
237	774	774	976.9	1.26214	1.26214
238	440	440	595.5	1.35341	1.35341
239	1160	1160	1111.7	0.958362	0.958362
240	775	775	69	0.0890323	0.0890323
241	1084	1084	1342.7	1.23865	1.23865
242	1098	0	0	0	0
243	766	766	5.2	0.00678851	0.00678851
244	1160	744	107	0.0922414	0.143817
245	990	831	331.6	0.334949	0.399037
246	1524	1524	1173.5	0.770013	0.770013
247	436	436	656.5	1.50573	1.50573
248	2615	2473	1762.2	0.673881	0.712576
249	951	951	742	0.780231	0.780231
250	465	465	249.2	0.535914	0.535914
251	823	823	1649.4	2.00413	2.00413
252	765	765	429.4	0.561307	0.561307
253	436	436	16.4	0.0376147	0.0376147
254	1042	1042	508.4	0.487908	0.487908
255	625	553	389.4	0.62304	0.704159
256	2876	2876	2330.8	0.810431	0.810431
257	1900	1900	138.6	0.0729474	0.0729474
258	1492	1492	2202.7	1.47634	1.47634
259	1025	1025	420.3	0.410049	0.410049
260	1011	1011	1911.7	1.8909	1.8909
261	1137	1137	230.3	0.202551	0.202551
262	1041	274	251.2	0.241306	0.916788
263	715	715	332.7	0.465315	0.465315
264	495	495	386.6	0.78101	0.78101
265	831	831	524.4	0.631047	0.631047
266	1059	1059	885.6	0.836261	0.836261
267	1881	1881	1931.1	1.02663	1.02663
268	1114	1114	349.9	0.314093	0.314093
269	949	949	271.5	0.286091	0.286091
270	682	682	158.5	0.232405	0.232405
271	356	0	0	0	0
272	685	685	1351.7	1.97328	1.97328
273	375	375	821.7	2.1912	2.1912
274	846	846	619.6	0.732388	0.732388
275	785	785	436.9	0.556561	0.556561
276	479	479	310.7	0.648643	0.648643
277	1706	391	0	0	0
278	1438	1438	1367.3	0.950834	0.950834
279	916	810	609.8	0.665721	0.75284
280	1077	1077	1265.6	1.17512	1.17512
281	931	931	1463.9	1.5724	1.5724
282	1475	1410	87.8	0.0595254	0.0622695
283	1864	1864	12758.8	6.84485	6.84485
284	699	699	502.6	0.719027	0.719027
285	620	620	1158.2	1.86806	1.86806
286	477	477	0	0	0
287	560	560	289.5	0.516964	0.516964
288	599	599	1519.7	2.53706	2.53706
289	659	659	551.5	0.836874	0.836874
290	951	0	0	0	0
291	1588	1588	686.6	0.432368	0.432368
292	672	0	0	0	0
293	1629	1517	522.3	0.320626	0.344298
294	728	728	315.2	0.432967	0.432967
295	968	968	958.5	0.990186	0.990186
296	1967	1967	1420.5	0.722166	0.722166
297	1723	1723	1046.1	0.607139	0.607139
298	613	613	447.2	0.729527	0.729527
299	352	352	437.7	1.24347	1.24347
300	772	772	390	0.505181	0.505181
301	1626	1626	1746.5	1.07411	1.07411
302	1454	1454	824.6	0.567125	0.567125
303	954	954	365.3	0.382914	0.382914
304	649	649	1067.9	1.64545	1.64545
305	2827	2827	19632.5	6.94464	6.94464
306	445	445	311.2	0.699326	0.699326
307	659	659	123.1	0.186798	0.186798
308	843	0	0	0	0
309	709	709	983.6	1.38731	1.38731
310	968	968	544.1	0.562087	0.562087
311	382	361	902.5	2.36257	2.5
312	1056	1056	912.4	0.864015	0.864015
313	718	718	2.5	0.00348189	0.00348189
314	1206	1206	742.3	0.615506	0.615506
315	1484	1484	828.1	0.558019	0.558019
316	2056	2056	2579.7	1.25472	1.25472
317	597	597	342.3	0.573367	0.573367
318	803	803	137.9	0.171731	0.171731
319	374	374	159.9	0.42754	0.42754
320	1583	1583	726	0.458623	0.458623
321	872	872	552.7	0.63383	0.63383
322	739	677	532.8	0.720974	0.787001
323	1928	1928	3196.5	1.65794	1.65794
324	779	779	487.9	0.626316	0.626316
325	940	940	258.5	0.275	0.275
326	583	583	384.9	0.660206	0.660206
327	948	948	154.2	0.162658	0.162658
328	841	841	901.2	1.07158	1.07158
329	1193	1193	898	0.752724	0.752724
330	795	795	1672.9	2.10428	2.10428
331	2044	2044	1694.7	0.82911	0.82911
332	567	567	738.1	1.30176	1.30176
333	896	896	1472.8	1.64375	1.64375
334	1276	1276	567.3	0.444592	0.444592
335	1047	1047	1785.3	1.70516	1.70516
336	1586	1586	978.5	0.616961	0.616961
337	1109	1109	1007.3	0.908296	0.908296
338	1559	1559	460.1	0.295125	0.295125
339	761	761	1812.4	2.3816	2.3816
340	558	558	407.7	0.730645	0.730645
341	1089	0	0	0	0
342	793	793	961.7	1.21274	1.21274
343	945	945	558	0.590476	0.590476
344	1804	1804	1114.1	0.617572	0.617572
345	2094	2002	1456.6	0.695606	0.727572
346	3696	729	69	0.0186688	0.0946502
347	367	367	95	0.258856	0.258856
348	3157	3030	3129.6	0.991321	1.03287
349	1322	1322	67.7	0.0512103	0.0512103
350	701	701	1006.8	1.43623	1.43623
351	1387	1387	627.2	0.452199	0.452199
352	534	534	546.4	1.02322	1.02322
353	1555	1555	521.3	0.335241	0.335241
354	740	740	224.1	0.302838	0.302838
355	639	639	421.3	0.659311	0.659311
356	706	706	451.1	0.638952	0.638952
357	724	724	0	0	0
358	956	956	2427.4	2.53912	2.53912
359	771	771	398.3	0.516602	0.516602
360	1985	1985	4133.4	2.08232	2.08232
361	1749	1749	1554	0.888508	0.888508
362	1533	1533	676.1	0.441031	0.441031
363	581	581	146.6	0.252324	0.252324
364	1289	1289	722.1	0.560202	0.560202
365	632	632	0	0	0
366	1412	1412	924.4	0.654674	0.654674
367	2550	2550	1605.3	0.629529	0.629529
368	483	483	134.8	0.279089	0.279089
369	1469	1469	713.6	0.485773	0.485773
370	338	338	405.3	1.19911	1.19911
371	715	715	0	0	0
372	681	681	384.5	0.564611	0.564611
373	594	594	37.2	0.0626263	0.0626263
374	1817	1817	1133.2	0.623665	0.623665
375	1118	1118	960.8	0.859392	0.859392
376	986	986	305.7	0.310041	0.310041
377	750	0	0	0	0
378	515	515	3800.7	7.38	7.38
379	1205	1205	5083.7	4.21884	4.21884
380	1014	1014	785.6	0.774753	0.774753
381	980	980	253	0.258163	0.258163
382	948	948	707.7	0.746519	0.746519
383	560	560	19.1	0.0341071	0.0341071
384	3432	3432	5242.6	1.52756	1.52756
385	701	701	288.2	0.411127	0.411127
386	2336	2200	1644.7	0.704067	0.747591
387	876	876	1155.7	1.31929	1.31929
388	515	515	0	0	0
389	1645	1645	1072.9	0.652219	0.652219
390	1624	1624	730.6	0.449877	0.449877
391	3319	3216	1690	0.50919	0.525498
392	887	887	1039.6	1.17204	1.17204
393	1250	1250	1666.5	1.3332	1.3332
394	778	778	198.1	0.254627	0.254627
395	522	522	146.1	0.279885	0.279885
396	654	654	641.7	0.981193	0.981193
397	2069	2069	2659.3	1.28531	1.28531
398	495	495	531.3	1.07333	1.07333
399	740	740	745.5	1.00743	1.00743
400	2271	2271	1857.2	0.81779	0.81779
401	362	362	122.2	0.337569	0.337569
402	850	850	88.1	0.103647	0.103647
403	959	959	938.8	0.978936	0.978936
404	1346	1233	576.3	0.428157	0.467397
405	976	976	749.6	0.768033	0.768033
406	2237	2237	658.4	0.294323	0.294323
407	484	484	394.7	0.815496	0.815496
408	1382	1382	3046.7	2.20456	2.20456
409	458	458	1028	2.24454	2.24454
410	1327	1030	1203.1	0.906631	1.16806
411	757	757	261.2	0.345046	0.345046
412	460	460	0	0	0
413	4713	4713	3781.5	0.802355	0.802355
414	1077	0	0	0	0
415	993	993	254.6	0.256395	0.256395
416	552	552	750.7	1.35996	1.35996
417	1702	1702	1034.7	0.607932	0.607932
418	871	0	0	0	0
419	911	911	246.9	0.271021	0.271021
420	1798	1798	835.9	0.464905	0.464905
421	807	807	759.7	0.941388	0.941388
422	1078	1078	633.8	0.587941	0.587941
423	777	157	625.7	0.805277	3.98535
424	1250	0	0	0	0
425	767	767	259.5	0.338331	0.338331
426	1705	1705	2019.7	1.18457	1.18457
427	553	553	370.6	0.670163	0.670163
428	2563	2563	936.2	0.365275	0.365275
429	535	535	1314.5	2.45701	2.45701
430	1025	1025	823.4	0.803317	0.803317
431	1147	1147	14.5	0.0126417	0.0126417
432	1804	1796	1532.6	0.849557	0.853341
433	761	761	69.9	0.0918528	0.0918528
434	1763	1763	1817.4	1.03086	1.03086
435	1254	1254	521	0.41547	0.41547
436	878	878	727.5	0.828588	0.828588
437	1222	0	0	0	0
438	1020	1020	0	0	0
439	1115	1115	1669.4	1.49722	1.49722
440	1099	1099	700.9	0.637762	0.637762
441	978	978	614.2	0.628016	0.628016
442	472	0	0	0	0
443	703	703	575.8	0.819061	0.819061
444	1625	1625	1472.1	0.905908	0.905908
445	1074	0	0	0	0
446	1476	0	0	0	0
447	1440	1440	1018	0.706944	0.706944
448	835	835	570.2	0.682874	0.682874
449	832	815	1740.1	2.09147	2.13509
450	899	899	871.5	0.96941	0.96941
451	748	748	1272.6	1.70134	1.70134
452	1780	1780	2890.1	1.62365	1.62365
453	1328	1328	521.1	0.392395	0.392395
454	622	622	211.5	0.340032	0.340032
455	1244	1244	522.1	0.419695	0.419695
456	907	907	328.7	0.362404	0.362404
457	559	559	82.9	0.148301	0.148301
458	746	0	0	0	0
459	745	745	813.7	1.09221	1.09221
460	872	872	2701.8	3.09839	3.09839
461	795	795	191.1	0.240377	0.240377
462	1191	0	0	0	0
463	687	687	69.2	0.100728	0.100728
464	1029	1029	766.8	0.74519	0.74519
465	535	535	295.3	0.551963	0.551963
466	639	639	1288	2.01565	2.01565
467	769	706	446.8	0.581014	0.632861
468	2280	2280	1960.2	0.859737	0.859737
469	2526	2526	1497.2	0.592716	0.592716
470	1035	961	771.7	0.745604	0.803018
471	1275	1275	187.9	0.147373	0.147373
472	641	641	562.5	0.877535	0.877535
473	469	469	713	1.52026	1.52026
474	1883	0	0	0	0
475	1044	376	19.5	0.0186782	0.0518617
476	453	453	679.8	1.50066	1.50066
477	940	894	87.9	0.0935106	0.0983221
478	695	0	0	0	0
479	495	495	347	0.70101	0.70101
480	495	495	87.1	0.17596	0.17596
481	964	810	178.3	0.184959	0.220123
482	2681	2681	1978.6	0.738008	0.738008
483	726	0	0	0	0
484	773	773	475	0.614489	0.614489
485	2017	2017	1491.7	0.739564	0.739564
486	1040	1040	477.2	0.458846	0.458846
487	408	408	137.3	0.33652	0.33652
488	2851	2585	1590.8	0.55798	0.615397
489	675	675	760.2	1.12622	1.12622
490	890	890	551.7	0.619888	0.619888
491	1197	1144	783.8	0.654804	0.68514
492	808	0	0	0	0
493	779	779	685.5	0.879974	0.879974
494	995	995	824.4	0.828543	0.828543
495	2225	2225	2281.2	1.02526	1.02526
496	818	818	121.9	0.149022	0.149022
497	1323	1323	1054.5	0.797052	0.797052
498	1893	0	0	0	0
499	1880	1819	2178.9	1.15899	1.19786
500	1162	993	165.3	0.142255	0.166465
501	724	0	0	0	0
502	1294	1294	652.5	0.50425	0.50425
503	910	0	0	0	0
504	1429	1429	199.1	0.139328	0.139328
505	1777	1777	1280.5	0.720597	0.720597
506	401	401	0	0	0
507	749	749	467.9	0.6247	0.6247
508	2359	0	0	0	0
509	739	739	0	0	0
510	1619	1619	946.8	0.584805	0.584805
511	1432	0	0	0	0
512	1032	0	0	0	0
513	2097	2097	1098.7	0.523939	0.523939
514	962	0	0	0	0
515	462	462	44.7	0.0967532	0.0967532
516	731	731	573.7	0.784815	0.784815
517	1520	1520	456	0.3	0.3
518	579	0	0	0	0
519	927	927	2091.7	2.25642	2.25642
520	1944	1944	940.2	0.483642	0.483642
521	2495	2340	1108.6	0.444329	0.473761
522	7583	0	0	0	0
523	951	951	245.5	0.258149	0.258149
524	1071	0	0	0	0
525	1185	1185	193.6	0.163376	0.163376
526	2340	0	0	0	0
527	726	726	261.7	0.360468	0.360468
528	1261	1261	699.6	0.554798	0.554798
529	830	830	331	0.398795	0.398795
530	839	839	1012.8	1.20715	1.20715
531	1118	1118	1033.9	0.924776	0.924776
532	3994	0	0	0	0
533	384	384	111	0.289063	0.289063
534	1454	1288	120.8	0.0830812	0.0937888
535	1745	1745	225.4	0.129169	0.129169
536	590	0	0	0	0
537	1101	0	0	0	0
538	900	0	0	0	0
539	1444	1444	782.4	0.541828	0.541828
540	1136	1136	630.8	0.555282	0.555282
541	766	0	0	0	0
542	675	675	427.5	0.633333	0.633333
543	571	0	0	0	0
544	637	0	0	0	0
545	576	576	1314.2	2.2816	2.2816
546	2281	2281	1060.3	0.46484	0.46484
547	701	701	493.5	0.703994	0.703994
548	1690	1690	29828.2	17.6498	17.6498
549	759	759	0	0	0
550	3216	3216	1539.2	0.478607	0.478607
551	955	955	1927.9	2.01874	2.01874
552	1033	0	0	0	0
553	756	0	0	0	0
554	1256	1256	834.9	0.664729	0.664729
555	744	393	0	0	0
556	2087	2087	1424.2	0.682415	0.682415
557	1319	0	0	0	0
558	912	912	567	0.621711	0.621711
559	852	631	180.9	0.212324	0.286688
560	515	515	755	1.46602	1.46602
561	1574	1553	1650.3	1.04848	1.06265
562	949	949	1151.2	1.21307	1.21307
563	2363	2363	2876	1.2171	1.2171
564	934	934	717.1	0.767773	0.767773
565	828	0	0	0	0
566	2174	1319	1084.2	0.498712	0.821986
567	980	0	0	0	0
568	1366	1366	315.8	0.231186	0.231186
569	429	429	167.1	0.38951	0.38951
570	1021	0	0	0	0
571	859	859	440.2	0.512456	0.512456
572	480	480	38.3	0.0797917	0.0797917
573	844	0	0	0	0
574	511	511	229.9	0.449902	0.449902
575	744	744	700	0.94086	0.94086
576	828	828	355.2	0.428986	0.428986
577	981	981	272.8	0.278084	0.278084
578	702	702	612.5	0.872507	0.872507
579	822	822	68.3	0.08309	0.08309
580	1106	946	932.5	0.843128	0.985729
581	680	680	439.6	0.646471	0.646471
582	1000	1000	1253.6	1.2536	1.2536
583	864	151	0	0	0
584	533	0	0	0	0
585	1684	1684	1583	0.940024	0.940024
586	1348	0	0	0	0
587	924	873	708.8	0.7671	0.811913
588	709	709	784.2	1.10606	1.10606
589	817	817	434	0.531212	0.531212
590	1241	1241	1210.2	0.975181	0.975181
591	1079	1079	383.3	0.355236	0.355236
592	1684	1586	428	0.254157	0.269861
593	816	304	0	0	0
594	1014	1014	657.7	0.648619	0.648619
595	755	755	0	0	0
596	487	487	485.3	0.996509	0.996509
597	2508	2508	1582.6	0.631021	0.631021
598	1508	1508	2758.3	1.82911	1.82911
599	1541	1541	569.6	0.36963	0.36963
600	635	635	809.8	1.27528	1.27528
601	3845	3845	2360.2	0.613836	0.613836
602	905	0	0	0	0
603	703	703	513.8	0.730868	0.730868
604	347	347	341.8	0.985014	0.985014
605	4150	4150	1868.9	0.450337	0.450337
606	650	650	569.8	0.876615	0.876615
607	773	0	0	0	0
608	4195	0	0	0	0
609	1525	1525	136	0.0891803	0.0891803
610	560	560	283.9	0.506964	0.506964
611	6377	6298	5321.2	0.834436	0.844903
612	5742	0	0	0	0
613	5111	5111	3600.6	0.704481	0.704481
614	4422	4392	7980.2	1.80466	1.81699
615	836	836	991.5	1.186	1.186
616	5542	0	0	0	0
617	3260	3238	1881.8	0.577239	0.581161
618	341	341	219.5	0.643695	0.643695
619	1068	0	0	0	0
620	728	728	69	0.0947802	0.0947802
621	23606	23506	68597.5	2.90593	2.9183
622	3796	0	0	0	0
623	1787	1717	2090.1	1.16961	1.2173
624	10492	10404	8199.6	0.78151	0.78812
625	4852	4852	7486.7	1.54301	1.54301
626	1060	1060	689.1	0.650094	0.650094
627	550	550	402	0.730909	0.730909
628	1169	1169	931.5	0.796835	0.796835
629	834	0	0	0	0
630	1006	0	0	0	0
631	1174	1174	1093.6	0.931516	0.931516
632	408	408	648	1.58824	1.58824
633	533	533	1345	2.52345	2.52345
634	1962	1962	1618	0.824669	0.824669
635	2469	2469	1134.9	0.45966	0.45966
636	892	739	0	0	0
637	447	447	4657.6	10.4197	10.4197
638	907	907	377.9	0.416648	0.416648
639	711	711	954.7	1.34276	1.34276
640	571	571	192.2	0.336602	0.336602
641	2275	2275	8017.7	3.52426	3.52426
642	786	707	128.7	0.16374	0.182037
643	1024	1024	320.9	0.313379	0.313379
644	1554	1554	12322.8	7.92973	7.92973
645	1016	1016	1886	1.8563	1.8563
646	329	329	297.7	0.904863	0.904863
647	1396	1396	708.2	0.507307	0.507307
648	716	716	428.2	0.598045	0.598045
649	610	0	0	0	0
650	1946	1946	2359	1.21223	1.21223
651	1009	742	1289.2	1.2777	1.73747
652	1062	1053	839.5	0.79049	0.797246
653	418	418	384.4	0.919617	0.919617
654	2075	2075	2029.9	0.978265	0.978265
655	1065	1065	216.8	0.203568	0.203568
656	2767	2661	1814.3	0.655692	0.681811
657	1897	0	0	0	0
658	1049	1049	1459.3	1.39113	1.39113
659	799	742	616	0.770964	0.830189
660	726	672	305.7	0.421074	0.454911
661	2304	2304	7149.4	3.10304	3.10304
662	4385	0	0	0	0
663	768	768	29.9	0.0389323	0.0389323
664	7961	7961	31240.2	3.92416	3.92416
665	2903	2891	819.9	0.282432	0.283604
666	5968	5778	3851.4	0.645342	0.666563
667	5012	0	0	0	0
668	1215	1215	439.2	0.361481	0.361481
669	393	393	300.5	0.764631	0.764631
670	2017	215	267.4	0.132573	1.24372
671	1236	0	0	0	0
672	1063	1063	1031.3	0.970179	0.970179
673	619	619	518	0.836834	0.836834
674	1015	1010	564.8	0.556453	0.559208
675	1674	1674	407.9	0.243668	0.243668
676	761	761	859.9	1.12996	1.12996
677	1589	1202	1000.7	0.629767	0.832529
678	1180	1180	696.2	0.59	0.59
679	576	576	639.3	1.1099	1.1099
680	496	496	148.7	0.299798	0.299798
681	627	627	0	0	0
682	1441	1356	1111.9	0.771617	0.819985
683	1266	1266	3694.1	2.91793	2.91793
684	645	645	511.1	0.792403	0.792403
685	559	559	663.7	1.1873	1.1873
686	1313	1313	315.4	0.240213	0.240213
687	2132	2132	901.4	0.422795	0.422795
688	486	468	269.4	0.554321	0.575641
689	453	453	927.8	2.04812	2.04812
690	1164	1164	1243.9	1.06864	1.06864
691	497	497	80.6	0.162173	0.162173
692	820	820	796.4	0.97122	0.97122
693	503	503	1251.5	2.48807	2.48807
694	449	0	0	0	0
695	1319	1319	1540.8	1.16816	1.16816
696	3125	3054	2582.2	0.826304	0.845514
697	771	771	1233.6	1.6	1.6
698	740	740	964.1	1.30284	1.30284
699	1020	1020	429.4	0.42098	0.42098
700	932	932	272.4	0.292275	0.292275
701	1591	1591	2170.3	1.36411	1.36411
702	620	620	189.8	0.306129	0.306129
703	1944	1944	680.2	0.349897	0.349897
704	867	867	748.4	0.863206	0.863206
705	1490	1490	1023.2	0.686711	0.686711
706	541	371	15	0.0277264	0.0404313
707	4337	4337	2276.7	0.524948	0.524948
708	724	724	612.9	0.846547	0.846547
709	1027	1027	1135.3	1.10545	1.10545
710	1931	1931	1460.5	0.756344	0.756344
711	2222	2222	2316.9	1.04271	1.04271
712	750	750	261.2	0.348267	0.348267
713	769	769	240.4	0.312614	0.312614
714	726	726	1494.9	2.05909	2.05909
715	947	932	432.6	0.456811	0.464163
716	1131	0	0	0	0
717	877	700	236.2	0.269327	0.337429
718	1394	1394	1196.1	0.858034	0.858034
719	1241	1211	385.7	0.310798	0.318497
720	985	985	445.5	0.452284	0.452284
721	720	720	1133.7	1.57458	1.57458
722	1693	1693	462.5	0.273184	0.273184
723	1036	1036	23.9	0.0230695	0.0230695
724	1290	620	0	0	0
725	506	506	15.9	0.0314229	0.0314229
726	1261	1261	942.2	0.747185	0.747185
727	2368	2368	966.2	0.408024	0.408024
728	1514	1514	656.5	0.43362	0.43362
729	987	987	13839	14.0213	14.0213
730	1153	1153	2013	1.74588	1.74588
731	1204	1204	0	0	0
732	1831	1831	649	0.354451	0.354451
733	1490	1490	261.5	0.175503	0.175503
734	750	750	880.8	1.1744	1.1744
735	1434	0	0	0	0
736	782	782	123.1	0.157417	0.157417
737	696	696	76.8	0.110345	0.110345
738	1318	1318	1892.9	1.43619	1.43619
739	1723	1723	1481	0.859547	0.859547
740	860	668	195.7	0.227558	0.292964
741	936	936	1054.3	1.12639	1.12639
742	724	724	1087.5	1.50207	1.50207
743	3052	3052	2166.6	0.709895	0.709895
744	515	515	0	0	0
745	1128	1128	1432.5	1.26995	1.26995
746	760	760	387.5	0.509868	0.509868
747	1967	1967	1582.5	0.804525	0.804525
748	608	608	861.8	1.41743	1.41743
749	1518	1518	632.2	0.416469	0.416469
750	645	645	249.7	0.387132	0.387132
751	710	548	836.7	1.17845	1.52682
752	383	383	228.4	0.596345	0.596345
753	1165	1165	22714.8	19.4977	19.4977
754	832	832	192.2	0.23101	0.23101
755	800	800	178.8	0.2235	0.2235
756	837	677	0	0	0
757	1028	1028	655.5	0.637646	0.637646
758	823	614	228.5	0.277643	0.37215
759	836	836	840.2	1.00502	1.00502
760	1408	1408	1427.8	1.01406	1.01406
761	650	650	4435.1	6.82323	6.82323
762	530	364	452.2	0.853208	1.24231
763	1902	0	0	0	0
764	920	0	0	0	0
765	664	664	240.1	0.361596	0.361596
766	1040	1040	32394.4	31.1485	31.1485
767	1503	1426	327.4	0.217831	0.229593
768	1128	978	211.8	0.187766	0.216564
769	1933	1876	1703.5	0.881273	0.908049
770	1091	0	0	0	0
771	1833	1833	2169.6	1.18363	1.18363
772	1204	1204	1057.9	0.878654	0.878654
773	723	723	526.9	0.728769	0.728769
774	1706	1706	10896.7	6.38728	6.38728
775	682	682	1052	1.54252	1.54252
776	459	459	272.8	0.594336	0.594336
777	905	905	27240.3	30.0998	30.0998
778	359	359	0	0	0
779	1620	1472	667.4	0.411975	0.453397
780	1932	1932	1012.5	0.524068	0.524068
781	1385	1385	1101.6	0.795379	0.795379
782	319	319	371.3	1.16395	1.16395
783	540	540	122.3	0.226481	0.226481
784	1438	1438	638.1	0.443741	0.443741
785	673	673	566.8	0.842199	0.842199
786	2330	2201	1793	0.769528	0.81463
787	2003	1975	2518.1	1.25716	1.27499
788	3412	3205	1736.9	0.509056	0.541934
789	4357	1662	654.6	0.150241	0.393863
790	3151	3151	2774.2	0.880419	0.880419
791	1380	1301	894.6	0.648261	0.687625
792	1406	1276	1668.2	1.18649	1.30737
793	1153	1133	479.4	0.415785	0.423124
794	808	808	856.9	1.06052	1.06052
795	635	635	897.9	1.41402	1.41402
796	568	568	384.4	0.676761	0.676761
797	762	762	630	0.826772	0.826772
798	41362	41085	31461.8	0.760645	0.765773
799	1277	0	0	0	0
800	1245	1245	122.1	0.0980723	0.0980723
801	407	0	0	0	0
802	1142	1142	819.8	0.717863	0.717863
803	1252	1252	1220.4	0.97476	0.97476
804	1035	955	80.6	0.0778744	0.0843979
805	1450	1309	285.6	0.196966	0.218182
806	579	579	274.3	0.473748	0.473748
807	837	837	1253.5	1.49761	1.49761
808	371	371	370.7	0.999191	0.999191
809	728	555	294.5	0.404533	0.530631
810	613	613	998.2	1.62838	1.62838
811	1212	1212	1875.4	1.54736	1.54736
812	726	726	271.6	0.374105	0.374105
813	594	313	0	0	0
814	660	660	321.6	0.487273	0.487273
815	759	0	0	0	0
816	2223	2223	736.9	0.331489	0.331489
817	665	665	825.9	1.24195	1.24195
818	631	631	339	0.537242	0.537242
819	359	359	596.3	1.661	1.661
820	909	909	952.6	1.04796	1.04796
821	652	652	384.6	0.589877	0.589877
822	2069	2069	629.6	0.304302	0.304302
823	1359	1359	1432.1	1.05379	1.05379
824	650	650	977.8	1.50431	1.50431
825	458	458	0	0	0
826	601	601	254.9	0.424126	0.424126
827	1052	1052	74.9	0.0711977	0.0711977
828	1711	1711	1096.1	0.64062	0.64062
829	776	631	614.2	0.791495	0.973376
830	1186	1186	246.2	0.207589	0.207589
831	3310	3310	2412.3	0.728792	0.728792
832	1879	1879	1219.3	0.648909	0.648909
833	1310	1219	384.3	0.293359	0.315258
834	736	736	1362.9	1.85177	1.85177
835	634	634	298.4	0.470662	0.470662
836	1087	1087	812.1	0.747102	0.747102
837	2129	2129	23141.4	10.8696	10.8696
838	725	725	343.4	0.473655	0.473655
839	2546	2546	1288.4	0.506049	0.506049
840	3199	3199	886.9	0.277243	0.277243
841	1036	0	0	0	0
842	380	380	0	0	0
843	659	659	13.9	0.0210926	0.0210926
844	1612	1612	2130.1	1.3214	1.3214
845	324	324	660.5	2.03858	2.03858
846	1727	1644	856.4	0.495889	0.520925
847	1286	1286	613.3	0.476905	0.476905
848	727	727	335.8	0.461898	0.461898
849	492	214	0	0	0
850	640	640	93.4	0.145937	0.145937
851	1642	1642	1029.7	0.627101	0.627101
852	803	680	42.2	0.0525529	0.0620588
853	2823	2823	722.9	0.256075	0.256075
854	2706	2706	2268.5	0.838322	0.838322
855	1017	1017	483.9	0.475811	0.475811
856	429	429	250.7	0.584382	0.584382
857	1938	1938	3629.2	1.87265	1.87265
858	1119	1119	455.6	0.407149	0.407149
859	884	884	767.4	0.8681	0.8681
860	1491	1491	555.7	0.372703	0.372703
861	1082	764	736.5	0.680684	0.964005
862	1045	1045	611	0.584689	0.584689
863	971	971	69	0.0710608	0.0710608
864	2154	2154	1081.8	0.502228	0.502228
865	915	915	487.1	0.53235	0.53235
866	1794	1794	1735.2	0.967224	0.967224
867	802	802	196.4	0.244888	0.244888
868	2769	2769	2846.8	1.0281	1.0281
869	5965	5965	4771.2	0.799866	0.799866
870	11190	11190	9426.6	0.842413	0.842413
871	669	0	0	0	0
872	7457	7430	4391.5	0.58891	0.59105
873	1218	1218	1014.2	0.832677	0.832677
874	13684	13517	9063	0.662306	0.670489
875	1558	1558	679	0.435815	0.435815
876	7188	7188	5813.1	0.808723	0.808723
877	4357	4357	5183.9	1.18979	1.18979
878	8394	8394	5218.6	0.621706	0.621706
879	804	804	558.9	0.695149	0.695149
880	1015	1015	337.9	0.332906	0.332906
881	2507	2507	1435.3	0.572517	0.572517
882	596	509	0	0	0
883	16274	14940	9809.2	0.602753	0.656573
884	20877	20877	23240	1.11319	1.11319
885	1057	1057	471.4	0.445979	0.445979
886	475	475	511.4	1.07663	1.07663
887	1860	1860	192.5	0.103495	0.103495
888	2564	2564	1260.6	0.491654	0.491654
889	3118	3118	658.2	0.211097	0.211097
890	896	896	7366.1	8.22109	8.22109
891	505	505	508.8	1.00752	1.00752
892	986	986	300.3	0.304564	0.304564
893	1231	1231	1680	1.36474	1.36474
894	893	893	69	0.0772676	0.0772676
895	953	953	4438.2	4.65708	4.65708
896	2458	2458	1833.5	0.745932	0.745932
897	621	621	192.3	0.309662	0.309662
898	1815	1815	535.7	0.295152	0.295152
899	2826	2826	15480.6	5.47792	5.47792
900	1070	1070	117.1	0.109439	0.109439
901	6372	6372	2330.3	0.365709	0.365709
902	2921	676	229.3	0.0785005	0.339201
903	11326	11326	7687.9	0.678783	0.678783
904	460	460	138.6	0.301304	0.301304
905	1778	1778	1414.5	0.795557	0.795557
906	1430	1430	3272.4	2.28839	2.28839
907	492	492	0	0	0
908	1120	1120	647.7	0.578304	0.578304
909	1636	1636	2648.5	1.61889	1.61889
910	568	568	255	0.448944	0.448944
911	1266	1266	1574.3	1.24352	1.24352
912	1659	1659	518	0.312236	0.312236
913	2503	2503	1907	0.761886	0.761886
914	1051	1051	388.1	0.369267	0.369267
915	3861	3861	1102	0.285418	0.285418
916	710	710	302.4	0.425915	0.425915
917	1636	1404	976.2	0.596699	0.695299
918	1574	1574	2036.7	1.29396	1.29396
919	1150	1150	1359.7	1.18235	1.18235
920	1440	1440	1278.1	0.887569	0.887569
921	1892	1892	1712.9	0.905338	0.905338
922	1217	1217	321.2	0.263928	0.263928
923	706	706	274.7	0.389093	0.389093
924	1020	1020	1000.9	0.981275	0.981275
925	4705	4705	3850.9	0.81847	0.81847
926	589	589	585.3	0.993718	0.993718
927	1708	0	0	0	0
928	2467	2467	1145.5	0.464329	0.464329
929	1167	1167	123.1	0.105484	0.105484
930	943	0	0	0	0
931	604	604	961.8	1.59238	1.59238
932	1334	1334	679.8	0.509595	0.509595
933	773	773	785.4	1.01604	1.01604
934	2031	2031	1345.8	0.662629	0.662629
935	1556	1556	828.4	0.532391	0.532391
936	1105	1105	75.2	0.0680543	0.0680543
937	1702	1702	1901.6	1.11727	1.11727
938	887	887	501.2	0.565051	0.565051
939	1207	1207	1376.7	1.1406	1.1406
940	1947	1947	650.6	0.334155	0.334155
941	878	878	512.2	0.583371	0.583371
942	1083	1083	729.1	0.673223	0.673223
943	3513	3464	1831	0.521207	0.52858
944	840	840	1.8	0.00214286	0.00214286
945	898	898	645.9	0.719265	0.719265
946	950	950	1287.2	1.35495	1.35495
947	1229	1229	384.5	0.312856	0.312856
948	766	766	183.5	0.239556	0.239556
949	2062	2027	1522.7	0.738458	0.751209
950	834	834	148.2	0.177698	0.177698
951	488	488	417.5	0.855533	0.855533
952	939	939	185.9	0.197977	0.197977
953	1089	1089	70.6	0.0648301	0.0648301
954	1685	1685	817.3	0.485045	0.485045
955	468	468	461.2	0.98547	0.98547
956	451	451	205.4	0.455432	0.455432
957	657	657	428.9	0.652816	0.652816
958	1099	1069	832.6	0.757598	0.778859
959	1221	1186	322.9	0.264455	0.27226
960	2318	2318	2180.9	0.940854	0.940854
961	2095	2095	1450.6	0.692411	0.692411
962	564	564	194.6	0.345035	0.345035
963	756	756	444.8	0.58836	0.58836
964	589	589	584.4	0.99219	0.99219
965	1514	1262	845.6	0.55852	0.670048
966	1096	1096	140.8	0.128467	0.128467
967	1727	1727	389.8	0.225709	0.225709
968	1549	1549	23941.9	15.4564	15.4564
969	853	853	2157	2.52872	2.52872
970	680	680	629.5	0.925735	0.925735
971	619	619	123.1	0.198869	0.198869
972	832	832	395.1	0.47488	0.47488
973	812	812	881.4	1.08547	1.08547
974	1074	1074	21.7	0.0202048	0.0202048
975	1032	1032	663	0.642442	0.642442
976	949	464	55.7	0.0586934	0.120043
977	611	611	11899.4	19.4753	19.4753
978	1840	1840	270.6	0.147065	0.147065
979	1381	1381	505.4	0.365967	0.365967
980	831	831	966.9	1.16354	1.16354
981	1682	1612	1573.9	0.935731	0.976365
982	1457	0	0	0	0
983	895	0	0	0	0
984	501	501	0	0	0
985	329	329	320.1	0.972948	0.972948
986	1252	1252	1071.1	0.855511	0.855511
987	1541	0	0	0	0
988	1287	1287	458.3	0.356099	0.356099
989	1964	347	265.6	0.135234	0.765418
990	971	971	271.5	0.279609	0.279609
991	1047	1047	648.6	0.619484	0.619484
992	900	900	573.9	0.637667	0.637667
993	1063	1063	1169.3	1.1	1.1
994	548	548	101.8	0.185766	0.185766
995	643	643	0	0	0
996	526	526	842	1.60076	1.60076
997	530	530	815.8	1.53925	1.53925
998	754	754	596.8	0.791512	0.791512
999	879	879	453.9	0.516382	0.516382
1000	646	646	199.5	0.308824	0.308824
1001	822	822	468.7	0.570195	0.570195
1002	2539	2539	1121.8	0.441827	0.441827
1003	505	505	724	1.43366	1.43366
1004	3841	3790	6030.1	1.56993	1.59106
1005	545	545	95.2	0.174679	0.174679
1006	15062	14882	10797.1	0.716844	0.725514
1007	6641	6641	4666.8	0.702725	0.702725
1008	663	663	820.5	1.23756	1.23756
1009	5213	5075	3874.3	0.7432	0.763409
1010	990	990	716.6	0.723838	0.723838
1011	676	0	0	0	0
1012	1366	1366	509.3	0.37284	0.37284
1013	1888	1888	1709.8	0.905614	0.905614
1014	727	727	14.3	0.0196699	0.0196699
1015	734	734	384.6	0.523978	0.523978
1016	1114	1114	24.6	0.0220826	0.0220826
1017	532	532	899.9	1.69154	1.69154
1018	1599	1599	1374.7	0.859725	0.859725
1019	605	605	0	0	0
1020	583	583	269.3	0.461921	0.461921
1021	919	919	95.3	0.1037	0.1037
1022	646	646	50.7	0.078483	0.078483
1023	684	0	0	0	0
1024	456	456	0	0	0
1025	1542	0	0	0	0
1026	1261	1261	192.1	0.152339	0.152339
1027	1262	1262	1866.8	1.47924	1.47924
1028	1496	1496	8807.1	5.8871	5.8871
1029	935	935	330.3	0.353262	0.353262
1030	620	620	316.7	0.510806	0.510806
1031	1117	1117	730	0.653536	0.653536
1032	300	300	551.8	1.83933	1.83933
1033	1598	1598	2683.8	1.67947	1.67947
1034	616	0	0	0	0
1035	712	712	123.4	0.173315	0.173315
1036	832	0	0	0	0
1037	1091	1091	70	0.0641613	0.0641613
1038	1505	1505	669.8	0.44505	0.44505
1039	3289	3289	1671.9	0.508331	0.508331
1040	802	802	580.1	0.723317	0.723317
1041	1230	0	0	0	0
1042	5385	5271	2711.9	0.503603	0.514494
1043	4530	0	0	0	0
1044	56634	55628	27351.7	0.482955	0.491689
1045	30431	30238	16835	0.553219	0.55675
1046	1317	1317	1223.8	0.929233	0.929233
1047	1295	1295	632.5	0.488417	0.488417
1048	885	759	721.1	0.814802	0.950066
1049	1754	0	0	0	0
1050	1224	1224	0	0	0
1051	2060	2060	827.8	0.401845	0.401845
1052	1760	1331	2305.9	1.31017	1.73246
1053	2547	0	0	0	0
1054	1677	0	0	0	0
1055	943	943	176.1	0.186744	0.186744
1056	636	636	437.4	0.687736	0.687736
1057	968	968	69.5	0.0717975	0.0717975
1058	1035	1035	1410.8	1.36309	1.36309
1059	960	960	1706	1.77708	1.77708
1060	695	695	562.2	0.808921	0.808921
1061	651	651	508.5	0.781106	0.781106
1062	2642	2642	890.4	0.337017	0.337017
1063	805	805	1703	2.11553	2.11553
1064	578	0	0	0	0
1065	1883	1883	2080.9	1.1051	1.1051
1066	1166	995	412.8	0.354031	0.414874
1067	1611	0	0	0	0
1068	1021	1021	1015.3	0.994417	0.994417
1069	1395	1395	1427.8	1.02351	1.02351
1070	945	945	182.5	0.193122	0.193122
1071	731	0	0	0	0
1072	1113	1113	720	0.6469	0.6469
1073	689	689	407.8	0.591872	0.591872
1074	762	762	261.7	0.343438	0.343438
1075	874	0	0	0	0
1076	1497	1497	363.6	0.242886	0.242886
1077	642	0	0	0	0
1078	484	0	0	0	0
1079	631	631	378.4	0.599683	0.599683
1080	2447	2447	642	0.262362	0.262362
1081	488	488	512.1	1.04939	1.04939
1082	636	636	69	0.108491	0.108491
1083	490	490	0	0	0
1084	1411	1411	33216.1	23.5408	23.5408
1085	2296	2296	1553	0.676394	0.676394
1086	839	667	593.8	0.707747	0.890255
1087	1493	1493	972.9	0.651641	0.651641
1088	4452	4421	4200.3	0.943464	0.950079
1089	2218	2218	1684.5	0.759468	0.759468
1090	3895	3765	3062	0.786136	0.81328
1091	2040	2040	1186.6	0.581667	0.581667
1092	2568	604	375.1	0.146067	0.621026
1093	2351	2351	1332.6	0.566823	0.566823
1094	3184	0	0	0	0
1095	1619	1619	434.3	0.268252	0.268252
1096	2437	2437	624	0.256053	0.256053
1097	4354	0	0	0	0
1098	1645	1645	1766.9	1.0741	1.0741
1099	4145	4145	5240.9	1.26439	1.26439
1100	1662	0	0	0	0
1101	1320	1320	1503	1.13864	1.13864
1102	841	0	0	0	0
1103	878	878	99	0.112756	0.112756
1104	1482	0	0	0	0
1105	355	355	3.6	0.0101408	0.0101408
1106	642	642	141.6	0.220561	0.220561
1107	470	470	286.6	0.609787	0.609787
1108	1719	1604	817	0.475276	0.509352
1109	505	0	0	0	0
1110	831	0	0	0	0
1111	2211	187	0	0	0
1112	701	0	0	0	0
1113	816	339	466.8	0.572059	1.37699
1114	1360	1360	1212.3	0.891397	0.891397
1115	786	786	266.1	0.33855	0.33855
1116	601	420	0	0	0
1117	994	0	0	0	0
1118	718	718	788.3	1.09791	1.09791
1119	535	535	327.1	0.611402	0.611402
1120	443	443	192.9	0.43544	0.43544
1121	1165	1165	531.1	0.45588	0.45588
1122	1342	1342	364.9	0.271908	0.271908
1123	1306	1288	1017.6	0.779173	0.790062
1124	1000	1000	192.1	0.1921	0.1921
1125	609	609	643.6	1.05681	1.05681
1126	1173	1173	355.5	0.303069	0.303069
1127	835	835	0	0	0
1128	1020	970	661.1	0.648137	0.681546
1129	588	588	414	0.704082	0.704082
1130	583	583	483.7	0.829674	0.829674
1131	362	362	2875.2	7.94254	7.94254
1132	1001	1001	2343.7	2.34136	2.34136
1133	749	749	321.2	0.428838	0.428838
1134	1058	1058	880.9	0.832609	0.832609
1135	2556	2556	1395.2	0.545853	0.545853
1136	1017	1017	725.8	0.713668	0.713668
1137	941	941	1604.8	1.70542	1.70542
1138	1455	1455	12117	8.32784	8.32784
1139	686	686	952.2	1.38805	1.38805
1140	608	608	513.9	0.84523	0.84523
1141	2882	2882	1319.3	0.457772	0.457772
1142	499	499	261.7	0.524449	0.524449
1143	1089	1089	267.9	0.246006	0.246006
1144	2306	2248	2468.8	1.0706	1.09822
1145	1385	1385	452.7	0.326859	0.326859
1146	862	761	736.8	0.854756	0.9682
1147	1213	1213	329.3	0.271476	0.271476
1148	681	681	1240.2	1.82115	1.82115
1149	730	730	306.6	0.42	0.42
1150	416	416	275.8	0.662981	0.662981
1151	741	741	17681.8	23.8621	23.8621
1152	1016	1016	1583.5	1.55856	1.55856
1153	1974	935	0	0	0
1154	1975	1975	1486	0.752405	0.752405
1155	1006	1006	853	0.847913	0.847913
1156	656	0	0	0	0
1157	1267	1267	102.1	0.0805841	0.0805841
1158	1095	1095	920.7	0.840822	0.840822
1159	1606	1606	757.3	0.471544	0.471544
1160	1599	594	112.6	0.070419	0.189562
1161	585	585	430.6	0.736068	0.736068
1162	661	661	758.8	1.14796	1.14796
1163	934	934	2349	2.51499	2.51499
1164	869	869	772.5	0.888953	0.888953
1165	1069	1069	535.4	0.500842	0.500842
1166	2557	2557	1472.8	0.575987	0.575987
1167	1699	1699	775.6	0.456504	0.456504
1168	1017	1017	899.4	0.884366	0.884366
1169	434	130	39.6	0.0912442	0.304615
1170	667	667	261.7	0.392354	0.392354
1171	1913	1913	1564.8	0.817982	0.817982
1172	638	638	572.3	0.897022	0.897022
1173	865	865	1269.5	1.46763	1.46763
1174	797	797	69.1	0.0867001	0.0867001
1175	664	664	0	0	0
1176	1069	1069	1342.7	1.25603	1.25603
1177	2258	2258	455.1	0.20155	0.20155
1178	751	751	335.6	0.446871	0.446871
1179	1473	1473	445.5	0.302444	0.302444
1180	677	677	64.9	0.0958641	0.0958641
1181	885	885	874.1	0.987684	0.987684
1182	1123	1123	447.4	0.398397	0.398397
1183	981	981	171.1	0.174414	0.174414
1184	821	821	811.1	0.987942	0.987942
1185	1317	1137	364.7	0.276917	0.320756
1186	701	701	0	0	0
1187	1270	1270	1035.3	0.815197	0.815197
1188	691	691	337.4	0.488278	0.488278
1189	1054	1054	563.5	0.53463	0.53463
1190	1280	1115	633.9	0.495234	0.56852
1191	383	383	0	0	0
1192	745	745	323.1	0.433691	0.433691
1193	662	662	99	0.149547	0.149547
1194	722	679	0	0	0
1195	1105	1105	251.6	0.227692	0.227692
1196	1426	1426	1088.1	0.763043	0.763043
1197	970	970	1625.8	1.67608	1.67608
1198	540	540	1381.8	2.55889	2.55889
1199	512	512	458	0.894531	0.894531
1200	1683	1683	973.7	0.57855	0.57855
1201	796	796	630.9	0.792588	0.792588
1202	648	648	844.3	1.30293	1.30293
1203	1113	1113	703.8	0.632345	0.632345
1204	1292	1292	842.6	0.652167	0.652167
1205	1179	1179	232.6	0.197286	0.197286
1206	3378	1641	1154	0.341622	0.70323
1207	983	983	1613.3	1.6412	1.6412
1208	1035	1035	776.3	0.750048	0.750048
1209	1433	1433	771.6	0.538451	0.538451
1210	662	662	2929.2	4.42477	4.42477
1211	2424	2424	449	0.185231	0.185231
1212	675	675	695.8	1.03081	1.03081
1213	552	552	403.4	0.730797	0.730797
1214	879	879	1143.7	1.30114	1.30114
1215	850	850	1207.5	1.42059	1.42059
1216	851	851	709.3	0.83349	0.83349
1217	893	893	474.7	0.531579	0.531579
1218	649	649	333.9	0.514484	0.514484
1219	1218	1218	522.2	0.428736	0.428736
1220	944	944	4.3	0.00455508	0.00455508
1221	2003	1748	1952.6	0.974838	1.11705
1222	1335	1335	1440.5	1.07903	1.07903
1223	971	971	1550.3	1.5966	1.5966
1224	1262	1262	1023.1	0.810697	0.810697
1225	915	915	1189	1.29945	1.29945
1226	677	677	404.5	0.597489	0.597489
1227	886	886	85.7	0.0967269	0.0967269
1228	2086	2086	16697.2	8.00441	8.00441
1229	850	850	323.6	0.380706	0.380706
1230	2157	2157	809.6	0.375336	0.375336
1231	2338	2338	2418.1	1.03426	1.03426
1232	1672	1672	672.7	0.402333	0.402333
1233	2463	2463	2139.6	0.868697	0.868697
1234	946	946	549.4	0.580761	0.580761
1235	1462	1462	1350.5	0.923735	0.923735
1236	627	627	95.7	0.152632	0.152632
1237	1168	1168	833.5	0.713613	0.713613
1238	640	640	166.7	0.260469	0.260469
1239	408	408	286.8	0.702941	0.702941
1240	681	681	128.5	0.188693	0.188693
1241	4498	4498	5903.9	1.31256	1.31256
1242	1049	1049	3	0.00285987	0.00285987
1243	1033	1033	441	0.426912	0.426912
1244	1575	1575	384	0.24381	0.24381
1245	786	786	447	0.568702	0.568702
1246	679	159	127.8	0.188218	0.803774
1247	1964	1964	1556.4	0.792464	0.792464
1248	772	772	467.6	0.605699	0.605699
1249	432	432	308.9	0.715046	0.715046
1250	1457	1457	1785	1.22512	1.22512
1251	3467	3467	2923	0.843092	0.843092
1252	892	892	546.4	0.612556	0.612556
1253	1126	0	0	0	0
1254	1262	1262	95.7	0.075832	0.075832
1255	641	641	1038	1.61934	1.61934
1256	57302	57074	28788.3	0.502396	0.504403
1257	2872	2872	2540.8	0.88468	0.88468
1258	4786	4786	2329.5	0.486732	0.486732
1259	507	95	0	0	0
1260	4550	4550	1604.1	0.352549	0.352549
1261	7117	7003	4338.9	0.609653	0.619577
1262	13949	13802	13278.8	0.951954	0.962092
1263	774	774	667.1	0.861886	0.861886
1264	1041	1041	563.7	0.541499	0.541499
1265	1830	1830	1395.5	0.762568	0.762568
1266	1058	1058	615	0.581285	0.581285
1267	1923	1753	830.8	0.432033	0.47393
1268	839	839	485.8	0.579023	0.579023
1269	1469	1455	1278.8	0.870524	0.8789
1270	3122	3122	4626.1	1.48177	1.48177
1271	2441	2319	2939.5	1.20422	1.26757
1272	480	480	407	0.847917	0.847917
1273	4055	4055	1596.1	0.393613	0.393613
1274	982	982	516.3	0.525764	0.525764
1275	829	829	0	0	0
1276	2466	2466	2229	0.903893	0.903893
1277	614	614	111.4	0.181433	0.181433
1278	3562	3562	2304	0.646828	0.646828
1279	878	878	192.2	0.218907	0.218907
1280	938	938	694.7	0.740618	0.740618
1281	980	980	117.9	0.120306	0.120306
1282	505	505	795.8	1.57584	1.57584
1283	1583	1583	711.4	0.4494	0.4494
1284	922	922	722.3	0.783406	0.783406
1285	469	469	239	0.509595	0.509595
1286	709	709	0	0	0
1287	1170	1170	1661.6	1.42017	1.42017
1288	770	770	192.4	0.24987	0.24987
1289	983	983	1085.1	1.10387	1.10387
1290	469	280	372.3	0.793817	1.32964
1291	1252	1252	69	0.0551118	0.0551118
1292	1429	1429	1317.4	0.921903	0.921903
1293	686	0	0	0	0
1294	444	444	1010.2	2.27523	2.27523
1295	600	297	0	0	0
1296	481	481	959.1	1.99397	1.99397
1297	457	457	297.4	0.650766	0.650766
1298	702	702	0	0	0
1299	586	586	476.3	0.812799	0.812799
1300	711	711	578.1	0.81308	0.81308
1301	835	835	0	0	0
1302	1760	1661	317.7	0.180511	0.19127
1303	1942	1942	1188.6	0.612049	0.612049
1304	1535	1535	1500.7	0.977655	0.977655
1305	710	710	69	0.0971831	0.0971831
1306	912	912	1237.4	1.3568	1.3568
1307	930	930	1088.1	1.17	1.17
1308	972	972	865.5	0.890432	0.890432
1309	604	604	0	0	0
1310	332	332	113	0.340361	0.340361
1311	1381	311	0	0	0
1312	866	866	430	0.496536	0.496536
1313	561	561	60.7	0.1082	0.1082
1314	1071	1071	659.6	0.615873	0.615873
1315	868	868	717.7	0.826843	0.826843
1316	1916	1916	784.6	0.409499	0.409499
1317	1059	1059	34.7	0.0327668	0.0327668
1318	1423	1423	1080.1	0.75903	0.75903
1319	367	0	0	0	0
1320	2573	2573	8499.1	3.30319	3.30319
1321	2804	2804	1865.3	0.665228	0.665228
1322	979	979	308.2	0.314811	0.314811
1323	1558	1558	1608.1	1.03216	1.03216
1324	1426	1426	391.7	0.274684	0.274684
1325	1201	1201	334.8	0.278768	0.278768
1326	957	957	591.9	0.618495	0.618495
1327	872	872	0	0	0
1328	1710	1675	1674.1	0.979006	0.999463
1329	823	823	728.6	0.885298	0.885298
1330	519	519	123.1	0.237187	0.237187
1331	1692	1692	765.2	0.452246	0.452246
1332	569	569	933	1.63972	1.63972
1333	977	977	0	0	0
1334	770	770	288.5	0.374675	0.374675
1335	712	571	98.4	0.138202	0.172329
1336	1006	1006	377.3	0.37505	0.37505
1337	667	667	697.8	1.04618	1.04618
1338	2593	2593	1571.5	0.606055	0.606055
1339	793	793	453.3	0.571627	0.571627
1340	1362	1255	995.4	0.730837	0.793147
1341	1637	1637	682.9	0.417166	0.417166
1342	983	983	0	0	0
1343	1357	1357	411.5	0.303242	0.303242
1344	2678	2542	3954.8	1.47677	1.55578
1345	1325	814	430.8	0.325132	0.529238
1346	1425	1425	847.8	0.594947	0.594947
1347	1914	1914	1973.8	1.03124	1.03124
1348	813	813	22.3	0.0274293	0.0274293
1349	1478	0	0	0	0
1350	579	579	0	0	0
1351	586	586	209.6	0.357679	0.357679
1352	514	514	0	0	0
1353	426	426	340.3	0.798826	0.798826
1354	1253	1253	79.1	0.0631285	0.0631285
1355	1637	1637	1239	0.756872	0.756872
1356	27839	27746	14318.5	0.514332	0.516056
1357	410	410	156.9	0.382683	0.382683
1358	2154	2154	571.5	0.26532	0.26532
1359	750	750	39478.2	52.6376	52.6376
1360	622	622	62.1	0.0998392	0.0998392
1361	1467	1467	1630.6	1.11152	1.11152
1362	1094	796	133.2	0.121755	0.167337
1363	1617	1411	525.4	0.324923	0.37236
1364	770	770	470.7	0.611299	0.611299
1365	565	565	155.3	0.274867	0.274867
1366	1087	1087	365.3	0.336063	0.336063
1367	3365	3365	2381.6	0.707756	0.707756
1368	1111	1111	665.6	0.5991	0.5991
1369	853	853	177	0.207503	0.207503
1370	1329	1192	205.6	0.154703	0.172483
1371	696	696	256.9	0.369109	0.369109
1372	867	867	767	0.88466	0.88466
1373	2151	2022	233	0.108322	0.115232
1374	1543	1543	69	0.0447181	0.0447181
1375	1199	1199	329.7	0.274979	0.274979
1376	665	665	287.9	0.432932	0.432932
1377	797	797	272.6	0.342033	0.342033
1378	1095	1095	1668.4	1.52365	1.52365
1379	1112	1112	700.6	0.630036	0.630036
1380	1540	1540	379.5	0.246429	0.246429
1381	1467	1467	1250.6	0.852488	0.852488
1382	890	890	568.3	0.638539	0.638539
1383	585	585	245.6	0.419829	0.419829
1384	674	674	310.5	0.460682	0.460682
1385	1066	1066	595.2	0.558349	0.558349
1386	665	223	106.8	0.160602	0.478924
1387	614	614	240.6	0.391857	0.391857
1388	497	497	395.5	0.795775	0.795775
1389	1251	1251	879.7	0.703197	0.703197
1390	401	401	808.2	2.01546	2.01546
1391	793	793	752.3	0.948676	0.948676
1392	281	281	270.1	0.96121	0.96121
1393	4809	4809	1699.7	0.353441	0.353441
1394	2028	0	0	0	0
1395	1771	1769	1511.7	0.853586	0.854551
1396	1752	1752	1176.4	0.671461	0.671461
1397	2050	2050	2003.7	0.977415	0.977415
1398	633	633	69	0.109005	0.109005
1399	2203	2203	1692.5	0.768271	0.768271
1400	1167	1026	553.8	0.47455	0.539766
1401	2160	857	68	0.0314815	0.0793466
1402	1292	1292	1025	0.793344	0.793344
1403	1574	1574	1292.1	0.820902	0.820902
1404	919	919	1016.5	1.10609	1.10609
1405	3144	3144	2331.9	0.741698	0.741698
1406	936	0	0	0	0
1407	1486	274	327.3	0.220256	1.19453
1408	752	752	192.7	0.25625	0.25625
1409	645	645	537.9	0.833953	0.833953
1410	1113	1113	616.9	0.554268	0.554268
1411	1325	1325	628.6	0.474415	0.474415
1412	1234	1234	674.4	0.546515	0.546515
1413	2007	2007	1153.6	0.574788	0.574788
1414	881	0	0	0	0
1415	1425	1425	433.3	0.30407	0.30407
1416	362	362	0	0	0
1417	771	771	1236.7	1.60402	1.60402
1418	649	649	706.5	1.0886	1.0886
1419	927	891	1063.5	1.14725	1.1936
1420	1012	885	370.8	0.366403	0.418983
1421	803	785	589.3	0.733873	0.750701
1422	2578	2578	454.2	0.176183	0.176183
1423	3847	3474	1078.9	0.280452	0.310564
1424	1124	1124	380.3	0.338345	0.338345
1425	1237	1237	82.9	0.067017	0.067017
1426	3657	3657	2054.9	0.561909	0.561909
1427	1627	1627	1295.5	0.796251	0.796251
1428	817	817	605.2	0.740759	0.740759
1429	1553	1553	1542	0.992917	0.992917
1430	1475	1475	411.6	0.279051	0.279051
1431	1091	1091	1028.3	0.94253	0.94253
1432	521	521	412.5	0.791747	0.791747
1433	1123	1123	622.2	0.554052	0.554052
1434	790	790	448.3	0.567468	0.567468
1435	450	450	118.3	0.262889	0.262889
1436	371	0	0	0	0
1437	994	994	938.7	0.944366	0.944366
1438	1351	1351	1789.3	1.32443	1.32443
1439	2247	2247	1959.6	0.872096	0.872096
1440	1107	1107	897.4	0.810659	0.810659
1441	641	641	248.5	0.387676	0.387676
1442	2088	2088	1775.3	0.850239	0.850239
1443	768	768	3.5	0.00455729	0.00455729
1444	561	561	97.5	0.173797	0.173797
1445	645	645	603.7	0.935969	0.935969
1446	1231	1231	893.2	0.725589	0.725589
1447	1630	0	0	0	0
1448	1384	1384	1209.6	0.873988	0.873988
1449	5662	5662	2812.2	0.49668	0.49668
1450	966	966	795.3	0.823292	0.823292
1451	1409	991	396.7	0.281547	0.400303
1452	710	710	498.2	0.70169	0.70169
1453	665	665	66.8	0.100451	0.100451
1454	1136	1000	599.9	0.528081	0.5999
1455	1057	1057	285	0.269631	0.269631
1456	385	385	69	0.179221	0.179221
1457	1865	267	0	0	0
1458	874	874	457	0.522883	0.522883
1459	2917	2917	2194.6	0.752348	0.752348
1460	1606	1606	1049.1	0.653238	0.653238
1461	488	488	577.6	1.18361	1.18361
1462	1063	1063	963.6	0.906491	0.906491
1463	1235	1235	726.9	0.588583	0.588583
1464	1061	1061	165.5	0.155985	0.155985
1465	1073	973	4980.2	4.64138	5.1184
1466	1665	1665	521.7	0.313333	0.313333
1467	1628	1500	1700.4	1.04447	1.1336
1468	1598	1598	1177.9	0.737109	0.737109
1469	312	312	147.1	0.471474	0.471474
1470	2442	2442	2674.3	1.09513	1.09513
1471	548	548	314.7	0.57427	0.57427
1472	509	509	601.9	1.18251	1.18251
1473	1946	1946	1835.9	0.943422	0.943422
1474	1645	1645	1606.8	0.976778	0.976778
1475	1803	1803	1794.8	0.995452	0.995452
1476	1020	965	2577	2.52647	2.67047
1477	929	929	642.4	0.691496	0.691496
1478	926	926	261.2	0.282073	0.282073
1479	1980	1980	1013.5	0.511869	0.511869
1480	1098	1098	657.7	0.598998	0.598998
1481	983	983	904.5	0.920142	0.920142
1482	878	878	702.9	0.800569	0.800569
1483	786	786	676	0.860051	0.860051
1484	396	396	103.7	0.261869	0.261869
1485	699	699	5203.9	7.44478	7.44478
1486	608	608	259	0.425987	0.425987
1487	1152	1013	69.4	0.0602431	0.0685094
1488	1318	1318	931	0.706373	0.706373
1489	1021	1021	229.9	0.225171	0.225171
1490	1175	1175	522.1	0.44434	0.44434
1491	1150	1150	174.2	0.151478	0.151478
1492	1179	1179	1597	1.35454	1.35454
1493	1059	1059	1159.2	1.09462	1.09462
1494	1595	1595	338.7	0.212351	0.212351
1495	1003	1003	1392.4	1.38824	1.38824
1496	523	523	83	0.1587	0.1587
1497	1433	1433	139.4	0.0972784	0.0972784
1498	601	601	4284.6	7.12912	7.12912
1499	771	771	77.1	0.1	0.1
1500	2798	2798	0	0	0
1501	418	418	293.1	0.701196	0.701196
1502	1180	1180	1081	0.916102	0.916102
1503	1174	1174	1022.2	0.870698	0.870698
1504	858	858	1092	1.27273	1.27273
1505	610	610	260.3	0.426721	0.426721
1506	1136	1136	455.1	0.400616	0.400616
1507	583	583	65	0.111492	0.111492
1508	838	838	1211.1	1.44523	1.44523
1509	1465	1465	1636.6	1.11713	1.11713
1510	1001	1001	279	0.278721	0.278721
1511	1173	1173	636.8	0.542882	0.542882
1512	1315	0	0	0	0
1513	1008	1008	859.2	0.852381	0.852381
1514	1382	1382	708.4	0.51259	0.51259
1515	1143	1143	699.3	0.611811	0.611811
1516	1607	1607	778.4	0.484381	0.484381
1517	4524	4524	76189.5	16.8412	16.8412
1518	881	881	385.4	0.437457	0.437457
1519	1204	1204	3979.2	3.30498	3.30498
1520	747	747	127.1	0.170147	0.170147
1521	618	618	515.3	0.833819	0.833819
1522	523	523	1458.3	2.78834	2.78834
1523	1158	1158	453.1	0.391278	0.391278
1524	1137	1137	1322.3	1.16297	1.16297
1525	957	957	8828.1	9.22476	9.22476
1526	769	769	114.4	0.148765	0.148765
1527	737	737	474.1	0.643284	0.643284
1528	1152	1152	329.9	0.286372	0.286372
1529	758	758	514	0.6781	0.6781
1530	700	700	1132.5	1.61786	1.61786
1531	616	616	782.1	1.26964	1.26964
1532	1266	1266	1271.1	1.00403	1.00403
1533	1392	1392	1617	1.16164	1.16164
1534	1023	1023	1492.1	1.45855	1.45855
1535	800	800	390	0.4875	0.4875
1536	557	557	453	0.813285	0.813285
1537	599	599	283.7	0.473623	0.473623
1538	1524	1524	291.1	0.19101	0.19101
1539	966	966	1012.8	1.04845	1.04845
1540	417	417	809.4	1.94101	1.94101
1541	1470	1413	731.7	0.497755	0.517834
1542	1260	1260	900	0.714286	0.714286
1543	1023	1023	1173.8	1.14741	1.14741
1544	1623	0	0	0	0
1545	846	846	578.5	0.683806	0.683806
1546	1109	1109	1224.1	1.10379	1.10379
1547	1159	0	0	0	0
1548	736	736	326.8	0.444022	0.444022
1549	634	0	0	0	0
1550	823	823	0	0	0
1551	829	829	805	0.971049	0.971049
1552	826	826	616.6	0.746489	0.746489
1553	1105	989	251.3	0.227421	0.254095
1554	746	545	76.6	0.102681	0.14055
1555	1041	1041	112.9	0.108453	0.108453
1556	1212	1212	521.8	0.430528	0.430528
1557	809	809	770.6	0.952534	0.952534
1558	872	872	901.7	1.03406	1.03406
1559	1383	1383	1473.1	1.06515	1.06515
1560	1151	1151	267.6	0.232493	0.232493
1561	764	764	1056.8	1.38325	1.38325
1562	921	921	192.1	0.208578	0.208578
1563	1038	1038	1369	1.31888	1.31888
1564	439	439	5.6	0.0127563	0.0127563
1565	1660	1660	1037.8	0.625181	0.625181
1566	783	705	832.1	1.06271	1.18028
1567	1308	1308	771.4	0.589755	0.589755
1568	996	996	960.8	0.964659	0.964659
1569	877	0	0	0	0
1570	896	896	980.4	1.0942	1.0942
1571	698	618	540.2	0.773926	0.87411
1572	1166	1166	745.9	0.639708	0.639708
1573	1253	1253	1247.6	0.99569	0.99569
1574	2745	2745	1822.1	0.663789	0.663789
1575	834	834	781.3	0.936811	0.936811
1576	1808	1808	410.1	0.226825	0.226825
1577	1375	1375	681.8	0.495855	0.495855
1578	915	915	400.3	0.437486	0.437486
1579	853	853	1380.1	1.61794	1.61794
1580	1392	1392	1843.9	1.32464	1.32464
1581	1693	1693	1079.8	0.637803	0.637803
1582	1698	1394	773.7	0.455654	0.555022
1583	1735	1735	7648.6	4.40841	4.40841
1584	1216	1216	889.3	0.731332	0.731332
1585	1975	1975	1029.2	0.521114	0.521114
1586	598	598	69	0.115385	0.115385
1587	446	446	1556	3.48879	3.48879
1588	479	479	91.3	0.190605	0.190605
1589	804	804	517.1	0.643159	0.643159
1590	1291	1291	657.8	0.509527	0.509527
1591	704	704	235.4	0.334375	0.334375
1592	1634	1634	955.3	0.584639	0.584639
1593	4099	4099	3564.9	0.8697	0.8697
1594	1295	1295	1232.2	0.951506	0.951506
1595	1563	355	0	0	0
1596	2475	2475	1915.4	0.773899	0.773899
1597	2754	2740	2776.9	1.00832	1.01347
1598	802	0	0	0	0
1599	711	359	130.2	0.183122	0.362674
1600	1051	1051	712.8	0.678211	0.678211
1601	815	815	893	1.09571	1.09571
1602	1016	1016	232.2	0.228543	0.228543
1603	345	345	31.9	0.0924638	0.0924638
1604	911	911	295.4	0.324259	0.324259
1605	1012	1012	506.7	0.500692	0.500692
1606	828	828	507.9	0.613406	0.613406
1607	1387	1387	1322.1	0.953208	0.953208
1608	811	811	1194.6	1.473	1.473
1609	1068	1068	973.5	0.911517	0.911517
1610	1109	1109	370.3	0.333904	0.333904
1611	1068	1068	840.5	0.786985	0.786985
1612	822	822	514.4	0.625791	0.625791
1613	718	0	0	0	0
1614	2725	2725	1640	0.601835	0.601835
1615	1816	0	0	0	0
1616	597	0	0	0	0
1617	1429	1429	1875.3	1.31232	1.31232
1618	2479	2256	1187.5	0.479024	0.526374
1619	11055	10513	6843.3	0.619023	0.650937
1620	595	0	0	0	0
1621	803	803	406.7	0.506476	0.506476
1622	2415	2415	1900.4	0.786915	0.786915
1623	3294	3294	1634.5	0.496205	0.496205
1624	1575	0	0	0	0
1625	725	725	894.1	1.23324	1.23324
1626	575	575	138	0.24	0.24
1627	2943	2943	1291.5	0.438838	0.438838
1628	5342	5342	2303.8	0.431262	0.431262
1629	5860	5764	39268.5	6.70111	6.81272
1630	425	425	46.1	0.108471	0.108471
1631	4135	4135	1430.1	0.345852	0.345852
1632	465	465	508.7	1.09398	1.09398
1633	831	215	0	0	0
1634	3432	3432	5245.4	1.52838	1.52838
1635	1222	1222	1102.1	0.901882	0.901882
1636	1141	1141	577.3	0.50596	0.50596
1637	1916	1916	736.7	0.384499	0.384499
1638	929	929	355.6	0.382777	0.382777
1639	481	481	313.5	0.651767	0.651767
1640	954	954	477.7	0.500734	0.500734
1641	1620	1620	780.8	0.481975	0.481975
1642	782	782	901.5	1.15281	1.15281
1643	644	644	384.1	0.596429	0.596429
1644	1084	1084	477.7	0.440683	0.440683
1645	1077	426	786.3	0.730084	1.84577
1646	548	548	0	0	0
1647	849	849	591	0.696113	0.696113
1648	2341	2287	1671.4	0.713968	0.730826
1649	834	834	138	0.165468	0.165468
1650	565	565	509.3	0.901416	0.901416
1651	644	644	1065.8	1.65497	1.65497
1652	2469	2103	869.6	0.352207	0.413505
1653	1035	1035	384.5	0.371498	0.371498
1654	501	501	437.9	0.874052	0.874052
1655	468	468	69	0.147436	0.147436
1656	1096	1096	1761.9	1.60757	1.60757
1657	960	960	70.9	0.0738542	0.0738542
1658	308	308	0	0	0
1659	681	681	179.9	0.26417	0.26417
1660	1031	1031	385.1	0.373521	0.373521
1661	640	640	543.5	0.849219	0.849219
1662	374	374	893.4	2.38877	2.38877
1663	1367	1367	714.1	0.522385	0.522385
1664	990	818	214.2	0.216364	0.261858
1665	690	690	451.6	0.654493	0.654493
1666	1071	1071	69.7	0.0650794	0.0650794
1667	789	789	474.9	0.601901	0.601901
1668	1120	785	151.4	0.135179	0.192866
1669	995	995	647.6	0.650854	0.650854
1670	926	926	884.9	0.955616	0.955616
1671	1387	1387	767.8	0.553569	0.553569
1672	2509	1710	434.9	0.173336	0.254327
1673	1290	981	577.2	0.447442	0.588379
1674	587	587	551.3	0.939182	0.939182
1675	494	494	648.2	1.31215	1.31215
1676	751	0	0	0	0
1677	678	678	267.7	0.394838	0.394838
1678	456	456	128.9	0.282675	0.282675
1679	922	380	400	0.433839	1.05263
1680	1535	1535	164.3	0.107036	0.107036
1681	2153	2153	1508.4	0.700604	0.700604
1682	1022	1022	379.9	0.371722	0.371722
1683	572	572	1061.1	1.85507	1.85507
1684	1150	1150	0	0	0
1685	1026	0	0	0	0
1686	773	773	104.1	0.13467	0.13467
1687	837	837	192.1	0.22951	0.22951
1688	906	906	109.5	0.120861	0.120861
1689	587	587	127.6	0.217376	0.217376
1690	639	605	0	0	0
1691	428	428	270.6	0.632243	0.632243
1692	4631	0	0	0	0
1693	1311	1311	757.8	0.578032	0.578032
1694	1068	1068	504	0.47191	0.47191
1695	969	969	828.9	0.855418	0.855418
1696	1155	1155	1418.3	1.22797	1.22797
1697	1090	1090	585	0.536697	0.536697
1698	1447	1447	28182.7	19.4766	19.4766
1699	1578	808	690.5	0.437579	0.854579
1700	1838	1838	589.4	0.320675	0.320675
1701	991	991	2003.1	2.02129	2.02129
1702	764	764	69	0.0903141	0.0903141
1703	918	918	1751.4	1.90784	1.90784
1704	1315	1315	1507.9	1.14669	1.14669
1705	505	281	0	0	0
1706	2140	1922	2430.9	1.13593	1.26478
1707	578	578	693.8	1.20035	1.20035
1708	366	366	3005.9	8.21284	8.21284
1709	622	622	447.4	0.719293	0.719293
1710	599	599	747.5	1.24791	1.24791
1711	1097	1097	11242.7	10.2486	10.2486
1712	602	463	0	0	0
1713	1652	1652	684.3	0.414225	0.414225
1714	3963	3963	56578.1	14.2766	14.2766
1715	1671	1671	1816.5	1.08707	1.08707
1716	1580	1456	1428	0.903797	0.980769
1717	2018	2018	1171.5	0.580525	0.580525
1718	742	742	351.3	0.47345	0.47345
1719	1496	1496	1430.8	0.956417	0.956417
1720	1023	1023	193.2	0.188856	0.188856
1721	1116	1116	300.9	0.269624	0.269624
1722	766	766	743.7	0.970888	0.970888
1723	1156	1156	196.3	0.16981	0.16981
1724	1771	1771	667.3	0.376793	0.376793
1725	1152	1152	744.3	0.646094	0.646094
1726	1229	1229	605.6	0.492758	0.492758
1727	1178	1178	759.1	0.644397	0.644397
1728	1132	1132	1583.2	1.39859	1.39859
1729	1073	1073	225.8	0.210438	0.210438
1730	1373	1373	699.7	0.509614	0.509614
1731	862	862	122.3	0.141879	0.141879
1732	605	605	755.6	1.24893	1.24893
1733	591	591	260.3	0.44044	0.44044
1734	524	524	486	0.927481	0.927481
1735	1309	1192	676.8	0.517036	0.567785
1736	525	525	192.2	0.366095	0.366095
1737	987	987	383.4	0.38845	0.38845
1738	1938	1938	1180.4	0.609082	0.609082
1739	2410	2410	956.9	0.397054	0.397054
1740	398	398	157.2	0.394975	0.394975
1741	982	982	1277.8	1.30122	1.30122
1742	4772	4772	3586.9	0.751655	0.751655
1743	2471	2381	1889.3	0.764589	0.79349
1744	8227	8227	4046.2	0.49182	0.49182
1745	7889	7889	3682	0.466726	0.466726
1746	6854	6721	3169.5	0.462431	0.471582
1747	9747	9688	6742	0.6917	0.695912
1748	1179	1179	632.1	0.536132	0.536132
1749	1787	1787	1688.4	0.944824	0.944824
1750	2497	2497	1456.1	0.58314	0.58314
1751	690	690	753.3	1.09174	1.09174
1752	1737	1737	1939	1.11629	1.11629
1753	971	971	723.6	0.745211	0.745211
1754	774	774	776.7	1.00349	1.00349
1755	634	634	34.8	0.0548896	0.0548896
1756	2250	2250	522.6	0.232267	0.232267
1757	1128	1128	767.8	0.680674	0.680674
1758	396	396	11.1	0.0280303	0.0280303
1759	557	557	664.8	1.19354	1.19354
1760	935	935	768	0.82139	0.82139
1761	892	892	5244.2	5.87915	5.87915
1762	1190	1190	861	0.723529	0.723529
1763	1452	1452	1181.5	0.813705	0.813705
1764	951	951	296.5	0.311777	0.311777
1765	632	632	144.3	0.228323	0.228323
1766	620	620	11	0.0177419	0.0177419
1767	1631	1631	1304.2	0.799632	0.799632
1768	1154	1154	584.2	0.506239	0.506239
1769	716	716	367.7	0.513547	0.513547
1770	1648	1648	1355.1	0.822269	0.822269
1771	4522	0	0	0	0
1772	8724	8724	5985.5	0.686096	0.686096
1773	11234	11200	6508.4	0.579348	0.581107
1774	986	986	607.4	0.616024	0.616024
1775	9737	9689	5003.9	0.513906	0.516452
1776	1607	1607	7149.6	4.44904	4.44904
1777	717	717	192.6	0.268619	0.268619
1778	930	930	1048.5	1.12742	1.12742
1779	1110	1110	1222.9	1.10171	1.10171
1780	866	866	257.7	0.297575	0.297575
1781	400	400	301.9	0.75475	0.75475
1782	836	815	1009.2	1.20718	1.23828
1783	689	689	486.1	0.705515	0.705515
1784	888	888	10544.8	11.8748	11.8748
1785	694	694	47.5	0.0684438	0.0684438
1786	1378	1378	69	0.0500726	0.0500726
1787	989	989	220.5	0.222952	0.222952
1788	722	532	13.1	0.018144	0.0246241
1789	930	836	679.9	0.731075	0.813278
1790	553	553	362	0.654611	0.654611
1791	794	794	798.7	1.00592	1.00592
1792	1568	0	0	0	0
1793	1923	1923	408.4	0.212376	0.212376
1794	729	729	1633.5	2.24074	2.24074
1795	687	687	82.4	0.119942	0.119942
1796	1013	1013	860.3	0.84926	0.84926
1797	662	662	515.6	0.778852	0.778852
1798	1184	1184	494.6	0.417736	0.417736
1799	2357	2357	1179.4	0.500382	0.500382
1800	1222	1222	246.3	0.201555	0.201555
1801	755	755	390.1	0.516689	0.516689
1802	940	746	0	0	0
1803	1184	1184	3074	2.59628	2.59628
1804	976	976	257.1	0.263422	0.263422
1805	1432	1432	1621.8	1.13254	1.13254
1806	2814	2814	687.1	0.244172	0.244172
1807	1237	1237	293.6	0.237348	0.237348
1808	1570	1570	1377.1	0.877134	0.877134
1809	1517	1517	642.2	0.423336	0.423336
1810	1158	1158	604.3	0.521848	0.521848
1811	484	484	96.5	0.19938	0.19938
1812	833	833	436.7	0.52425	0.52425
1813	1617	1617	1295	0.800866	0.800866
1814	1132	1132	682.2	0.60265	0.60265
1815	1080	0	0	0	0
1816	675	675	192.9	0.285778	0.285778
1817	453	453	606	1.33775	1.33775
1818	1210	1117	810.4	0.669752	0.725515
1819	635	635	664.5	1.04646	1.04646
1820	508	508	444.8	0.875591	0.875591
1821	759	0	0	0	0
1822	1207	1207	232.7	0.192792	0.192792
1823	1460	0	0	0	0
1824	989	989	1834.8	1.85521	1.85521
1825	675	0	0	0	0
1826	1229	1229	386.5	0.314483	0.314483
1827	638	0	0	0	0
1828	673	673	539.5	0.801634	0.801634
1829	950	0	0	0	0
1830	903	731	93.8	0.103876	0.128317
1831	503	442	221.6	0.440557	0.501357
1832	1688	1688	1018.5	0.603377	0.603377
1833	303	0	0	0	0
1834	779	0	0	0	0
1835	728	728	189.8	0.260714	0.260714
1836	1391	1391	127.7	0.0918045	0.0918045
1837	986	0	0	0	0
1838	1018	0	0	0	0
1839	3699	3699	2552	0.689916	0.689916
1840	403	0	0	0	0
1841	1262	1262	436.7	0.346038	0.346038
1842	1440	1440	970.7	0.674097	0.674097
1843	865	865	377.5	0.436416	0.436416
1844	1609	1609	1191.1	0.740273	0.740273
1845	1948	1948	1251.1	0.642248	0.642248
1846	686	686	2138.7	3.11764	3.11764
1847	498	498	91.9	0.184538	0.184538
1848	1841	75	0	0	0
1849	329	329	403.6	1.22675	1.22675
1850	925	925	226.4	0.244757	0.244757
1851	745	745	332	0.445638	0.445638
1852	768	768	880.8	1.14688	1.14688
1853	1272	264	46.2	0.0363208	0.175
1854	624	624	1086.1	1.74054	1.74054
1855	520	520	260.9	0.501731	0.501731
1856	503	503	16.5	0.0328032	0.0328032
1857	1076	1076	730.5	0.678903	0.678903
1858	974	0	0	0	0
1859	685	685	473	0.690511	0.690511
1860	879	0	0	0	0
1861	1177	1177	1094.1	0.929567	0.929567
1862	829	829	616.1	0.743185	0.743185
1863	763	763	598.2	0.78401	0.78401
1864	764	764	516.1	0.675524	0.675524
1865	455	455	192.2	0.422418	0.422418
1866	911	911	384.4	0.421954	0.421954
1867	1142	1142	469.3	0.410946	0.410946
1868	856	0	0	0	0
1869	1119	1119	1094.9	0.978463	0.978463
1870	814	0	0	0	0
1871	798	798	819.5	1.02694	1.02694
1872	1023	1023	939.5	0.918377	0.918377
1873	577	0	0	0	0
1874	834	834	1154.6	1.38441	1.38441
1875	1431	1431	1328.9	0.928651	0.928651
1876	1947	1947	457.4	0.234926	0.234926
1877	599	599	133.3	0.222538	0.222538
1878	895	895	0	0	0
1879	633	633	744.5	1.17615	1.17615
1880	835	0	0	0	0
1881	2211	2211	1914	0.865672	0.865672
1882	1191	1110	719.4	0.60403	0.648108
1883	966	966	547.1	0.566356	0.566356
1884	381	381	0	0	0
1885	880	880	404.8	0.46	0.46
1886	895	895	255.6	0.285587	0.285587
1887	1903	1903	14313.1	7.52133	7.52133
1888	2092	2092	454	0.217017	0.217017
1889	693	693	166.8	0.240693	0.240693
1890	594	594	239.9	0.403872	0.403872
1891	1199	1199	556.2	0.463887	0.463887
1892	474	474	138.5	0.292194	0.292194
1893	1444	1444	1904.6	1.31898	1.31898
1894	896	896	707.5	0.789621	0.789621
1895	545	545	736.8	1.35193	1.35193
1896	1118	1118	767.8	0.686762	0.686762
1897	2284	0	0	0	0
1898	929	929	703	0.756728	0.756728
1899	803	764	886.6	1.10411	1.16047
1900	1030	1030	323.2	0.313786	0.313786
1901	1314	1314	339.7	0.258524	0.258524
1902	2306	2306	2123.1	0.920685	0.920685
1903	661	93	0	0	0
1904	577	577	951.8	1.64957	1.64957
1905	1406	1406	545.5	0.38798	0.38798
1906	1002	1002	298.3	0.297705	0.297705
1907	847	847	85.7	0.101181	0.101181
1908	993	993	99.4	0.100101	0.100101
1909	330	330	51.1	0.154848	0.154848
1910	840	840	69	0.0821429	0.0821429
1911	909	909	792	0.871287	0.871287
1912	657	657	133.8	0.203653	0.203653
1913	362	362	363.3	1.00359	1.00359
1914	490	490	111	0.226531	0.226531
1915	351	0	0	0	0
1916	850	850	463.4	0.545176	0.545176
1917	1005	1005	643.3	0.6401	0.6401
1918	2187	2187	638.2	0.291815	0.291815
1919	918	918	767.9	0.836492	0.836492
1920	1102	473	284.8	0.258439	0.602114
1921	2379	2183	1198.9	0.503951	0.549198
1922	1316	1316	927.3	0.704635	0.704635
1923	684	684	342.2	0.500292	0.500292
1924	372	372	449.3	1.2078	1.2078
1925	1578	0	0	0	0
1926	674	674	326.4	0.484273	0.484273
1927	1169	1169	81.4	0.0696322	0.0696322
1928	1913	1913	1544.6	0.807423	0.807423
1929	2819	2819	1533.1	0.543845	0.543845
1930	1106	1106	591	0.534358	0.534358
1931	1357	1357	834.3	0.614812	0.614812
1932	937	937	655.8	0.699893	0.699893
1933	767	767	80.5	0.104954	0.104954
1934	1097	1097	1392	1.26892	1.26892
1935	2608	2586	1714.9	0.657554	0.663148
1936	554	554	154.2	0.278339	0.278339
1937	1590	1590	579.9	0.364717	0.364717
1938	806	806	580.9	0.72072	0.72072
1939	643	643	261.4	0.406532	0.406532
1940	1776	1776	339.1	0.190935	0.190935
1941	1490	1490	771.8	0.517987	0.517987
1942	527	527	0	0	0
1943	1283	1283	645.1	0.502806	0.502806
1944	1659	1659	208.4	0.125618	0.125618
1945	589	589	260.1	0.441596	0.441596
1946	436	436	200.1	0.458945	0.458945
1947	493	493	906.4	1.83854	1.83854
1948	1703	1703	1014.3	0.595596	0.595596
1949	1072	1072	709.1	0.661474	0.661474
1950	1875	0	0	0	0
1951	1336	1252	629.1	0.470883	0.502476
1952	1648	1410	900	0.546117	0.638298
1953	827	827	323	0.390568	0.390568
1954	1068	1068	1092.9	1.02331	1.02331
1955	1821	1821	782.5	0.429709	0.429709
1956	18274	18274	19718.9	1.07907	1.07907
1957	2299	2299	2365.7	1.02901	1.02901
1958	9066	9066	5131.2	0.565983	0.565983
1959	4622	4622	2591.5	0.560688	0.560688
1960	3593	3593	929.5	0.258697	0.258697
1961	2558	2558	847.4	0.331274	0.331274
1962	2524	1203	3148.5	1.24742	2.61721
1963	770	770	430.3	0.558831	0.558831
1964	1187	1187	1511.9	1.27372	1.27372
1965	689	689	21553.9	31.2829	31.2829
1966	1807	1807	1464.2	0.810293	0.810293
1967	1246	1246	676.5	0.542937	0.542937
1968	667	596	17.1	0.0256372	0.0286913
1969	1508	1508	320.2	0.212334	0.212334
1970	463	463	13.6	0.0293737	0.0293737
1971	1325	1325	1313.9	0.991623	0.991623
1972	400	400	110.8	0.277	0.277
1973	736	736	69.6	0.0945652	0.0945652
1974	843	843	479.4	0.568683	0.568683
1975	1301	1301	1372.3	1.0548	1.0548
1976	1488	1488	1710.7	1.14966	1.14966
1977	2122	2122	1734.6	0.817436	0.817436
1978	478	478	0	0	0
1979	1270	1270	1054.4	0.830236	0.830236
1980	819	819	310	0.37851	0.37851
1981	1208	1208	582.8	0.48245	0.48245
1982	889	889	576.3	0.648256	0.648256
1983	815	815	272.9	0.334847	0.334847
1984	468	468	384	0.820513	0.820513
1985	854	854	604.6	0.707963	0.707963
1986	520	520	776.4	1.49308	1.49308
1987	1073	1073	0	0	0
1988	431	431	0	0	0
1989	1184	1184	669.3	0.565287	0.565287
1990	1534	1534	1051.6	0.685528	0.685528
1991	621	621	242.6	0.39066	0.39066
1992	1211	1211	484.8	0.40033	0.40033
1993	521	521	0	0	0
1994	309	259	359.7	1.16408	1.3888
1995	2145	2080	320.4	0.149371	0.154038
1996	1236	931	200.4	0.162136	0.215252
1997	968	968	50.7	0.052376	0.052376
1998	1577	1577	1979.3	1.2551	1.2551
1999	524	524	629.3	1.20095	1.20095
2000	621	621	0	0	0
2001	341	341	169.2	0.496188	0.496188
2002	612	612	1313.4	2.14608	2.14608
2003	679	679	896.6	1.32047	1.32047
2004	2141	1991	0	0	0
2005	710	710	653.8	0.920845	0.920845
2006	1281	1281	0.9	0.000702576	0.000702576
2007	1499	1499	1464.1	0.976718	0.976718
2008	433	433	255	0.588915	0.588915
2009	3386	3386	26177	7.73095	7.73095
2010	1222	1222	1463.7	1.19779	1.19779
2011	1167	1167	273.7	0.234533	0.234533
2012	728	728	606.7	0.833379	0.833379
2013	905	905	305	0.337017	0.337017
2014	1040	1040	948	0.911538	0.911538
2015	2327	2044	553.3	0.237774	0.270695
2016	2002	2002	1579.4	0.788911	0.788911
2017	1639	1639	1057.9	0.645455	0.645455
2018	576	576	16661.6	28.9264	28.9264
2019	1949	1949	2085.6	1.07009	1.07009
2020	682	329	739.2	1.08387	2.24681
2021	322	0	0	0	0
2022	510	510	393.6	0.771765	0.771765
2023	500	319	0	0	0
2024	812	0	0	0	0
2025	684	684	1.6	0.00233918	0.00233918
2026	1003	1003	509.8	0.508275	0.508275
2027	516	516	265	0.513566	0.513566
2028	774	626	794.6	1.02661	1.26933
2029	992	992	730.8	0.736694	0.736694
2030	1393	1267	532.8	0.382484	0.420521
2031	8779	8666	5668.9	0.645734	0.654154
2032	642	642	710.2	1.10623	1.10623
2033	1891	1891	645.7	0.34146	0.34146
2034	612	612	693.3	1.13284	1.13284
2035	2565	2565	4373	1.70487	1.70487
2036	1127	1127	897.9	0.796717	0.796717
2037	927	927	69	0.0744337	0.0744337
2038	704	704	961.7	1.36605	1.36605
2039	1183	1183	282.7	0.238969	0.238969
2040	636	481	50.3	0.0790881	0.104574
2041	1504	1504	1506	1.00133	1.00133
2042	1061	1061	576.7	0.543544	0.543544
2043	892	892	0	0	0
2044	654	654	1301.6	1.99021	1.99021
2045	601	601	0	0	0
2046	1259	1259	658.7	0.523193	0.523193
2047	396	396	504.3	1.27348	1.27348
2048	748	748	507.6	0.67861	0.67861
2049	1446	1446	1125.4	0.778285	0.778285
2050	1056	1056	283.2	0.268182	0.268182
2051	1901	1901	523.5	0.275381	0.275381
2052	2769	2694	2370.1	0.855941	0.87977
2053	374	374	0	0	0
2054	462	462	869.5	1.88203	1.88203
2055	1251	1251	1031.8	0.82478	0.82478
2056	1489	1489	1091.3	0.732908	0.732908
2057	383	383	84	0.219321	0.219321
2058	1943	1943	307.2	0.158106	0.158106
2059	1129	1092	1669.3	1.47857	1.52866
2060	1588	1588	462.4	0.291184	0.291184
2061	449	449	69.2	0.15412	0.15412
2062	922	922	571.9	0.620282	0.620282
2063	631	631	491.5	0.778922	0.778922
2064	585	0	0	0	0
2065	1381	1381	2679.3	1.94012	1.94012
2066	669	467	0	0	0
2067	644	644	627.6	0.974534	0.974534
2068	667	667	1002.3	1.5027	1.5027
2069	506	506	145.1	0.286759	0.286759
2070	2792	2792	3182.9	1.14001	1.14001
2071	2889	2779	1270.4	0.439737	0.457143
2072	1195	1101	273.5	0.22887	0.248411
2073	490	0	0	0	0
2074	438	0	0	0	0
2075	1798	0	0	0	0
2076	1629	0	0	0	0
2077	1879	0	0	0	0
2078	626	0	0	0	0
2079	2105	0	0	0	0
2080	587	0	0	0	0
2081	6829	0	0	0	0
2082	2539	0	0	0	0
2083	13259	0	0	0	0
2084	1642	0	0	0	0
2085	5954	0	0	0	0
2086	4683	0	0	0	0
2087	2224	0	0	0	0
2088	4927	0	0	0	0
2089	11281	0	0	0	0
2090	2550	0	0	0	0
2091	2283	0	0	0	0
2092	3146	0	0	0	0
2093	6121	0	0	0	0
2094	7791	0	0	0	0
2095	20592	0	0	0	0
2096	2594	0	0	0	0
2097	6182	0	0	0	0
2098	1547	0	0	0	0
2099	1195	0	0	0	0
2100	4318	0	0	0	0
2101	1666	0	0	0	0
2102	8278	0	0	0	0
2103	6029	0	0	0	0
2104	2052	0	0	0	0
2105	7637	0	0	0	0
2106	2463	0	0	0	0
2107	6308	0	0	0	0
2108	8387	0	0	0	0
2109	11252	0	0	0	0
2110	443	0	0	0	0
2111	1164	0	0	0	0
