1	753	753	22.0671	0.0293056	0.0293056
2	2974	2974	1263.01	0.424683	0.424683
3	1070	1070	14.3916	0.0134501	0.0134501
4	571	571	0	0	0
5	807	807	32.0453	0.0397092	0.0397092
6	1159	1159	0	0	0
7	693	693	48.7396	0.0703312	0.0703312
8	831	831	27.0082	0.0325009	0.0325009
9	744	744	25.5211	0.0343026	0.0343026
10	1743	1743	43.1748	0.0247704	0.0247704
11	1120	1120	26.8643	0.023986	0.023986
12	459	459	0	0	0
13	1458	1458	34.0601	0.0233609	0.0233609
14	756	756	14.3916	0.0190365	0.0190365
15	757	757	19.1888	0.0253485	0.0253485
16	1136	1136	50.2747	0.0442559	0.0442559
17	5886	5886	111.151	0.018884	0.018884
18	412	412	0	0	0
19	616	616	8.7309	0.0141735	0.0141735
20	2838	2838	43.1748	0.0152131	0.0152131
21	705	705	2.7344	0.00387859	0.00387859
22	1039	1039	0	0	0
23	2368	2368	29.7426	0.0125602	0.0125602
24	502	502	1.72699	0.00344022	0.00344022
25	615	615	0	0	0
26	947	947	13.8639	0.0146398	0.0146398
27	2062	2062	13.4322	0.00651414	0.00651414
28	1047	1047	46.9646	0.0448564	0.0448564
29	885	885	40.8242	0.046129	0.046129
30	1662	1662	0	0	0
31	844	844	0	0	0
32	536	536	14.3916	0.02685	0.02685
33	851	851	39.8168	0.0467882	0.0467882
34	411	411	8.34713	0.0203093	0.0203093
35	650	650	25.713	0.0395585	0.0395585
36	1205	1205	22.0671	0.018313	0.018313
37	448	448	965.437	2.15499	2.15499
38	1077	1077	13.4322	0.0124718	0.0124718
39	1252	1252	1152.48	0.920512	0.920512
40	1942	1942	23.1225	0.0119065	0.0119065
41	968	968	0	0	0
42	2527	2527	0	0	0
43	998	998	19.4766	0.0195157	0.0195157
44	968	968	13.768	0.0142231	0.0142231
45	692	692	0	0	0
46	787	787	15.6868	0.0199325	0.0199325
47	1493	1493	5.42084	0.00363083	0.00363083
48	1152	1152	54.1124	0.0469726	0.0469726
49	686	686	8.15524	0.0118881	0.0118881
50	1117	1117	33.5804	0.030063	0.030063
51	1436	1436	32.4291	0.0225829	0.0225829
52	1593	1593	21.7313	0.0136418	0.0136418
53	1548	1548	13.4322	0.00867711	0.00867711
54	865	865	21.1077	0.0244019	0.0244019
55	704	704	13.0004	0.0184665	0.0184665
56	858	858	0	0	0
57	8769	8769	370.536	0.0422552	0.0422552
58	7558	7558	248.399	0.0328657	0.0328657
59	468	468	3.21412	0.00686779	0.00686779
60	1297	1297	22.1631	0.017088	0.017088
61	601	601	14.7754	0.0245847	0.0245847
62	1199	1199	71.2384	0.0594149	0.0594149
63	495	495	26.5285	0.053593	0.053593
64	718	718	11.8971	0.0165697	0.0165697
65	403	403	12.6166	0.0313068	0.0313068
66	627	627	0	0	0
67	957	957	5.51678	0.00576466	0.00576466
68	318	318	0	0	0
69	345	345	1.1993	0.00347623	0.00347623
70	734	734	15.3511	0.0209142	0.0209142
71	441	441	12.3768	0.0280653	0.0280653
72	1477	1477	62.3156	0.0421907	0.0421907
73	474	474	0	0	0
74	412	412	0	0	0
75	969	969	0	0	0
76	857	857	18.7091	0.0218309	0.0218309
77	442	442	6.71608	0.0151948	0.0151948
78	1372	1372	15.351	0.0111888	0.0111888
79	749	749	0	0	0
80	823	823	28.7832	0.0349735	0.0349735
81	1297	1297	38.1378	0.0294046	0.0294046
82	738	738	6.71608	0.00910038	0.00910038
83	1036	1036	6.04447	0.00583443	0.00583443
84	771	771	31.5176	0.0408789	0.0408789
85	989	989	0	0	0
86	862	862	0	0	0
87	1086	1086	0	0	0
88	1063	1063	14.3916	0.0135387	0.0135387
89	490	490	10.6498	0.0217343	0.0217343
90	658	658	7.67552	0.0116649	0.0116649
91	1101	1101	50.1787	0.0455756	0.0455756
92	428	428	0	0	0
93	1136	1136	0	0	0
94	717	717	0	0	0
95	1256	1256	0	0	0
96	1185	1185	14.3916	0.0121448	0.0121448
97	1219	1219	0	0	0
98	1020	1020	19.3327	0.0189536	0.0189536
99	1685	1685	22.307	0.0132386	0.0132386
100	433	433	16.3105	0.0376686	0.0376686
101	404	404	219.52	0.543367	0.543367
102	589	589	14.3916	0.024434	0.024434
103	1059	1059	31.8534	0.0300788	0.0300788
104	930	930	30.0305	0.0322908	0.0322908
105	1156	1156	67.7365	0.0585956	0.0585956
106	1223	1223	0	0	0
107	502	502	0	0	0
108	4888	4888	119.93	0.0245356	0.0245356
109	1083	1083	27.8238	0.0256914	0.0256914
110	528	528	11.7052	0.0221689	0.0221689
111	720	720	13.4322	0.0186558	0.0186558
112	758	758	35.4993	0.0468329	0.0468329
113	984	984	14.7754	0.0150156	0.0150156
114	947	947	0	0	0
115	973	973	26.1447	0.0268702	0.0268702
116	514	514	0	0	0
117	1092	1092	7.67552	0.00702886	0.00702886
118	2093	2093	0	0	0
119	684	684	0	0	0
120	1034	1034	37.1303	0.0359094	0.0359094
121	1470	1470	38.8573	0.0264336	0.0264336
122	867	867	21.1077	0.0243457	0.0243457
123	658	658	12.8565	0.0195387	0.0195387
124	660	660	26.8643	0.0407035	0.0407035
125	1276	1276	22.8347	0.0178955	0.0178955
126	623	623	20.1482	0.0323407	0.0323407
127	3055	3055	72.9175	0.0238682	0.0238682
128	755	755	32.8129	0.0434607	0.0434607
129	1130	1130	59.7731	0.0528966	0.0528966
130	1991	1991	61.9798	0.03113	0.03113
131	915	915	0	0	0
132	1155	1155	14.3916	0.0124603	0.0124603
133	764	764	0	0	0
134	1118	1118	176.633	0.15799	0.15799
135	1162	1162	22.0671	0.0189906	0.0189906
136	731	731	23.2184	0.0317626	0.0317626
137	1205	1205	22.0671	0.018313	0.018313
138	531	531	0	0	0
139	775	775	42.2154	0.0544714	0.0544714
140	461	461	0	0	0
141	1138	1138	6.71608	0.00590165	0.00590165
142	1054	1054	24.8015	0.0235309	0.0235309
143	1424	1424	13.4322	0.0094327	0.0094327
144	1096	1096	29.7426	0.0271374	0.0271374
145	1330	1330	29.7427	0.0223629	0.0223629
146	886	886	83.1835	0.0938865	0.0938865
147	864	864	100.453	0.116266	0.116266
148	713	713	15.351	0.0215302	0.0215302
149	2430	2430	41.7836	0.0171949	0.0171949
150	962	962	21.1077	0.0219415	0.0219415
151	1268	1268	14.5835	0.0115012	0.0115012
152	1298	1298	26.2887	0.0202532	0.0202532
153	310	310	51.474	0.166045	0.166045
154	437	437	27.7278	0.0634504	0.0634504
155	808	808	27.7278	0.0343166	0.0343166
156	8524	8524	79.6335	0.00934227	0.00934227
157	8077	8077	273.153	0.0338186	0.0338186
158	19056	19056	301.504	0.015822	0.015822
159	6486	6486	97.623	0.0150513	0.0150513
160	6962	6962	93.3056	0.0134021	0.0134021
161	12458	12458	477.801	0.038353	0.038353
162	30196	30196	1457.39	0.0482643	0.0482643
163	861	861	17.3179	0.0201137	0.0201137
164	12524	12524	890.456	0.0711	0.0711
165	19642	19642	754.888	0.0384323	0.0384323
166	26100	26100	393.371	0.0150717	0.0150717
167	7514	7514	142.957	0.0190254	0.0190254
168	6912	6912	131.443	0.0190167	0.0190167
169	1650	1650	25.1853	0.0152638	0.0152638
170	1073	1073	28.4474	0.026512	0.026512
171	1712	1712	25.5211	0.0149072	0.0149072
172	1778	1778	96.5677	0.0543125	0.0543125
173	10224	10224	437.697	0.0428107	0.0428107
174	2794	2794	140.942	0.0504445	0.0504445
175	776	776	2.78238	0.00358554	0.00358554
176	3753	3753	44.614	0.0118875	0.0118875
177	3969	3969	127.078	0.0320176	0.0320176
178	4946	4946	113.214	0.02289	0.02289
179	6399	6399	257.178	0.0401903	0.0401903
180	7161	7161	150.152	0.0209681	0.0209681
181	1517	1517	60.6366	0.0399714	0.0399714
182	2759	2759	364.491	0.13211	0.13211
183	2367	2367	10.218	0.00431687	0.00431687
184	604	604	0	0	0
185	809	809	10.362	0.0128083	0.0128083
186	1206	1206	32.3331	0.0268102	0.0268102
187	2380	2380	21.1077	0.00886877	0.00886877
188	934	934	3.45398	0.00369806	0.00369806
189	735	735	20.1482	0.0274126	0.0274126
190	1603	1603	7.67552	0.00478822	0.00478822
191	585	585	30.4622	0.0520722	0.0520722
192	845	845	21.1077	0.0249795	0.0249795
193	2857	2857	0	0	0
194	1218	1218	19.7645	0.016227	0.016227
195	1078	1078	18.7571	0.0173999	0.0173999
196	1120	1120	35.4993	0.0316958	0.0316958
197	1778	1778	141.038	0.0793238	0.0793238
198	1196	1196	20.1483	0.0168464	0.0168464
199	1568	1568	61.788	0.0394056	0.0394056
200	2855	2855	62.3636	0.0218436	0.0218436
201	290	290	0	0	0
202	2057	2057	100.981	0.0490914	0.0490914
203	1182	1182	28.7832	0.0243513	0.0243513
204	1041	1041	43.8464	0.0421195	0.0421195
205	794	794	7.67552	0.0096669	0.0096669
206	802	802	26.1447	0.0325994	0.0325994
207	708	708	0	0	0
208	2179	2179	0	0	0
209	687	687	7.67552	0.0111725	0.0111725
210	559	559	34.8277	0.0623036	0.0623036
211	1649	1649	21.1077	0.0128003	0.0128003
212	544	544	0	0	0
213	1138	1138	56.607	0.0497425	0.0497425
214	518	518	0	0	0
215	1201	1201	12.5687	0.0104652	0.0104652
216	682	682	13.2403	0.0194139	0.0194139
217	1248	1248	198.22	0.15883	0.15883
218	687	687	9.83426	0.0143148	0.0143148
219	1205	1205	14.3916	0.0119432	0.0119432
220	924	924	14.3916	0.0155753	0.0155753
221	1431	1431	28.7832	0.0201141	0.0201141
222	912	912	7.67552	0.00841614	0.00841614
223	585	585	17.222	0.0294392	0.0294392
224	823	823	13.4322	0.016321	0.016321
225	1426	1426	0	0	0
226	640	640	17.9895	0.0281086	0.0281086
227	974	974	32.573	0.0334425	0.0334425
228	1396	1396	48.9794	0.0350856	0.0350856
229	1113	1113	23.2664	0.0209043	0.0209043
230	663	663	3.07021	0.00463078	0.00463078
231	2485	2485	52.2895	0.0210421	0.0210421
232	1118	1118	21.1077	0.0188799	0.0188799
233	18795	18795	1002.23	0.0533244	0.0533244
234	1174	1174	6.71608	0.00572068	0.00572068
235	1299	1299	0	0	0
236	1151	1151	6.71608	0.005835	0.005835
237	774	774	11.1295	0.0143792	0.0143792
238	440	440	0	0	0
239	1160	1160	21.1077	0.0181963	0.0181963
240	775	775	0	0	0
241	1084	1084	21.9712	0.0202686	0.0202686
242	1098	1098	0	0	0
243	766	766	14.3916	0.018788	0.018788
244	1160	1160	23.0266	0.0198505	0.0198505
245	990	990	9.21062	0.00930366	0.00930366
246	1524	1524	170.013	0.111557	0.111557
247	436	436	16.1186	0.0369693	0.0369693
248	2615	2615	48.9315	0.0187118	0.0187118
249	951	951	7.67552	0.008071	0.008071
250	465	465	3.69384	0.00794375	0.00794375
251	823	823	6.71608	0.00816049	0.00816049
252	765	765	47.2524	0.0617679	0.0617679
253	436	436	69.4635	0.15932	0.15932
254	1042	1042	28.7832	0.027623	0.027623
255	625	625	6.71608	0.0107457	0.0107457
256	2876	2876	29.7426	0.0103417	0.0103417
257	1900	1900	13.4322	0.00706956	0.00706956
258	1492	1492	36.4587	0.0244361	0.0244361
259	1025	1025	11.3694	0.0110921	0.0110921
260	1011	1011	10828.2	10.7104	10.7104
261	1137	1137	34.1081	0.0299983	0.0299983
262	1041	1041	0	0	0
263	715	715	0	0	0
264	495	495	30.4143	0.0614429	0.0614429
265	831	831	0	0	0
266	1059	1059	2.44657	0.00231027	0.00231027
267	1881	1881	34.8757	0.018541	0.018541
268	1114	1114	50.9943	0.0457758	0.0457758
269	949	949	57.5664	0.0606601	0.0606601
270	682	682	0.431748	0.000633062	0.000633062
271	356	356	0	0	0
272	685	685	52.9611	0.0773155	0.0773155
273	375	375	7.67552	0.0204681	0.0204681
274	846	846	4.41343	0.00521682	0.00521682
275	785	785	22.0671	0.028111	0.028111
276	479	479	0.911468	0.00190286	0.00190286
277	1706	1706	6.71608	0.00393674	0.00393674
278	1438	1438	45.9572	0.0319591	0.0319591
279	916	916	36.4587	0.0398021	0.0398021
280	1077	1077	123.048	0.114251	0.114251
281	931	931	0	0	0
282	1475	1475	23.0266	0.0156112	0.0156112
283	1864	1864	233.192	0.125103	0.125103
284	699	699	15.3031	0.0218928	0.0218928
285	620	620	14.3916	0.0232123	0.0232123
286	477	477	0	0	0
287	560	560	17.078	0.0304965	0.0304965
288	599	599	55.5036	0.0926605	0.0926605
289	659	659	4.74923	0.00720672	0.00720672
290	951	951	0	0	0
291	1588	1588	36.2669	0.0228381	0.0228381
292	672	672	0	0	0
293	1629	1629	73.5411	0.045145	0.045145
294	728	728	0	0	0
295	968	968	6.71608	0.0069381	0.0069381
296	1967	1967	43.8944	0.0223154	0.0223154
297	1723	1723	36.4587	0.02116	0.02116
298	613	613	20.7239	0.0338074	0.0338074
299	352	352	10.7457	0.0305276	0.0305276
300	772	772	15.1592	0.0196362	0.0196362
301	1626	1626	17.7496	0.0109161	0.0109161
302	1454	1454	28.8792	0.0198619	0.0198619
303	954	954	15.1112	0.0158398	0.0158398
304	649	649	0	0	0
305	2827	2827	123.144	0.04356	0.04356
306	445	445	13.4322	0.0301846	0.0301846
307	659	659	11.1775	0.0169613	0.0169613
308	843	843	0	0	0
309	709	709	26.2407	0.0370109	0.0370109
310	968	968	1.43916	0.00148674	0.00148674
311	382	382	57.1826	0.149693	0.149693
312	1056	1056	58.5259	0.0554222	0.0554222
313	718	718	27.8238	0.0387518	0.0387518
314	1206	1206	14.3916	0.0119333	0.0119333
315	1484	1484	22.8826	0.0154196	0.0154196
316	2056	2056	95.944	0.0466654	0.0466654
317	597	597	11.8491	0.0198477	0.0198477
318	803	803	22.7387	0.0283172	0.0283172
319	374	374	17.8456	0.0477155	0.0477155
320	1583	1583	29.7427	0.0187888	0.0187888
321	872	872	6.71608	0.00770193	0.00770193
322	739	739	14.3916	0.0194744	0.0194744
323	1928	1928	584.059	0.302935	0.302935
324	779	779	0	0	0
325	940	940	22.0671	0.0234757	0.0234757
326	583	583	7.67552	0.0131656	0.0131656
327	948	948	6.52419	0.00688206	0.00688206
328	841	841	15.351	0.0182533	0.0182533
329	1193	1193	21.1077	0.0176929	0.0176929
330	795	795	20.8199	0.0261885	0.0261885
331	2044	2044	14.3916	0.0070409	0.0070409
332	567	567	20.4841	0.0361271	0.0361271
333	896	896	29.7426	0.0331949	0.0331949
334	1276	1276	33.1966	0.0260162	0.0260162
335	1047	1047	37.8019	0.036105	0.036105
336	1586	1586	38.6655	0.0243792	0.0243792
337	1109	1109	26.3366	0.0237481	0.0237481
338	1559	1559	46.6288	0.0299094	0.0299094
339	761	761	9.64237	0.0126707	0.0126707
340	558	558	6.71608	0.012036	0.012036
341	1089	1089	0	0	0
342	793	793	96.2798	0.121412	0.121412
343	945	945	13.1443	0.0139093	0.0139093
344	1804	1804	15.351	0.00850945	0.00850945
345	2094	2094	40.3925	0.0192896	0.0192896
346	3696	3696	14.3916	0.00389383	0.00389383
347	367	367	21.6834	0.0590827	0.0590827
348	3157	3157	72.054	0.0228236	0.0228236
349	1322	1322	26.8643	0.020321	0.020321
350	701	701	0	0	0
351	1387	1387	6.71608	0.00484216	0.00484216
352	534	534	14.3916	0.0269506	0.0269506
353	1555	1555	25.4731	0.0163814	0.0163814
354	740	740	14.3916	0.0194481	0.0194481
355	639	639	9.5944	0.0150147	0.0150147
356	706	706	352.307	0.499018	0.499018
357	724	724	35.6912	0.0492972	0.0492972
358	956	956	37.8979	0.0396422	0.0396422
359	771	771	7.24377	0.00939529	0.00939529
360	1985	1985	41.2559	0.0207838	0.0207838
361	1749	1749	61.3082	0.0350533	0.0350533
362	1533	1533	36.4587	0.0237826	0.0237826
363	581	581	0	0	0
364	1289	1289	37.8499	0.0293638	0.0293638
365	632	632	15.2551	0.0241378	0.0241378
366	1412	1412	12.3768	0.00876542	0.00876542
367	2550	2550	1181.17	0.463203	0.463203
368	483	483	10.1701	0.021056	0.021056
369	1469	1469	30.7021	0.0209	0.0209
370	338	338	13.9119	0.0411594	0.0411594
371	715	715	21.1077	0.0295212	0.0295212
372	681	681	11.5613	0.0169769	0.0169769
373	594	594	20.532	0.0345657	0.0345657
374	1817	1817	40.1046	0.0220719	0.0220719
375	1118	1118	17.6537	0.0157904	0.0157904
376	986	986	17.9415	0.0181963	0.0181963
377	750	750	0	0	0
378	515	515	80.7369	0.156771	0.156771
379	1205	1205	49.8909	0.0414032	0.0414032
380	1014	1014	8.97076	0.00884691	0.00884691
381	980	980	28.7832	0.0293706	0.0293706
382	948	948	26.8643	0.0283379	0.0283379
383	560	560	42.839	0.0764983	0.0764983
384	3432	3432	65.2419	0.0190099	0.0190099
385	701	701	7.67552	0.0109494	0.0109494
386	2336	2336	74.2607	0.0317897	0.0317897
387	876	876	16.7422	0.0191121	0.0191121
388	515	515	0	0	0
389	1645	1645	30.4143	0.0184889	0.0184889
390	1624	1624	36.6506	0.0225681	0.0225681
391	3319	3319	91.8185	0.0276645	0.0276645
392	887	887	15.8787	0.0179016	0.0179016
393	1250	1250	42.2154	0.0337723	0.0337723
394	778	778	11.993	0.0154152	0.0154152
395	522	522	7.67552	0.0147041	0.0147041
396	654	654	1.91888	0.00293407	0.00293407
397	2069	2069	45.0937	0.0217949	0.0217949
398	495	495	7.67552	0.0155061	0.0155061
399	740	740	36.4587	0.0492686	0.0492686
400	2271	2271	36.6026	0.0161174	0.0161174
401	362	362	4.50937	0.0124568	0.0124568
402	850	850	0	0	0
403	959	959	6.71608	0.00700321	0.00700321
404	1346	1346	57.5664	0.0427685	0.0427685
405	976	976	7.67552	0.00786426	0.00786426
406	2237	2237	52.0017	0.0232462	0.0232462
407	484	484	21.7313	0.0448994	0.0448994
408	1382	1382	6.71608	0.00485968	0.00485968
409	458	458	30.5102	0.0666162	0.0666162
410	1327	1327	30.0785	0.0226665	0.0226665
411	757	757	37.706	0.0498098	0.0498098
412	460	460	4.17356	0.00907297	0.00907297
413	4713	4713	63.419	0.0134562	0.0134562
414	1077	1077	0	0	0
415	993	993	9.2586	0.00932386	0.00932386
416	552	552	13.4322	0.0243336	0.0243336
417	1702	1702	21.1077	0.0124017	0.0124017
418	871	871	0	0	0
419	911	911	0	0	0
420	1798	1798	22.0671	0.0122732	0.0122732
421	807	807	26.3846	0.0326947	0.0326947
422	1078	1078	29.7427	0.0275906	0.0275906
423	777	777	0	0	0
424	1250	1250	0	0	0
425	767	767	5.51678	0.00719267	0.00719267
426	1705	1705	29.7426	0.0174444	0.0174444
427	553	553	13.4322	0.0242896	0.0242896
428	2563	2563	21.1077	0.00823554	0.00823554
429	535	535	74.0688	0.138446	0.138446
430	1025	1025	0	0	0
431	1147	1147	27.8238	0.0242579	0.0242579
432	1804	1804	21.1077	0.0117005	0.0117005
433	761	761	6.71608	0.00882534	0.00882534
434	1763	1763	18.5172	0.0105032	0.0105032
435	1254	1254	48.9794	0.0390586	0.0390586
436	878	878	28.4474	0.0324002	0.0324002
437	1222	1222	0	0	0
438	1020	1020	19.6685	0.0192829	0.0192829
439	1115	1115	24.7056	0.0221575	0.0221575
440	1099	1099	27.0082	0.0245753	0.0245753
441	978	978	21.1077	0.0215825	0.0215825
442	472	472	0	0	0
443	703	703	34.6358	0.0492686	0.0492686
444	1625	1625	30.7021	0.0188936	0.0188936
445	1074	1074	0	0	0
446	1476	1476	0	0	0
447	1440	1440	14.3916	0.00999417	0.00999417
448	835	835	12.5207	0.0149948	0.0149948
449	832	832	30.3663	0.0364979	0.0364979
450	899	899	0	0	0
451	748	748	41.2559	0.055155	0.055155
452	1780	1780	13.4322	0.00754616	0.00754616
453	1328	1328	20.1962	0.015208	0.015208
454	622	622	55.1198	0.0886171	0.0886171
455	1244	1244	42.791	0.0343979	0.0343979
456	907	907	6.71608	0.00740472	0.00740472
457	559	559	6.71608	0.0120145	0.0120145
458	746	746	0	0	0
459	745	745	7.67552	0.0103027	0.0103027
460	872	872	36.4587	0.0418105	0.0418105
461	795	795	20.1962	0.025404	0.025404
462	1191	1191	0	0	0
463	687	687	21.9712	0.0319813	0.0319813
464	1029	1029	16.2625	0.0158042	0.0158042
465	535	535	7.86741	0.0147054	0.0147054
466	639	639	12.2808	0.0192188	0.0192188
467	769	769	0	0	0
468	2280	2280	56.607	0.0248276	0.0248276
469	2526	2526	34.1561	0.0135218	0.0135218
470	1035	1035	15.351	0.0148319	0.0148319
471	1275	1275	30.4622	0.0238919	0.0238919
472	641	641	6.71608	0.0104775	0.0104775
473	469	469	2.35063	0.005012	0.005012
474	1883	1883	0	0	0
475	1044	1044	21.1077	0.0202181	0.0202181
476	453	453	22.307	0.0492428	0.0492428
477	940	940	0	0	0
478	695	695	0	0	0
479	495	495	7.48363	0.0151184	0.0151184
480	495	495	22.0671	0.04458	0.04458
481	964	964	20.1003	0.0208509	0.0208509
482	2681	2681	49.651	0.0185196	0.0185196
483	726	726	0	0	0
484	773	773	3.64587	0.00471653	0.00471653
485	2017	2017	56.607	0.0280649	0.0280649
486	1040	1040	1.34322	0.00129155	0.00129155
487	408	408	12.5207	0.030688	0.030688
488	2851	2851	71.958	0.0252396	0.0252396
489	675	675	23.0266	0.0341134	0.0341134
490	890	890	13.2883	0.0149306	0.0149306
491	1197	1197	6.71608	0.00561076	0.00561076
492	808	808	0	0	0
493	779	779	6.71608	0.00862141	0.00862141
494	995	995	20.1483	0.0202495	0.0202495
495	2225	2225	36.4108	0.0163644	0.0163644
496	818	818	28.7832	0.0351873	0.0351873
497	1323	1323	28.7832	0.021756	0.021756
498	1893	1893	0	0	0
499	1880	1880	30.7021	0.0163309	0.0163309
500	1162	1162	0	0	0
501	724	724	0	0	0
502	1294	1294	30.4143	0.0235041	0.0235041
503	910	910	0	0	0
504	1429	1429	21.1077	0.014771	0.014771
505	1777	1777	18.9489	0.0106634	0.0106634
506	401	401	3.83776	0.00957047	0.00957047
507	749	749	7.67552	0.0102477	0.0102477
508	2359	2359	0	0	0
509	739	739	7.67552	0.0103864	0.0103864
510	1619	1619	30.2224	0.0186673	0.0186673
511	1432	1432	0	0	0
512	1032	1032	0	0	0
513	2097	2097	22.0671	0.0105232	0.0105232
514	962	962	0	0	0
515	462	462	0	0	0
516	731	731	25.9049	0.0354376	0.0354376
517	1520	1520	33.5804	0.0220924	0.0220924
518	579	579	0	0	0
519	927	927	135.137	0.145779	0.145779
520	1944	1944	24.6576	0.012684	0.012684
521	2495	2495	14.3916	0.00576818	0.00576818
522	7583	7583	0	0	0
523	951	951	7.33972	0.00771789	0.00771789
524	1071	1071	0	0	0
525	1185	1185	69.3196	0.0584975	0.0584975
526	2340	2340	0	0	0
527	726	726	10.9856	0.0151317	0.0151317
528	1261	1261	28.7832	0.0228257	0.0228257
529	830	830	20.3881	0.024564	0.024564
530	839	839	103.236	0.123046	0.123046
531	1118	1118	21.1077	0.0188799	0.0188799
532	3994	3994	0	0	0
533	384	384	0	0	0
534	1454	1454	84.9104	0.0583978	0.0583978
535	1745	1745	81.6484	0.0467899	0.0467899
536	590	590	0	0	0
537	1101	1101	0	0	0
538	900	900	0	0	0
539	1444	1444	64.6183	0.0447495	0.0447495
540	1136	1136	18.2773	0.0160892	0.0160892
541	766	766	0	0	0
542	675	675	11.1775	0.0165592	0.0165592
543	571	571	0	0	0
544	637	637	0	0	0
545	576	576	28.0636	0.0487216	0.0487216
546	2281	2281	6.71608	0.00294436	0.00294436
547	701	701	12.9045	0.0184087	0.0184087
548	1690	1690	228.826	0.1354	0.1354
549	759	759	0	0	0
550	3216	3216	45.5734	0.0141708	0.0141708
551	955	955	34.252	0.035866	0.035866
552	1033	1033	0	0	0
553	756	756	0	0	0
554	1256	1256	0	0	0
555	744	744	7.67552	0.0103166	0.0103166
556	2087	2087	44.1822	0.0211702	0.0211702
557	1319	1319	0	0	0
558	912	912	21.6354	0.023723	0.023723
559	852	852	10.9856	0.0128939	0.0128939
560	515	515	23.7462	0.046109	0.046109
561	1574	1574	6.71608	0.00426689	0.00426689
562	949	949	7.09986	0.00748141	0.00748141
563	2363	2363	72.9175	0.030858	0.030858
564	934	934	13.4322	0.0143813	0.0143813
565	828	828	0	0	0
566	2174	2174	0	0	0
567	980	980	0	0	0
568	1366	1366	63.8028	0.0467077	0.0467077
569	429	429	14.3916	0.0335469	0.0335469
570	1021	1021	0	0	0
571	859	859	111.775	0.130122	0.130122
572	480	480	11.4653	0.0238861	0.0238861
573	844	844	0	0	0
574	511	511	6.71608	0.013143	0.013143
575	744	744	33.2926	0.0447481	0.0447481
576	828	828	24.2259	0.0292583	0.0292583
577	981	981	62.7474	0.0639627	0.0639627
578	702	702	7.67552	0.0109338	0.0109338
579	822	822	6.71608	0.00817041	0.00817041
580	1106	1106	7.67552	0.00693989	0.00693989
581	680	680	11.5133	0.0169313	0.0169313
582	1000	1000	22.0671	0.0220671	0.0220671
583	864	864	6.71608	0.00777324	0.00777324
584	533	533	0	0	0
585	1684	1684	44.1343	0.026208	0.026208
586	1348	1348	0	0	0
587	924	924	7.67552	0.00830684	0.00830684
588	709	709	41.0161	0.0578506	0.0578506
589	817	817	6.71608	0.00822042	0.00822042
590	1241	1241	22.0671	0.0177817	0.0177817
591	1079	1079	6.71608	0.00622436	0.00622436
592	1684	1684	4178.51	2.4813	2.4813
593	816	816	0	0	0
594	1014	1014	15.351	0.0151391	0.0151391
595	755	755	15.1592	0.0200783	0.0200783
596	487	487	7.67552	0.0157608	0.0157608
597	2508	2508	59.4853	0.0237182	0.0237182
598	1508	1508	45.0937	0.029903	0.029903
599	1541	1541	7.67552	0.00498087	0.00498087
600	635	635	24.5617	0.0386798	0.0386798
601	3845	3845	76.7552	0.0199623	0.0199623
602	905	905	0	0	0
603	703	703	39.2411	0.0558195	0.0558195
604	347	347	32.621	0.0940086	0.0940086
605	4150	4150	92.1063	0.0221943	0.0221943
606	650	650	24.8495	0.03823	0.03823
607	773	773	0	0	0
608	4195	4195	0	0	0
609	1525	1525	28.7832	0.0188742	0.0188742
610	560	560	0	0	0
611	6377	6377	91.1468	0.0142931	0.0142931
612	5742	5742	0	0	0
613	5111	5111	111.391	0.0217944	0.0217944
614	4422	4422	125.687	0.028423	0.028423
615	836	836	41.0641	0.0491197	0.0491197
616	5542	5542	0	0	0
617	3260	3260	159.171	0.0488255	0.0488255
618	341	341	13.1923	0.0386871	0.0386871
619	1068	1068	14.3916	0.0134753	0.0134753
620	728	728	7.67552	0.0105433	0.0105433
621	23606	23606	902.833	0.0382459	0.0382459
622	3796	3796	0	0	0
623	1787	1787	3218.92	1.8013	1.8013
624	10492	10492	507.064	0.0483287	0.0483287
625	4852	4852	9095.69	1.87463	1.87463
626	1060	1060	28.7832	0.027154	0.027154
627	550	550	25.0414	0.0455298	0.0455298
628	1169	1169	19.1888	0.0164147	0.0164147
629	834	834	0	0	0
630	1006	1006	0	0	0
631	1174	1174	40.4404	0.0344467	0.0344467
632	408	408	34.8756	0.0854795	0.0854795
633	533	533	70.6628	0.132576	0.132576
634	1962	1962	70.231	0.0357956	0.0357956
635	2469	2469	221.775	0.0898237	0.0898237
636	892	892	34.348	0.0385067	0.0385067
637	447	447	143.149	0.320243	0.320243
638	907	907	81.0727	0.0893856	0.0893856
639	711	711	6.71608	0.00944596	0.00944596
640	571	571	4.12559	0.00722521	0.00722521
641	2275	2275	153.223	0.0673506	0.0673506
642	786	786	22.0671	0.0280752	0.0280752
643	1024	1024	34.4439	0.0336366	0.0336366
644	1554	1554	201.77	0.129839	0.129839
645	1016	1016	28.2555	0.0278106	0.0278106
646	329	329	7.05188	0.0214343	0.0214343
647	1396	1396	42.9829	0.0307901	0.0307901
648	716	716	6.71608	0.00938	0.00938
649	610	610	0	0	0
650	1946	1946	6.71608	0.00345122	0.00345122
651	1009	1009	28.7832	0.0285265	0.0285265
652	1062	1062	63.3231	0.0596262	0.0596262
653	418	418	27.6319	0.066105	0.066105
654	2075	2075	193.327	0.0931697	0.0931697
655	1065	1065	17.174	0.0161258	0.0161258
656	2767	2767	163.441	0.0590678	0.0590678
657	1897	1897	0	0	0
658	1049	1049	191.408	0.182467	0.182467
659	799	799	0	0	0
660	726	726	14.3916	0.0198231	0.0198231
661	2304	2304	34.3959	0.0149288	0.0149288
662	4385	4385	0	0	0
663	768	768	49.8909	0.0649621	0.0649621
664	7961	7961	976.519	0.122663	0.122663
665	2903	2903	133.746	0.0460716	0.0460716
666	5968	5968	173.659	0.0290983	0.0290983
667	5012	5012	0	0	0
668	1215	1215	43.1748	0.0355348	0.0355348
669	393	393	7.67552	0.0195306	0.0195306
670	2017	2017	6.71608	0.00332974	0.00332974
671	1236	1236	0	0	0
672	1063	1063	44.1343	0.0415186	0.0415186
673	619	619	0.047972	7.74992e-05	7.74992e-05
674	1015	1015	19.0449	0.0187634	0.0187634
675	1674	1674	123.48	0.0737634	0.0737634
676	761	761	14.0558	0.0184702	0.0184702
677	1589	1589	75.5559	0.0475494	0.0475494
678	1180	1180	20.2442	0.0171561	0.0171561
679	576	576	349.812	0.607313	0.607313
680	496	496	13.4322	0.027081	0.027081
681	627	627	7.67552	0.0122417	0.0122417
682	1441	1441	24.5137	0.0170116	0.0170116
683	1266	1266	191.12	0.150964	0.150964
684	645	645	17.174	0.0266263	0.0266263
685	559	559	5.80461	0.0103839	0.0103839
686	1313	1313	10.0741	0.0076726	0.0076726
687	2132	2132	44.614	0.0209259	0.0209259
688	486	486	14.3916	0.0296124	0.0296124
689	453	453	20.7239	0.0457482	0.0457482
690	1164	1164	15.351	0.0131882	0.0131882
691	497	497	5.56475	0.0111967	0.0111967
692	820	820	37.0344	0.0451639	0.0451639
693	503	503	29.7427	0.0591305	0.0591305
694	449	449	28.7832	0.0641051	0.0641051
695	1319	1319	80.641	0.061138	0.061138
696	3125	3125	73.8769	0.0236406	0.0236406
697	771	771	42.2154	0.054754	0.054754
698	740	740	25.4731	0.0344232	0.0344232
699	1020	1020	53.8246	0.0527692	0.0527692
700	932	932	6.71608	0.00720609	0.00720609
701	1591	1591	359.886	0.226201	0.226201
702	620	620	6.71608	0.0108324	0.0108324
703	1944	1944	29.7426	0.0152997	0.0152997
704	867	867	50.2267	0.0579316	0.0579316
705	1490	1490	15.351	0.0103027	0.0103027
706	541	541	0	0	0
707	4337	4337	85.1024	0.0196224	0.0196224
708	724	724	9.21062	0.0127219	0.0127219
709	1027	1027	36.3148	0.0353601	0.0353601
710	1931	1931	27.8238	0.014409	0.014409
711	2222	2222	55.7435	0.0250871	0.0250871
712	750	750	15.351	0.0204681	0.0204681
713	769	769	27.0083	0.0351213	0.0351213
714	726	726	29.071	0.0400428	0.0400428
715	947	947	0	0	0
716	1131	1131	0	0	0
717	877	877	0	0	0
718	1394	1394	44.2782	0.0317634	0.0317634
719	1241	1241	118.683	0.0956348	0.0956348
720	985	985	23.7461	0.0241078	0.0241078
721	720	720	7.67552	0.0106604	0.0106604
722	1693	1693	46.7247	0.0275988	0.0275988
723	1036	1036	19.9084	0.0192166	0.0192166
724	1290	1290	0	0	0
725	506	506	0.287832	0.000568838	0.000568838
726	1261	1261	10.314	0.00817921	0.00817921
727	2368	2368	72.9175	0.0307928	0.0307928
728	1514	1514	35.4993	0.0234474	0.0234474
729	987	987	367.274	0.372111	0.372111
730	1153	1153	15.0152	0.0130228	0.0130228
731	1204	1204	10.4099	0.00864612	0.00864612
732	1831	1831	14.3916	0.00785997	0.00785997
733	1490	1490	30.7021	0.0206054	0.0206054
734	750	750	0	0	0
735	1434	1434	0	0	0
736	782	782	7.67552	0.00981524	0.00981524
737	696	696	0	0	0
738	1318	1318	52.6733	0.0399645	0.0399645
739	1723	1723	31.0379	0.0180139	0.0180139
740	860	860	13.4322	0.0156188	0.0156188
741	936	936	14.3916	0.0153756	0.0153756
742	724	724	17.3659	0.023986	0.023986
743	3052	3052	150.824	0.0494181	0.0494181
744	515	515	36.8425	0.0715389	0.0715389
745	1128	1128	32.4291	0.0287492	0.0287492
746	760	760	35.2594	0.046394	0.046394
747	1967	1967	28.7832	0.014633	0.014633
748	608	608	34.8277	0.0572824	0.0572824
749	1518	1518	0	0	0
750	645	645	46.7727	0.0725158	0.0725158
751	710	710	7.67552	0.0108106	0.0108106
752	383	383	2.0628	0.00538589	0.00538589
753	1165	1165	164.352	0.141075	0.141075
754	832	832	7.77146	0.0093407	0.0093407
755	800	800	0	0	0
756	837	837	6.71608	0.00802399	0.00802399
757	1028	1028	7.67552	0.00746646	0.00746646
758	823	823	0	0	0
759	836	836	20.1483	0.0241008	0.0241008
760	1408	1408	69.2236	0.0491645	0.0491645
761	650	650	23.5063	0.0361635	0.0361635
762	530	530	5.37287	0.0101375	0.0101375
763	1902	1902	0	0	0
764	920	920	0	0	0
765	664	664	35.7871	0.0538963	0.0538963
766	1040	1040	315.56	0.303423	0.303423
767	1503	1503	70.9986	0.0472379	0.0472379
768	1128	1128	30.3183	0.0268779	0.0268779
769	1933	1933	85.3902	0.044175	0.044175
770	1091	1091	0	0	0
771	1833	1833	43.6066	0.0237897	0.0237897
772	1204	1204	66.6811	0.055383	0.055383
773	723	723	31.2778	0.0432611	0.0432611
774	1706	1706	296.035	0.173526	0.173526
775	682	682	72.7735	0.106706	0.106706
776	459	459	20.3401	0.044314	0.044314
777	905	905	111.103	0.122766	0.122766
778	359	359	0	0	0
779	1620	1620	44.1343	0.0272434	0.0272434
780	1932	1932	7.67552	0.00397284	0.00397284
781	1385	1385	43.7025	0.0315541	0.0315541
782	319	319	14.7754	0.0463178	0.0463178
783	540	540	9.30657	0.0172344	0.0172344
784	1438	1438	115.852	0.080565	0.080565
785	673	673	15.6389	0.0232376	0.0232376
786	2330	2330	44.1343	0.0189417	0.0189417
787	2003	2003	28.7832	0.0143701	0.0143701
788	3412	3412	108.417	0.0317751	0.0317751
789	4357	4357	25.5691	0.00586851	0.00586851
790	3151	3151	49.8909	0.0158334	0.0158334
791	1380	1380	21.1077	0.0152954	0.0152954
792	1406	1406	67.1608	0.0477673	0.0477673
793	1153	1153	27.8238	0.0241316	0.0241316
794	808	808	72.2938	0.0894725	0.0894725
795	635	635	29.7427	0.0468388	0.0468388
796	568	568	33.2926	0.0586137	0.0586137
797	762	762	26.0008	0.0341218	0.0341218
798	41362	41362	3545.85	0.0857273	0.0857273
799	1277	1277	0	0	0
800	1245	1245	7.67552	0.00616508	0.00616508
801	407	407	0	0	0
802	1142	1142	15.3511	0.0134423	0.0134423
803	1252	1252	15.351	0.0122612	0.0122612
804	1035	1035	0	0	0
805	1450	1450	121.369	0.0837029	0.0837029
806	579	579	63.9467	0.110443	0.110443
807	837	837	42.5032	0.0507804	0.0507804
808	371	371	0	0	0
809	728	728	13.4801	0.0185167	0.0185167
810	613	613	28.7832	0.0469547	0.0469547
811	1212	1212	79.6335	0.0657042	0.0657042
812	726	726	60.7326	0.0836537	0.0836537
813	594	594	5.32489	0.00896446	0.00896446
814	660	660	0	0	0
815	759	759	0	0	0
816	2223	2223	14.3916	0.00647395	0.00647395
817	665	665	23.0266	0.0346264	0.0346264
818	631	631	11.0815	0.0175619	0.0175619
819	359	359	0	0	0
820	909	909	21.2516	0.0233791	0.0233791
821	652	652	7.77147	0.0119194	0.0119194
822	2069	2069	47.7801	0.0230933	0.0230933
823	1359	1359	52.4334	0.0385824	0.0385824
824	650	650	11.993	0.0184508	0.0184508
825	458	458	12.0889	0.0263951	0.0263951
826	601	601	21.1557	0.0352008	0.0352008
827	1052	1052	49.9868	0.047516	0.047516
828	1711	1711	23.0266	0.013458	0.013458
829	776	776	128.565	0.165677	0.165677
830	1186	1186	42.2154	0.0355948	0.0355948
831	3310	3310	68.6	0.0207251	0.0207251
832	1879	1879	35.4993	0.0188926	0.0188926
833	1310	1310	50.8503	0.0388171	0.0388171
834	736	736	11.6092	0.0157734	0.0157734
835	634	634	14.9673	0.0236077	0.0236077
836	1087	1087	20.1483	0.0185357	0.0185357
837	2129	2129	123.288	0.0579089	0.0579089
838	725	725	7.67552	0.0105869	0.0105869
839	2546	2546	20.1482	0.00791368	0.00791368
840	3199	3199	75.9397	0.0237386	0.0237386
841	1036	1036	0	0	0
842	380	380	15.3511	0.0403975	0.0403975
843	659	659	20.7239	0.0314475	0.0314475
844	1612	1612	7.67552	0.00476149	0.00476149
845	324	324	34.348	0.106012	0.106012
846	1727	1727	54.6881	0.0316665	0.0316665
847	1286	1286	33.5804	0.0261123	0.0261123
848	727	727	203.353	0.279716	0.279716
849	492	492	6.71608	0.0136506	0.0136506
850	640	640	13.2882	0.0207629	0.0207629
851	1642	1642	58.4299	0.0355846	0.0355846
852	803	803	58.9096	0.0733619	0.0733619
853	2823	2823	48.1159	0.0170442	0.0170442
854	2706	2706	55.6475	0.0205645	0.0205645
855	1017	1017	7.67552	0.00754722	0.00754722
856	429	429	7.77147	0.0181153	0.0181153
857	1938	1938	554.748	0.286248	0.286248
858	1119	1119	11.5613	0.0103318	0.0103318
859	884	884	10.6018	0.011993	0.011993
860	1491	1491	80.1612	0.0537634	0.0537634
861	1082	1082	0	0	0
862	1045	1045	29.7426	0.0284619	0.0284619
863	971	971	14.9673	0.0154143	0.0154143
864	2154	2154	33.5804	0.0155898	0.0155898
865	915	915	30.798	0.0336591	0.0336591
866	1794	1794	32.4291	0.0180764	0.0180764
867	802	802	23.0266	0.0287114	0.0287114
868	2769	2769	142.621	0.0515063	0.0515063
869	5965	5965	134.274	0.0225103	0.0225103
870	11190	11190	414.43	0.0370358	0.0370358
871	669	669	0	0	0
872	7457	7457	247.44	0.0331822	0.0331822
873	1218	1218	0.575664	0.000472631	0.000472631
874	13684	13684	3435.56	0.251064	0.251064
875	1558	1558	35.4993	0.0227852	0.0227852
876	7188	7188	127.606	0.0177526	0.0177526
877	4357	4357	97.8629	0.0224611	0.0224611
878	8394	8394	180.135	0.02146	0.02146
879	804	804	10.1701	0.0126493	0.0126493
880	1015	1015	37.4661	0.0369124	0.0369124
881	2507	2507	78.6741	0.0313818	0.0313818
882	596	596	0	0	0
883	16274	16274	384.448	0.0236234	0.0236234
884	20877	20877	778.106	0.037271	0.037271
885	1057	1057	41.2559	0.0390312	0.0390312
886	475	475	242.259	0.510019	0.510019
887	1860	1860	15.351	0.00825325	0.00825325
888	2564	2564	40.5364	0.0158098	0.0158098
889	3118	3118	65.4818	0.0210012	0.0210012
890	896	896	48.3078	0.053915	0.053915
891	505	505	21.2996	0.0421774	0.0421774
892	986	986	18.1334	0.0183909	0.0183909
893	1231	1231	50.8504	0.0413082	0.0413082
894	893	893	53.9685	0.0604351	0.0604351
895	953	953	80.7369	0.0847187	0.0847187
896	2458	2458	67.5446	0.0274795	0.0274795
897	621	621	19.4766	0.0313633	0.0313633
898	1815	1815	67.1608	0.0370032	0.0370032
899	2826	2826	111.055	0.0392977	0.0392977
900	1070	1070	26.7684	0.0250172	0.0250172
901	6372	6372	102.756	0.0161262	0.0161262
902	2921	2921	11.4173	0.00390871	0.00390871
903	11326	11326	249.982	0.0220715	0.0220715
904	460	460	20.8678	0.0453648	0.0453648
905	1778	1778	6.71608	0.00377732	0.00377732
906	1430	1430	19.6685	0.0137542	0.0137542
907	492	492	46.4849	0.0944815	0.0944815
908	1120	1120	27.1042	0.0242002	0.0242002
909	1636	1636	57.1347	0.0349234	0.0349234
910	568	568	15.3511	0.0270265	0.0270265
911	1266	1266	28.7832	0.0227356	0.0227356
912	1659	1659	19.9084	0.0120002	0.0120002
913	2503	2503	44.1343	0.0176325	0.0176325
914	1051	1051	23.0266	0.0219092	0.0219092
915	3861	3861	20.58	0.00533022	0.00533022
916	710	710	28.7832	0.0405397	0.0405397
917	1636	1636	5.27693	0.0032255	0.0032255
918	1574	1574	42.5032	0.0270033	0.0270033
919	1150	1150	3.45398	0.00300346	0.00300346
920	1440	1440	21.1077	0.0146581	0.0146581
921	1892	1892	33.5804	0.0177486	0.0177486
922	1217	1217	21.0117	0.0172652	0.0172652
923	706	706	15.351	0.0217437	0.0217437
924	1020	1020	18.2294	0.0178719	0.0178719
925	4705	4705	161.953	0.0344216	0.0344216
926	589	589	12.9045	0.0219091	0.0219091
927	1708	1708	7.67552	0.00449386	0.00449386
928	2467	2467	74.2607	0.0301016	0.0301016
929	1167	1167	3.11818	0.00267196	0.00267196
930	943	943	0	0	0
931	604	604	36.027	0.0596473	0.0596473
932	1334	1334	14.9193	0.0111839	0.0111839
933	773	773	227.387	0.294162	0.294162
934	2031	2031	74.1647	0.0365164	0.0365164
935	1556	1556	17.7496	0.0114072	0.0114072
936	1105	1105	37.4182	0.0338626	0.0338626
937	1702	1702	41.064	0.0241269	0.0241269
938	887	887	19.5246	0.022012	0.022012
939	1207	1207	15.351	0.0127183	0.0127183
940	1947	1947	29.7427	0.0152761	0.0152761
941	878	878	26.1927	0.0298323	0.0298323
942	1083	1083	20.8199	0.0192242	0.0192242
943	3513	3513	42.2154	0.0120169	0.0120169
944	840	840	23.986	0.0285548	0.0285548
945	898	898	0	0	0
946	950	950	6.71608	0.00706956	0.00706956
947	1229	1229	44.0863	0.0358717	0.0358717
948	766	766	22.9306	0.0299356	0.0299356
949	2062	2062	38.3776	0.0186118	0.0186118
950	834	834	6.71608	0.00805285	0.00805285
951	488	488	3.45398	0.00707784	0.00707784
952	939	939	7.67552	0.00817414	0.00817414
953	1089	1089	12.0889	0.011101	0.011101
954	1685	1685	50.9463	0.0302352	0.0302352
955	468	468	18.6131	0.0397717	0.0397717
956	451	451	0	0	0
957	657	657	6.71608	0.0102223	0.0102223
958	1099	1099	27.2001	0.0247499	0.0247499
959	1221	1221	11.4173	0.00935081	0.00935081
960	2318	2318	22.0671	0.0095199	0.0095199
961	2095	2095	43.5586	0.0207917	0.0207917
962	564	564	6.71608	0.0119079	0.0119079
963	756	756	13.4801	0.0178309	0.0178309
964	589	589	44.566	0.0756638	0.0756638
965	1514	1514	0	0	0
966	1096	1096	0	0	0
967	1727	1727	121.321	0.0702497	0.0702497
968	1549	1549	311.914	0.201365	0.201365
969	853	853	25.6171	0.0300317	0.0300317
970	680	680	0	0	0
971	619	619	6.71608	0.0108499	0.0108499
972	832	832	27.1042	0.0325772	0.0325772
973	812	812	0	0	0
974	1074	1074	33.1007	0.03082	0.03082
975	1032	1032	3.31007	0.00320743	0.00320743
976	949	949	0	0	0
977	611	611	29.3109	0.047972	0.047972
978	1840	1840	6.71608	0.00365004	0.00365004
979	1381	1381	30.3183	0.0219539	0.0219539
980	831	831	25.6171	0.0308268	0.0308268
981	1682	1682	35.979	0.0213906	0.0213906
982	1457	1457	0	0	0
983	895	895	6.86	0.0076648	0.0076648
984	501	501	2.25468	0.00450037	0.00450037
985	329	329	0	0	0
986	1252	1252	14.0078	0.0111884	0.0111884
987	1541	1541	0	0	0
988	1287	1287	22.5468	0.0175189	0.0175189
989	1964	1964	7.67552	0.00390811	0.00390811
990	971	971	22.0671	0.0227262	0.0227262
991	1047	1047	23.0266	0.0219929	0.0219929
992	900	900	23.1705	0.025745	0.025745
993	1063	1063	81.9362	0.0770802	0.0770802
994	548	548	0	0	0
995	643	643	6.71608	0.0104449	0.0104449
996	526	526	69.8472	0.132789	0.132789
997	530	530	7.67553	0.0144821	0.0144821
998	754	754	28.1596	0.0373469	0.0373469
999	879	879	13.5761	0.0154449	0.0154449
1000	646	646	41.0641	0.0635667	0.0635667
1001	822	822	79.2498	0.0964109	0.0964109
1002	2539	2539	37.4182	0.0147374	0.0147374
1003	505	505	5.75664	0.0113993	0.0113993
1004	3841	3841	190.209	0.0495207	0.0495207
1005	545	545	0	0	0
1006	15062	15062	345.494	0.0229382	0.0229382
1007	6641	6641	468.543	0.070553	0.070553
1008	663	663	12.6646	0.019102	0.019102
1009	5213	5213	229.498	0.0440242	0.0440242
1010	990	990	4.98909	0.00503948	0.00503948
1011	676	676	0	0	0
1012	1366	1366	22.0671	0.0161546	0.0161546
1013	1888	1888	44.7099	0.0236811	0.0236811
1014	727	727	35.2594	0.0484999	0.0484999
1015	734	734	28.7832	0.0392142	0.0392142
1016	1114	1114	35.2115	0.0316081	0.0316081
1017	532	532	29.7427	0.0559072	0.0559072
1018	1599	1599	48.9314	0.0306013	0.0306013
1019	605	605	14.8233	0.0245014	0.0245014
1020	583	583	7.67552	0.0131656	0.0131656
1021	919	919	15.3511	0.0167041	0.0167041
1022	646	646	28.7832	0.0445561	0.0445561
1023	684	684	0	0	0
1024	456	456	0	0	0
1025	1542	1542	0	0	0
1026	1261	1261	37.5621	0.0297875	0.0297875
1027	1262	1262	33.5804	0.0266089	0.0266089
1028	1496	1496	178.744	0.119481	0.119481
1029	935	935	34.3	0.0366845	0.0366845
1030	620	620	0	0	0
1031	1117	1117	36.3148	0.032511	0.032511
1032	300	300	0	0	0
1033	1598	1598	13.4322	0.00840561	0.00840561
1034	616	616	0	0	0
1035	712	712	133.746	0.187845	0.187845
1036	832	832	0	0	0
1037	1091	1091	6.71608	0.00615589	0.00615589
1038	1505	1505	209.638	0.139294	0.139294
1039	3289	3289	89.5638	0.0272313	0.0272313
1040	802	802	7.67552	0.00957047	0.00957047
1041	1230	1230	0	0	0
1042	5385	5385	122.808	0.0228056	0.0228056
1043	4530	4530	0	0	0
1044	56634	56634	809.768	0.0142983	0.0142983
1045	30431	30431	529.611	0.0174037	0.0174037
1046	1317	1317	7.5316	0.00571876	0.00571876
1047	1295	1295	17.9415	0.0138545	0.0138545
1048	885	885	0	0	0
1049	1754	1754	0	0	0
1050	1224	1224	22.8347	0.0186558	0.0186558
1051	2060	2060	23.5543	0.0114341	0.0114341
1052	1760	1760	38.5695	0.0219145	0.0219145
1053	2547	2547	0	0	0
1054	1677	1677	0	0	0
1055	943	943	6.71608	0.00712204	0.00712204
1056	636	636	7.67552	0.0120684	0.0120684
1057	968	968	6.71608	0.0069381	0.0069381
1058	1035	1035	163.105	0.157589	0.157589
1059	960	960	21.1077	0.0219872	0.0219872
1060	695	695	20.9158	0.0300947	0.0300947
1061	651	651	19.1888	0.0294759	0.0294759
1062	2642	2642	78.6261	0.0297601	0.0297601
1063	805	805	6.71608	0.00834296	0.00834296
1064	578	578	0	0	0
1065	1883	1883	94.4089	0.0501375	0.0501375
1066	1166	1166	0	0	0
1067	1611	1611	0	0	0
1068	1021	1021	86.0138	0.0842447	0.0842447
1069	1395	1395	111.919	0.0802284	0.0802284
1070	945	945	7.67552	0.00812224	0.00812224
1071	731	731	0	0	0
1072	1113	1113	33.1487	0.0297832	0.0297832
1073	689	689	5.56475	0.00807656	0.00807656
1074	762	762	15.7348	0.0206494	0.0206494
1075	874	874	0	0	0
1076	1497	1497	8.49104	0.00567204	0.00567204
1077	642	642	0	0	0
1078	484	484	0	0	0
1079	631	631	15.3511	0.0243281	0.0243281
1080	2447	2447	69.8473	0.028544	0.028544
1081	488	488	23.0266	0.0471856	0.0471856
1082	636	636	7.96335	0.012521	0.012521
1083	490	490	0	0	0
1084	1411	1411	436.929	0.309659	0.309659
1085	2296	2296	46.245	0.0201416	0.0201416
1086	839	839	65.3379	0.0778759	0.0778759
1087	1493	1493	56.607	0.0379149	0.0379149
1088	4452	4452	511.286	0.114844	0.114844
1089	2218	2218	52.8652	0.0238346	0.0238346
1090	3895	3895	477.993	0.12272	0.12272
1091	2040	2040	14.3916	0.00705471	0.00705471
1092	2568	2568	0	0	0
1093	2351	2351	115.037	0.0489311	0.0489311
1094	3184	3184	0	0	0
1095	1619	1619	115.037	0.0710543	0.0710543
1096	2437	2437	6.71608	0.00275588	0.00275588
1097	4354	4354	0	0	0
1098	1645	1645	135.857	0.0825877	0.0825877
1099	4145	4145	67.0169	0.0161681	0.0161681
1100	1662	1662	0	0	0
1101	1320	1320	43.2228	0.0327445	0.0327445
1102	841	841	0	0	0
1103	878	878	63.419	0.0722312	0.0722312
1104	1482	1482	0	0	0
1105	355	355	22.5469	0.0635123	0.0635123
1106	642	642	19.4766	0.0303374	0.0303374
1107	470	470	24.034	0.0511361	0.0511361
1108	1719	1719	14.3916	0.00837208	0.00837208
1109	505	505	0	0	0
1110	831	831	0	0	0
1111	2211	2211	0	0	0
1112	701	701	0	0	0
1113	816	816	50.6584	0.0620814	0.0620814
1114	1360	1360	2560.17	1.88248	1.88248
1115	786	786	42.1194	0.0535871	0.0535871
1116	601	601	0	0	0
1117	994	994	0	0	0
1118	718	718	53.4408	0.0744301	0.0744301
1119	535	535	18.7091	0.0349703	0.0349703
1120	443	443	0	0	0
1121	1165	1165	88.7482	0.0761787	0.0761787
1122	1342	1342	27.344	0.0203756	0.0203756
1123	1306	1306	27.344	0.0209372	0.0209372
1124	1000	1000	29.7426	0.0297426	0.0297426
1125	609	609	0	0	0
1126	1173	1173	15.7828	0.0134551	0.0134551
1127	835	835	1.15133	0.00137884	0.00137884
1128	1020	1020	41.3039	0.040494	0.040494
1129	588	588	3.83776	0.0065268	0.0065268
1130	583	583	21.2036	0.0363699	0.0363699
1131	362	362	14.3916	0.0397558	0.0397558
1132	1001	1001	26.2887	0.0262624	0.0262624
1133	749	749	41.3519	0.0552095	0.0552095
1134	1058	1058	13.9119	0.0131492	0.0131492
1135	2556	2556	66.2014	0.0259004	0.0259004
1136	1017	1017	41.8316	0.0411324	0.0411324
1137	941	941	9.64237	0.0102469	0.0102469
1138	1455	1455	170.588	0.117243	0.117243
1139	686	686	13.8639	0.0202098	0.0202098
1140	608	608	31.1818	0.0512859	0.0512859
1141	2882	2882	42.887	0.014881	0.014881
1142	499	499	16.2625	0.0325902	0.0325902
1143	1089	1089	34.6358	0.0318051	0.0318051
1144	2306	2306	55.6475	0.0241316	0.0241316
1145	1385	1385	45.6214	0.0329396	0.0329396
1146	862	862	0	0	0
1147	1213	1213	10.314	0.00850287	0.00850287
1148	681	681	24.034	0.0352922	0.0352922
1149	730	730	22.0671	0.0302289	0.0302289
1150	416	416	0	0	0
1151	741	741	136.049	0.183601	0.183601
1152	1016	1016	5.51678	0.0054299	0.0054299
1153	1974	1974	6.71608	0.00340227	0.00340227
1154	1975	1975	48.7875	0.0247026	0.0247026
1155	1006	1006	19.1408	0.0190267	0.0190267
1156	656	656	0	0	0
1157	1267	1267	6.71608	0.00530077	0.00530077
1158	1095	1095	14.3916	0.013143	0.013143
1159	1606	1606	12.9045	0.00803516	0.00803516
1160	1599	1599	0	0	0
1161	585	585	7.67552	0.0131205	0.0131205
1162	661	661	15.3511	0.023224	0.023224
1163	934	934	14.3916	0.0154086	0.0154086
1164	869	869	29.7427	0.0342263	0.0342263
1165	1069	1069	46.6288	0.0436191	0.0436191
1166	2557	2557	22.307	0.00872389	0.00872389
1167	1699	1699	26.8643	0.0158119	0.0158119
1168	1017	1017	25.9529	0.025519	0.025519
1169	434	434	0.383776	0.000884277	0.000884277
1170	667	667	189.825	0.284596	0.284596
1171	1913	1913	64.9061	0.033929	0.033929
1172	638	638	0.383776	0.00060153	0.00060153
1173	865	865	37.3702	0.0432025	0.0432025
1174	797	797	26.5285	0.0332855	0.0332855
1175	664	664	46.245	0.0696461	0.0696461
1176	1069	1069	96.1359	0.0899307	0.0899307
1177	2258	2258	35.4993	0.0157216	0.0157216
1178	751	751	0.287832	0.000383265	0.000383265
1179	1473	1473	14.3916	0.00977026	0.00977026
1180	677	677	0	0	0
1181	885	885	21.1077	0.0238505	0.0238505
1182	1123	1123	13.1443	0.0117047	0.0117047
1183	981	981	28.7832	0.0293407	0.0293407
1184	821	821	7.81944	0.00952428	0.00952428
1185	1317	1317	29.5987	0.0224744	0.0224744
1186	701	701	7.67552	0.0109494	0.0109494
1187	1270	1270	624.116	0.49143	0.49143
1188	691	691	2.11077	0.00305466	0.00305466
1189	1054	1054	15.5429	0.0147466	0.0147466
1190	1280	1280	6.71608	0.00524694	0.00524694
1191	383	383	7.67552	0.0200405	0.0200405
1192	745	745	11.7531	0.015776	0.015776
1193	662	662	2.01482	0.00304354	0.00304354
1194	722	722	2.20671	0.00305639	0.00305639
1195	1105	1105	14.3916	0.0130241	0.0130241
1196	1426	1426	24.2738	0.0170223	0.0170223
1197	970	970	6.71608	0.00692379	0.00692379
1198	540	540	12.3768	0.02292	0.02292
1199	512	512	7.67552	0.0149913	0.0149913
1200	1683	1683	14.3916	0.00855116	0.00855116
1201	796	796	21.1077	0.0265172	0.0265172
1202	648	648	10.4579	0.0161387	0.0161387
1203	1113	1113	8.49104	0.00762897	0.00762897
1204	1292	1292	39.1452	0.0302981	0.0302981
1205	1179	1179	29.4068	0.0249422	0.0249422
1206	3378	3378	0	0	0
1207	983	983	0	0	0
1208	1035	1035	7.67552	0.00741596	0.00741596
1209	1433	1433	21.1077	0.0147297	0.0147297
1210	662	662	0	0	0
1211	2424	2424	86.3496	0.0356228	0.0356228
1212	675	675	15.6869	0.0232398	0.0232398
1213	552	552	0	0	0
1214	879	879	58.7177	0.0668006	0.0668006
1215	850	850	17.9415	0.0211077	0.0211077
1216	851	851	50.8503	0.0597536	0.0597536
1217	893	893	6.71608	0.00752081	0.00752081
1218	649	649	7.67552	0.0118267	0.0118267
1219	1218	1218	32.3331	0.0265461	0.0265461
1220	944	944	14.4396	0.0152962	0.0152962
1221	2003	2003	34.9236	0.0174357	0.0174357
1222	1335	1335	36.4587	0.0273099	0.0273099
1223	971	971	36.6986	0.0377946	0.0377946
1224	1262	1262	37.9938	0.0301061	0.0301061
1225	915	915	17.3179	0.0189267	0.0189267
1226	677	677	27.8717	0.0411695	0.0411695
1227	886	886	18.5652	0.0209539	0.0209539
1228	2086	2086	35.4993	0.0170179	0.0170179
1229	850	850	1.87091	0.00220107	0.00220107
1230	2157	2157	66.6811	0.0309138	0.0309138
1231	2338	2338	35.4993	0.0151836	0.0151836
1232	1672	1672	0	0	0
1233	2463	2463	39.9127	0.0162049	0.0162049
1234	946	946	23.6022	0.0249495	0.0249495
1235	1462	1462	42.1674	0.0288423	0.0288423
1236	627	627	14.3916	0.0229531	0.0229531
1237	1168	1168	29.7426	0.0254646	0.0254646
1238	640	640	13.672	0.0213625	0.0213625
1239	408	408	0	0	0
1240	681	681	14.3916	0.021133	0.021133
1241	4498	4498	506.297	0.11256	0.11256
1242	1049	1049	11.5133	0.0109755	0.0109755
1243	1033	1033	1.63105	0.00157894	0.00157894
1244	1575	1575	27.8238	0.0176659	0.0176659
1245	786	786	12.2808	0.0156245	0.0156245
1246	679	679	7.67552	0.0113042	0.0113042
1247	1964	1964	49.1233	0.0250119	0.0250119
1248	772	772	12.9524	0.0167778	0.0167778
1249	432	432	14.9673	0.0346465	0.0346465
1250	1457	1457	26.3846	0.0181089	0.0181089
1251	3467	3467	71.958	0.0207551	0.0207551
1252	892	892	22.307	0.0250078	0.0250078
1253	1126	1126	0	0	0
1254	1262	1262	57.1826	0.0453111	0.0453111
1255	641	641	28.3515	0.0442301	0.0442301
1256	57302	57302	2327.51	0.0406182	0.0406182
1257	2872	2872	22.0671	0.00768354	0.00768354
1258	4786	4786	68.4081	0.0142934	0.0142934
1259	507	507	0	0	0
1260	4550	4550	103.62	0.0227735	0.0227735
1261	7117	7117	137.2	0.0192778	0.0192778
1262	13949	13949	835.193	0.0598747	0.0598747
1263	774	774	15.351	0.0198334	0.0198334
1264	1041	1041	6.71608	0.00645157	0.00645157
1265	1830	1830	28.7832	0.0157285	0.0157285
1266	1058	1058	7.67552	0.00725474	0.00725474
1267	1923	1923	15.1592	0.00788307	0.00788307
1268	839	839	24.3698	0.0290462	0.0290462
1269	1469	1469	0	0	0
1270	3122	3122	44.1342	0.0141365	0.0141365
1271	2441	2441	17.7496	0.00727146	0.00727146
1272	480	480	0	0	0
1273	4055	4055	52.4334	0.0129306	0.0129306
1274	982	982	6.71608	0.00683919	0.00683919
1275	829	829	2.83035	0.00341417	0.00341417
1276	2466	2466	28.6873	0.0116331	0.0116331
1277	614	614	1.39119	0.00226578	0.00226578
1278	3562	3562	50.8503	0.0142758	0.0142758
1279	878	878	27.8238	0.0316899	0.0316899
1280	938	938	29.167	0.0310949	0.0310949
1281	980	980	6.71608	0.00685314	0.00685314
1282	505	505	22.5469	0.0446472	0.0446472
1283	1583	1583	97.3352	0.0614878	0.0614878
1284	922	922	2.15874	0.00234137	0.00234137
1285	469	469	26.1448	0.0557457	0.0557457
1286	709	709	7.67552	0.0108258	0.0108258
1287	1170	1170	13.4322	0.0114805	0.0114805
1288	770	770	74.8363	0.09719	0.09719
1289	983	983	11.3214	0.0115172	0.0115172
1290	469	469	4.74923	0.0101263	0.0101263
1291	1252	1252	2.68643	0.00214571	0.00214571
1292	1429	1429	14.2957	0.010004	0.010004
1293	686	686	0	0	0
1294	444	444	7.67552	0.0172872	0.0172872
1295	600	600	13.4322	0.022387	0.022387
1296	481	481	0	0	0
1297	457	457	22.8826	0.0500714	0.0500714
1298	702	702	0	0	0
1299	586	586	42.839	0.0731041	0.0731041
1300	711	711	21.1077	0.0296873	0.0296873
1301	835	835	15.399	0.0184419	0.0184419
1302	1760	1760	29.7427	0.0168992	0.0168992
1303	1942	1942	29.7427	0.0153155	0.0153155
1304	1535	1535	49.8909	0.0325022	0.0325022
1305	710	710	0	0	0
1306	912	912	27.7278	0.0304033	0.0304033
1307	930	930	15.7828	0.0169707	0.0169707
1308	972	972	21.0117	0.021617	0.021617
1309	604	604	5.18098	0.00857778	0.00857778
1310	332	332	30.894	0.0930542	0.0930542
1311	1381	1381	0	0	0
1312	866	866	6.71608	0.00775529	0.00775529
1313	561	561	18.5652	0.033093	0.033093
1314	1071	1071	10.5059	0.0098094	0.0098094
1315	868	868	7.67552	0.00884277	0.00884277
1316	1916	1916	29.2149	0.0152479	0.0152479
1317	1059	1059	7.91538	0.00747439	0.00747439
1318	1423	1423	21.2516	0.0149344	0.0149344
1319	367	367	0	0	0
1320	2573	2573	168.094	0.0653299	0.0653299
1321	2804	2804	59.4853	0.0212144	0.0212144
1322	979	979	21.1077	0.0215605	0.0215605
1323	1558	1558	8.7309	0.00560392	0.00560392
1324	1426	1426	29.071	0.0203864	0.0203864
1325	1201	1201	29.7426	0.0247649	0.0247649
1326	957	957	13.4801	0.0140858	0.0140858
1327	872	872	5.03706	0.00577645	0.00577645
1328	1710	1710	40.7762	0.0238457	0.0238457
1329	823	823	3.9337	0.00477971	0.00477971
1330	519	519	15.447	0.029763	0.029763
1331	1692	1692	14.9673	0.0088459	0.0088459
1332	569	569	29.5508	0.0519346	0.0519346
1333	977	977	0	0	0
1334	770	770	7.67552	0.00996821	0.00996821
1335	712	712	0	0	0
1336	1006	1006	9.40252	0.00934644	0.00934644
1337	667	667	4.60531	0.00690452	0.00690452
1338	2593	2593	63.3231	0.0244208	0.0244208
1339	793	793	13.4322	0.0169384	0.0169384
1340	1362	1362	22.0671	0.016202	0.016202
1341	1637	1637	49.8909	0.030477	0.030477
1342	983	983	6.81202	0.00692983	0.00692983
1343	1357	1357	13.0484	0.00961561	0.00961561
1344	2678	2678	37.4182	0.0139724	0.0139724
1345	1325	1325	0	0	0
1346	1425	1425	13.4322	0.00942608	0.00942608
1347	1914	1914	6.71608	0.00350892	0.00350892
1348	813	813	30.6541	0.0377049	0.0377049
1349	1478	1478	0	0	0
1350	579	579	9.40252	0.0162392	0.0162392
1351	586	586	0	0	0
1352	514	514	24.6576	0.047972	0.047972
1353	426	426	0	0	0
1354	1253	1253	4.07762	0.00325429	0.00325429
1355	1637	1637	6.71608	0.00410268	0.00410268
1356	27839	27839	551.678	0.0198167	0.0198167
1357	410	410	2.20671	0.00538222	0.00538222
1358	2154	2154	45.5254	0.0211353	0.0211353
1359	750	750	66.1054	0.0881406	0.0881406
1360	622	622	0.143916	0.000231376	0.000231376
1361	1467	1467	22.0671	0.0150423	0.0150423
1362	1094	1094	0	0	0
1363	1617	1617	35.4993	0.0219538	0.0219538
1364	770	770	20.1483	0.0261666	0.0261666
1365	565	565	23.0266	0.040755	0.040755
1366	1087	1087	0	0	0
1367	3365	3365	79.6336	0.0236652	0.0236652
1368	1111	1111	6.71608	0.00604508	0.00604508
1369	853	853	14.3916	0.0168717	0.0168717
1370	1329	1329	15.351	0.0115508	0.0115508
1371	696	696	10.4099	0.0149568	0.0149568
1372	867	867	6.71608	0.00774634	0.00774634
1373	2151	2151	41.2559	0.0191799	0.0191799
1374	1543	1543	14.5355	0.0094203	0.0094203
1375	1199	1199	48.9314	0.0408102	0.0408102
1376	665	665	13.4322	0.0201987	0.0201987
1377	797	797	31.5656	0.0396055	0.0396055
1378	1095	1095	11.3694	0.010383	0.010383
1379	1112	1112	14.3916	0.0129421	0.0129421
1380	1540	1540	23.986	0.0155753	0.0155753
1381	1467	1467	33.9642	0.0231521	0.0231521
1382	890	890	6.71608	0.00754616	0.00754616
1383	585	585	26.9123	0.0460039	0.0460039
1384	674	674	4.7972	0.00711751	0.00711751
1385	1066	1066	0	0	0
1386	665	665	6.71608	0.0100994	0.0100994
1387	614	614	0	0	0
1388	497	497	7.67552	0.0154437	0.0154437
1389	1251	1251	20.4841	0.0163741	0.0163741
1390	401	401	14.3916	0.0358893	0.0358893
1391	793	793	2.83035	0.00356917	0.00356917
1392	281	281	0	0	0
1393	4809	4809	49.8909	0.0103745	0.0103745
1394	2028	2028	0	0	0
1395	1771	1771	0	0	0
1396	1752	1752	26.4806	0.0151145	0.0151145
1397	2050	2050	21.1077	0.0102964	0.0102964
1398	633	633	10.5538	0.0166727	0.0166727
1399	2203	2203	37.4182	0.0169851	0.0169851
1400	1167	1167	27.8238	0.0238421	0.0238421
1401	2160	2160	9.69034	0.00448627	0.00448627
1402	1292	1292	70.4229	0.0545069	0.0545069
1403	1574	1574	18.6131	0.0118254	0.0118254
1404	919	919	34.6838	0.0377408	0.0377408
1405	3144	3144	23.8901	0.00759862	0.00759862
1406	936	936	0	0	0
1407	1486	1486	17.3179	0.011654	0.011654
1408	752	752	24.3698	0.0324066	0.0324066
1409	645	645	36.5547	0.0566739	0.0566739
1410	1113	1113	28.5913	0.0256885	0.0256885
1411	1325	1325	36.4587	0.027516	0.027516
1412	1234	1234	39.5769	0.032072	0.032072
1413	2007	2007	20.1482	0.010039	0.010039
1414	881	881	0	0	0
1415	1425	1425	23.986	0.0168323	0.0168323
1416	362	362	0	0	0
1417	771	771	9.06671	0.0117597	0.0117597
1418	649	649	7.67552	0.0118267	0.0118267
1419	927	927	13.9599	0.0150592	0.0150592
1420	1012	1012	13.2882	0.0131307	0.0131307
1421	803	803	42.839	0.0533487	0.0533487
1422	2578	2578	15.351	0.00595463	0.00595463
1423	3847	3847	62.3636	0.016211	0.016211
1424	1124	1124	14.3916	0.0128039	0.0128039
1425	1237	1237	23.0266	0.0186148	0.0186148
1426	3657	3657	61.8839	0.016922	0.016922
1427	1627	1627	69.7993	0.0429006	0.0429006
1428	817	817	27.8238	0.034056	0.034056
1429	1553	1553	49.5551	0.0319093	0.0319093
1430	1475	1475	21.1077	0.0143103	0.0143103
1431	1091	1091	23.5063	0.0215456	0.0215456
1432	521	521	0	0	0
1433	1123	1123	14.0078	0.0124736	0.0124736
1434	790	790	7.67552	0.00971585	0.00971585
1435	450	450	0	0	0
1436	371	371	0	0	0
1437	994	994	37.4182	0.037644	0.037644
1438	1351	1351	45.0937	0.033378	0.033378
1439	2247	2247	40.2965	0.0179335	0.0179335
1440	1107	1107	13.3362	0.0120472	0.0120472
1441	641	641	21.2036	0.033079	0.033079
1442	2088	2088	29.7426	0.0142446	0.0142446
1443	768	768	21.1077	0.027484	0.027484
1444	561	561	34.3	0.0611408	0.0611408
1445	645	645	46.293	0.0717721	0.0717721
1446	1231	1231	16.8861	0.0137174	0.0137174
1447	1630	1630	0	0	0
1448	1384	1384	13.4322	0.00970532	0.00970532
1449	5662	5662	73.8769	0.0130478	0.0130478
1450	966	966	69.4155	0.0718587	0.0718587
1451	1409	1409	13.8159	0.00980549	0.00980549
1452	710	710	38.5695	0.0543233	0.0543233
1453	665	665	4.50937	0.006781	0.006781
1454	1136	1136	13.4322	0.0118241	0.0118241
1455	1057	1057	27.2961	0.0258241	0.0258241
1456	385	385	0	0	0
1457	1865	1865	0	0	0
1458	874	874	6.71608	0.0076843	0.0076843
1459	2917	2917	81.4085	0.0279083	0.0279083
1460	1606	1606	1.15133	0.000716892	0.000716892
1461	488	488	13.2882	0.02723	0.02723
1462	1063	1063	6.71608	0.00631804	0.00631804
1463	1235	1235	32.2852	0.0261418	0.0261418
1464	1061	1061	18.7571	0.0176787	0.0176787
1465	1073	1073	58.7177	0.054723	0.054723
1466	1665	1665	53.7766	0.0322983	0.0322983
1467	1628	1628	35.8351	0.0220117	0.0220117
1468	1598	1598	66.2014	0.0414277	0.0414277
1469	312	312	0	0	0
1470	2442	2442	35.7391	0.0146352	0.0146352
1471	548	548	9.88224	0.0180333	0.0180333
1472	509	509	13.4322	0.0263893	0.0263893
1473	1946	1946	27.6319	0.0141993	0.0141993
1474	1645	1645	22.0671	0.0134147	0.0134147
1475	1803	1803	55.2638	0.030651	0.030651
1476	1020	1020	65.0501	0.0637746	0.0637746
1477	929	929	0	0	0
1478	926	926	14.3916	0.0155417	0.0155417
1479	1980	1980	49.8909	0.0251974	0.0251974
1480	1098	1098	45.0937	0.0410689	0.0410689
1481	983	983	15.0632	0.0153237	0.0153237
1482	878	878	12.6646	0.0144244	0.0144244
1483	786	786	24.2739	0.0308828	0.0308828
1484	396	396	17.7496	0.0448223	0.0448223
1485	699	699	106.018	0.151671	0.151671
1486	608	608	10.266	0.0168849	0.0168849
1487	1152	1152	14.3916	0.0124927	0.0124927
1488	1318	1318	31.6615	0.0240224	0.0240224
1489	1021	1021	10.6498	0.0104307	0.0104307
1490	1175	1175	22.0671	0.0187805	0.0187805
1491	1150	1150	38.0418	0.0330798	0.0330798
1492	1179	1179	64.1866	0.0544415	0.0544415
1493	1059	1059	8.77888	0.00828978	0.00828978
1494	1595	1595	34.0122	0.0213242	0.0213242
1495	1003	1003	48.02	0.0478764	0.0478764
1496	523	523	6.95594	0.0133001	0.0133001
1497	1433	1433	35.979	0.0251075	0.0251075
1498	601	601	681.97	1.13473	1.13473
1499	771	771	6.18839	0.00802644	0.00802644
1500	2798	2798	0	0	0
1501	418	418	7.72349	0.0184773	0.0184773
1502	1180	1180	45.4775	0.0385402	0.0385402
1503	1174	1174	8.63496	0.00735516	0.00735516
1504	858	858	50.5146	0.0588748	0.0588748
1505	610	610	11.4653	0.0187956	0.0187956
1506	1136	1136	36.4587	0.032094	0.032094
1507	583	583	7.67552	0.0131656	0.0131656
1508	838	838	22.5948	0.0269628	0.0269628
1509	1465	1465	63.3231	0.0432239	0.0432239
1510	1001	1001	20.1482	0.0201281	0.0201281
1511	1173	1173	25.3292	0.0215935	0.0215935
1512	1315	1315	0	0	0
1513	1008	1008	36.9864	0.0366929	0.0366929
1514	1382	1382	21.1077	0.0152733	0.0152733
1515	1143	1143	24.5137	0.0214468	0.0214468
1516	1607	1607	15.3511	0.00955262	0.00955262
1517	4524	4524	1620.3	0.358157	0.358157
1518	881	881	18.2773	0.0207461	0.0207461
1519	1204	1204	70.5189	0.0585705	0.0585705
1520	747	747	21.1077	0.0282566	0.0282566
1521	618	618	7.67552	0.0124199	0.0124199
1522	523	523	9.73832	0.0186201	0.0186201
1523	1158	1158	48.9315	0.0422551	0.0422551
1524	1137	1137	14.3916	0.0126575	0.0126575
1525	957	957	29.7426	0.031079	0.031079
1526	769	769	46.6288	0.0606356	0.0606356
1527	737	737	12.3288	0.0167284	0.0167284
1528	1152	1152	25.0894	0.021779	0.021779
1529	758	758	18.9969	0.0250619	0.0250619
1530	700	700	23.0266	0.0328951	0.0328951
1531	616	616	6.71608	0.0109027	0.0109027
1532	1266	1266	32.4771	0.0256533	0.0256533
1533	1392	1392	6.71608	0.00482477	0.00482477
1534	1023	1023	27.6799	0.0270575	0.0270575
1535	800	800	13.4322	0.0167902	0.0167902
1536	557	557	9.35454	0.0167945	0.0167945
1537	599	599	14.3916	0.024026	0.024026
1538	1524	1524	11.6092	0.0076176	0.0076176
1539	966	966	99.0622	0.102549	0.102549
1540	417	417	34.3	0.0822542	0.0822542
1541	1470	1470	27.8238	0.0189277	0.0189277
1542	1260	1260	44.518	0.0353318	0.0353318
1543	1023	1023	33.5804	0.0328254	0.0328254
1544	1623	1623	0	0	0
1545	846	846	17.8456	0.0210941	0.0210941
1546	1109	1109	53.7287	0.0484478	0.0484478
1547	1159	1159	0	0	0
1548	736	736	6.71608	0.00912511	0.00912511
1549	634	634	0	0	0
1550	823	823	30.7021	0.0373051	0.0373051
1551	829	829	5.22895	0.00630754	0.00630754
1552	826	826	3.31007	0.00400735	0.00400735
1553	1105	1105	21.1077	0.019102	0.019102
1554	746	746	35.4034	0.0474576	0.0474576
1555	1041	1041	21.1077	0.0202764	0.0202764
1556	1212	1212	30.0785	0.0248172	0.0248172
1557	809	809	22.0671	0.0272771	0.0272771
1558	872	872	9.01874	0.0103426	0.0103426
1559	1383	1383	6.71608	0.00485617	0.00485617
1560	1151	1151	15.3511	0.0133371	0.0133371
1561	764	764	34.5878	0.045272	0.045272
1562	921	921	18.7091	0.0203139	0.0203139
1563	1038	1038	30.0305	0.0289311	0.0289311
1564	439	439	25.713	0.0585717	0.0585717
1565	1660	1660	28.7832	0.0173393	0.0173393
1566	783	783	28.3035	0.0361475	0.0361475
1567	1308	1308	38.3776	0.0293407	0.0293407
1568	996	996	29.7426	0.0298621	0.0298621
1569	877	877	0	0	0
1570	896	896	0	0	0
1571	698	698	5.6607	0.00810988	0.00810988
1572	1166	1166	21.6834	0.0185964	0.0185964
1573	1253	1253	15.5909	0.0124429	0.0124429
1574	2745	2745	86.3496	0.0314571	0.0314571
1575	834	834	13.4322	0.0161057	0.0161057
1576	1808	1808	7.67552	0.00424531	0.00424531
1577	1375	1375	43.9903	0.031993	0.031993
1578	915	915	22.211	0.0242744	0.0242744
1579	853	853	6.71608	0.00787348	0.00787348
1580	1392	1392	67.7365	0.0486613	0.0486613
1581	1693	1693	233.144	0.137711	0.137711
1582	1698	1698	0	0	0
1583	1735	1735	38.2337	0.0220367	0.0220367
1584	1216	1216	172.555	0.141904	0.141904
1585	1975	1975	36.027	0.0182415	0.0182415
1586	598	598	57.2786	0.0957836	0.0957836
1587	446	446	2.15874	0.00484022	0.00484022
1588	479	479	0	0	0
1589	804	804	706.149	0.878294	0.878294
1590	1291	1291	29.7426	0.0230385	0.0230385
1591	704	704	19.4766	0.0276657	0.0276657
1592	1634	1634	56.3192	0.034467	0.034467
1593	4099	4099	49.8909	0.0121715	0.0121715
1594	1295	1295	20.9158	0.0161512	0.0161512
1595	1563	1563	7.67552	0.00491076	0.00491076
1596	2475	2475	58.5259	0.0236468	0.0236468
1597	2754	2754	74.8363	0.0271737	0.0271737
1598	802	802	0	0	0
1599	711	711	7.67552	0.0107954	0.0107954
1600	1051	1051	22.0671	0.0209963	0.0209963
1601	815	815	32.3331	0.0396726	0.0396726
1602	1016	1016	22.2111	0.0218613	0.0218613
1603	345	345	4.70126	0.0136268	0.0136268
1604	911	911	49.795	0.0546597	0.0546597
1605	1012	1012	0.815524	0.000805854	0.000805854
1606	828	828	14.3916	0.0173812	0.0173812
1607	1387	1387	19.7645	0.0142498	0.0142498
1608	811	811	21.0117	0.0259084	0.0259084
1609	1068	1068	23.938	0.0224139	0.0224139
1610	1109	1109	14.3916	0.0129771	0.0129771
1611	1068	1068	68.504	0.0641424	0.0641424
1612	822	822	12.3288	0.0149986	0.0149986
1613	718	718	0	0	0
1614	2725	2725	44.1343	0.0161961	0.0161961
1615	1816	1816	0	0	0
1616	597	597	0	0	0
1617	1429	1429	11.945	0.00835901	0.00835901
1618	2479	2479	50.8503	0.0205124	0.0205124
1619	11055	11055	276.319	0.0249949	0.0249949
1620	595	595	0	0	0
1621	803	803	118.203	0.147202	0.147202
1622	2415	2415	59.5812	0.0246713	0.0246713
1623	3294	3294	42.2154	0.0128158	0.0128158
1624	1575	1575	0	0	0
1625	725	725	6.71608	0.00926356	0.00926356
1626	575	575	2.78238	0.00483891	0.00483891
1627	2943	2943	87.3091	0.0296667	0.0296667
1628	5342	5342	118.011	0.0220912	0.0220912
1629	5860	5860	1242.76	0.212076	0.212076
1630	425	425	18.4692	0.043457	0.043457
1631	4135	4135	252.765	0.0611281	0.0611281
1632	465	465	0	0	0
1633	831	831	0	0	0
1634	3432	3432	177.065	0.0515923	0.0515923
1635	1222	1222	33.1487	0.0271266	0.0271266
1636	1141	1141	5.75664	0.00504526	0.00504526
1637	1916	1916	13.1443	0.0068603	0.0068603
1638	929	929	1.72699	0.00185898	0.00185898
1639	481	481	13.4801	0.0280252	0.0280252
1640	954	954	0	0	0
1641	1620	1620	38.0898	0.0235122	0.0235122
1642	782	782	61.692	0.0788901	0.0788901
1643	644	644	8.53902	0.0132593	0.0132593
1644	1084	1084	5.80461	0.00535481	0.00535481
1645	1077	1077	35.3074	0.0327831	0.0327831
1646	548	548	12.9045	0.0235483	0.0235483
1647	849	849	16.1666	0.0190419	0.0190419
1648	2341	2341	11.8011	0.00504106	0.00504106
1649	834	834	57.8543	0.0693696	0.0693696
1650	565	565	13.4322	0.0237737	0.0237737
1651	644	644	14.4876	0.0224962	0.0224962
1652	2469	2469	14.8233	0.00600379	0.00600379
1653	1035	1035	14.3916	0.0139049	0.0139049
1654	501	501	14.3916	0.0287258	0.0287258
1655	468	468	37.4182	0.0799533	0.0799533
1656	1096	1096	2.97426	0.00271374	0.00271374
1657	960	960	35.4993	0.0369784	0.0369784
1658	308	308	3.54993	0.0115257	0.0115257
1659	681	681	0	0	0
1660	1031	1031	17.3179	0.0167972	0.0167972
1661	640	640	12.9045	0.0201632	0.0201632
1662	374	374	5.6607	0.0151356	0.0151356
1663	1367	1367	45.3335	0.0331628	0.0331628
1664	990	990	12.4247	0.0125503	0.0125503
1665	690	690	33.4845	0.0485282	0.0485282
1666	1071	1071	20.1482	0.0188126	0.0188126
1667	789	789	14.3916	0.0182403	0.0182403
1668	1120	1120	6.71608	0.0059965	0.0059965
1669	995	995	29.7427	0.0298921	0.0298921
1670	926	926	13.672	0.0147646	0.0147646
1671	1387	1387	25.1373	0.0181235	0.0181235
1672	2509	2509	47.5882	0.018967	0.018967
1673	1290	1290	24.4657	0.0189657	0.0189657
1674	587	587	14.3916	0.0245172	0.0245172
1675	494	494	0	0	0
1676	751	751	0	0	0
1677	678	678	14.3916	0.0212266	0.0212266
1678	456	456	7.67552	0.0168323	0.0168323
1679	922	922	0	0	0
1680	1535	1535	44.8539	0.0292208	0.0292208
1681	2153	2153	115.996	0.0538766	0.0538766
1682	1022	1022	15.351	0.0150206	0.0150206
1683	572	572	41.6877	0.0728806	0.0728806
1684	1150	1150	0	0	0
1685	1026	1026	0	0	0
1686	773	773	12.3288	0.0159493	0.0159493
1687	837	837	6.71608	0.00802399	0.00802399
1688	906	906	31.2778	0.0345229	0.0345229
1689	587	587	14.3916	0.0245172	0.0245172
1690	639	639	26.7204	0.041816	0.041816
1691	428	428	0	0	0
1692	4631	4631	0	0	0
1693	1311	1311	24.9455	0.0190278	0.0190278
1694	1068	1068	104.195	0.0975611	0.0975611
1695	969	969	23.6022	0.0243573	0.0243573
1696	1155	1155	38.1377	0.0330197	0.0330197
1697	1090	1090	90.6671	0.0831808	0.0831808
1698	1447	1447	54.7841	0.0378604	0.0378604
1699	1578	1578	0	0	0
1700	1838	1838	31.6136	0.0172	0.0172
1701	991	991	37.4182	0.037758	0.037758
1702	764	764	22.4509	0.029386	0.029386
1703	918	918	61.3082	0.0667846	0.0667846
1704	1315	1315	45.8613	0.0348755	0.0348755
1705	505	505	7.67552	0.015199	0.015199
1706	2140	2140	130.1	0.0607944	0.0607944
1707	578	578	0	0	0
1708	366	366	345.638	0.944367	0.944367
1709	622	622	0	0	0
1710	599	599	6.71608	0.0112122	0.0112122
1711	1097	1097	64.2825	0.0585984	0.0585984
1712	602	602	24.5617	0.0408001	0.0408001
1713	1652	1652	29.7426	0.018004	0.018004
1714	3963	3963	1070.74	0.270183	0.270183
1715	1671	1671	144.252	0.0863266	0.0863266
1716	1580	1580	17.2219	0.0109	0.0109
1717	2018	2018	43.9424	0.0217752	0.0217752
1718	742	742	13.4322	0.0181027	0.0181027
1719	1496	1496	28.7832	0.0192401	0.0192401
1720	1023	1023	3.31007	0.00323565	0.00323565
1721	1116	1116	14.7754	0.0132396	0.0132396
1722	766	766	6.71608	0.00876773	0.00876773
1723	1156	1156	7.67552	0.00663972	0.00663972
1724	1771	1771	28.7832	0.0162525	0.0162525
1725	1152	1152	14.3916	0.0124927	0.0124927
1726	1229	1229	22.0671	0.0179554	0.0179554
1727	1178	1178	36.027	0.0305832	0.0305832
1728	1132	1132	236.598	0.209009	0.209009
1729	1073	1073	42.2154	0.0393433	0.0393433
1730	1373	1373	14.3916	0.0104819	0.0104819
1731	862	862	0	0	0
1732	605	605	47.6842	0.0788168	0.0788168
1733	591	591	6.66811	0.0112828	0.0112828
1734	524	524	0	0	0
1735	1309	1309	286.777	0.219081	0.219081
1736	525	525	23.3144	0.0444084	0.0444084
1737	987	987	2.44657	0.0024788	0.0024788
1738	1938	1938	41.2559	0.0212879	0.0212879
1739	2410	2410	59.965	0.0248818	0.0248818
1740	398	398	22.9306	0.0576146	0.0576146
1741	982	982	41.5438	0.0423053	0.0423053
1742	4772	4772	151.592	0.0317669	0.0317669
1743	2471	2471	84.047	0.0340133	0.0340133
1744	8227	8227	188.386	0.0228985	0.0228985
1745	7889	7889	208.63	0.0264457	0.0264457
1746	6854	6854	269.795	0.0393631	0.0393631
1747	9747	9747	223.166	0.0228958	0.0228958
1748	1179	1179	48.9314	0.0415025	0.0415025
1749	1787	1787	36.8905	0.0206438	0.0206438
1750	2497	2497	36.4587	0.014601	0.014601
1751	690	690	13.9119	0.0201621	0.0201621
1752	1737	1737	193.471	0.111382	0.111382
1753	971	971	109.184	0.112445	0.112445
1754	774	774	1.24727	0.00161146	0.00161146
1755	634	634	13.4322	0.0211864	0.0211864
1756	2250	2250	72.9175	0.0324078	0.0324078
1757	1128	1128	49.8909	0.0442295	0.0442295
1758	396	396	0	0	0
1759	557	557	6.71608	0.0120576	0.0120576
1760	935	935	20.2922	0.0217029	0.0217029
1761	892	892	48.6436	0.0545332	0.0545332
1762	1190	1190	13.9119	0.0116907	0.0116907
1763	1452	1452	32.9088	0.0226645	0.0226645
1764	951	951	15.3511	0.016142	0.016142
1765	632	632	8.3951	0.0132834	0.0132834
1766	620	620	21.9232	0.03536	0.03536
1767	1631	1631	19.2847	0.0118239	0.0118239
1768	1154	1154	16.9821	0.0147158	0.0147158
1769	716	716	6.71608	0.00938	0.00938
1770	1648	1648	41.16	0.0249757	0.0249757
1771	4522	4522	0	0	0
1772	8724	8724	132.403	0.0151768	0.0151768
1773	11234	11234	230.937	0.020557	0.020557
1774	986	986	0	0	0
1775	9737	9737	222.59	0.0228602	0.0228602
1776	1607	1607	27.5359	0.017135	0.017135
1777	717	717	21.1077	0.0294389	0.0294389
1778	930	930	14.3916	0.0154748	0.0154748
1779	1110	1110	28.6873	0.0258444	0.0258444
1780	866	866	48.9315	0.0565028	0.0565028
1781	400	400	4.50937	0.0112734	0.0112734
1782	836	836	12.7606	0.0152638	0.0152638
1783	689	689	27.488	0.0398954	0.0398954
1784	888	888	37.8979	0.0426778	0.0426778
1785	694	694	0.623636	0.000898611	0.000898611
1786	1378	1378	47.972	0.0348128	0.0348128
1787	989	989	14.1997	0.0143577	0.0143577
1788	722	722	0	0	0
1789	930	930	14.3916	0.0154748	0.0154748
1790	553	553	7.67552	0.0138798	0.0138798
1791	794	794	29.7426	0.0374592	0.0374592
1792	1568	1568	0	0	0
1793	1923	1923	50.8503	0.0264432	0.0264432
1794	729	729	33.1966	0.0455372	0.0455372
1795	687	687	0	0	0
1796	1013	1013	12.4247	0.0122653	0.0122653
1797	662	662	16.4064	0.0247831	0.0247831
1798	1184	1184	19.5726	0.0165309	0.0165309
1799	2357	2357	57.9502	0.0245864	0.0245864
1800	1222	1222	21.0597	0.0172338	0.0172338
1801	755	755	8.53902	0.01131	0.01131
1802	940	940	6.71608	0.00714477	0.00714477
1803	1184	1184	26.0968	0.0220412	0.0220412
1804	976	976	13.4801	0.0138116	0.0138116
1805	1432	1432	6.71608	0.00469	0.00469
1806	2814	2814	196.589	0.0698612	0.0698612
1807	1237	1237	49.4592	0.0399832	0.0399832
1808	1570	1570	30.0305	0.0191277	0.0191277
1809	1517	1517	22.0671	0.0145466	0.0145466
1810	1158	1158	14.3916	0.012428	0.012428
1811	484	484	36.8425	0.0761209	0.0761209
1812	833	833	14.6794	0.0176224	0.0176224
1813	1617	1617	34.8757	0.0215681	0.0215681
1814	1132	1132	197.357	0.174343	0.174343
1815	1080	1080	0	0	0
1816	675	675	8.15524	0.0120818	0.0120818
1817	453	453	7.33972	0.0162025	0.0162025
1818	1210	1210	33.2926	0.0275145	0.0275145
1819	635	635	15.351	0.0241749	0.0241749
1820	508	508	49.699	0.0978327	0.0978327
1821	759	759	0	0	0
1822	1207	1207	22.0671	0.0182826	0.0182826
1823	1460	1460	0	0	0
1824	989	989	35.4993	0.0358941	0.0358941
1825	675	675	0	0	0
1826	1229	1229	59.4853	0.0484014	0.0484014
1827	638	638	0	0	0
1828	673	673	6.71608	0.00997932	0.00997932
1829	950	950	0	0	0
1830	903	903	5.18098	0.00573752	0.00573752
1831	503	503	0	0	0
1832	1688	1688	44.1343	0.0261459	0.0261459
1833	303	303	0	0	0
1834	779	779	0	0	0
1835	728	728	6.86	0.00942307	0.00942307
1836	1391	1391	13.4322	0.00965648	0.00965648
1837	986	986	0	0	0
1838	1018	1018	0	0	0
1839	3699	3699	78.6741	0.021269	0.021269
1840	403	403	0	0	0
1841	1262	1262	24.8975	0.0197286	0.0197286
1842	1440	1440	23.0266	0.0159907	0.0159907
1843	865	865	6.71608	0.00776425	0.00776425
1844	1609	1609	56.8468	0.0353305	0.0353305
1845	1948	1948	37.2743	0.0191346	0.0191346
1846	686	686	43.4626	0.0633566	0.0633566
1847	498	498	14.5835	0.0292841	0.0292841
1848	1841	1841	0	0	0
1849	329	329	34.6358	0.105276	0.105276
1850	925	925	16.3585	0.0176848	0.0176848
1851	745	745	14.3916	0.0193176	0.0193176
1852	768	768	16.1666	0.0210502	0.0210502
1853	1272	1272	0	0	0
1854	624	624	11.3694	0.0182201	0.0182201
1855	520	520	7.67552	0.0147606	0.0147606
1856	503	503	16.6463	0.033094	0.033094
1857	1076	1076	14.3916	0.0133751	0.0133751
1858	974	974	0	0	0
1859	685	685	0	0	0
1860	879	879	0	0	0
1861	1177	1177	29.7427	0.0252699	0.0252699
1862	829	829	16.7422	0.0201957	0.0201957
1863	763	763	68.4561	0.0897196	0.0897196
1864	764	764	30.1264	0.0394325	0.0394325
1865	455	455	6.71608	0.0147606	0.0147606
1866	911	911	27.8238	0.030542	0.030542
1867	1142	1142	36.6026	0.0320513	0.0320513
1868	856	856	0	0	0
1869	1119	1119	52.2415	0.0466859	0.0466859
1870	814	814	6.71608	0.00825071	0.00825071
1871	798	798	34.2041	0.0428622	0.0428622
1872	1023	1023	29.7426	0.0290739	0.0290739
1873	577	577	0	0	0
1874	834	834	21.1077	0.025309	0.025309
1875	1431	1431	21.1077	0.0147503	0.0147503
1876	1947	1947	80.4491	0.0413195	0.0413195
1877	599	599	6.23636	0.0104113	0.0104113
1878	895	895	44.7579	0.0500088	0.0500088
1879	633	633	7.67552	0.0121256	0.0121256
1880	835	835	0	0	0
1881	2211	2211	123.912	0.0560433	0.0560433
1882	1191	1191	23.0266	0.0193338	0.0193338
1883	966	966	79.6815	0.0824861	0.0824861
1884	381	381	11.6092	0.0304704	0.0304704
1885	880	880	21.9232	0.0249127	0.0249127
1886	895	895	34.0601	0.038056	0.038056
1887	1903	1903	49.8909	0.026217	0.026217
1888	2092	2092	57.0867	0.0272881	0.0272881
1889	693	693	6.71608	0.00969131	0.00969131
1890	594	594	0.095944	0.000161522	0.000161522
1891	1199	1199	9.21062	0.00768192	0.00768192
1892	474	474	0	0	0
1893	1444	1444	13.4322	0.00930205	0.00930205
1894	896	896	0	0	0
1895	545	545	11.6572	0.0213894	0.0213894
1896	1118	1118	19.2368	0.0172064	0.0172064
1897	2284	2284	0	0	0
1898	929	929	0	0	0
1899	803	803	14.3916	0.0179223	0.0179223
1900	1030	1030	14.3916	0.0139724	0.0139724
1901	1314	1314	85.4861	0.0650579	0.0650579
1902	2306	2306	36.4587	0.0158104	0.0158104
1903	661	661	0	0	0
1904	577	577	2.7344	0.004739	0.004739
1905	1406	1406	6.71608	0.00477673	0.00477673
1906	1002	1002	2.92629	0.00292045	0.00292045
1907	847	847	20.7239	0.0244674	0.0244674
1908	993	993	13.3842	0.0134785	0.0134785
1909	330	330	7.67552	0.0232592	0.0232592
1910	840	840	21.7793	0.0259277	0.0259277
1911	909	909	6.71608	0.00738843	0.00738843
1912	657	657	2.0628	0.00313972	0.00313972
1913	362	362	6.18839	0.017095	0.017095
1914	490	490	0	0	0
1915	351	351	0	0	0
1916	850	850	0	0	0
1917	1005	1005	59.4853	0.0591893	0.0591893
1918	2187	2187	79.3457	0.0362806	0.0362806
1919	918	918	16.1666	0.0176106	0.0176106
1920	1102	1102	0	0	0
1921	2379	2379	0	0	0
1922	1316	1316	42.0235	0.0319327	0.0319327
1923	684	684	6.71608	0.00981883	0.00981883
1924	372	372	3.64587	0.00980074	0.00980074
1925	1578	1578	0	0	0
1926	674	674	23.938	0.0355164	0.0355164
1927	1169	1169	22.0671	0.0188769	0.0188769
1928	1913	1913	85.678	0.0447873	0.0447873
1929	2819	2819	103.572	0.0367405	0.0367405
1930	1106	1106	11.3214	0.0102363	0.0102363
1931	1357	1357	21.1077	0.0155547	0.0155547
1932	937	937	20.1483	0.0215029	0.0215029
1933	767	767	70.231	0.0915659	0.0915659
1934	1097	1097	13.5761	0.0123756	0.0123756
1935	2608	2608	38.3296	0.0146969	0.0146969
1936	554	554	12.1849	0.0219944	0.0219944
1937	1590	1590	21.1077	0.0132753	0.0132753
1938	806	806	6.71608	0.00833261	0.00833261
1939	643	643	15.3511	0.0238741	0.0238741
1940	1776	1776	27.344	0.0153964	0.0153964
1941	1490	1490	0	0	0
1942	527	527	7.67552	0.0145646	0.0145646
1943	1283	1283	13.4322	0.0104693	0.0104693
1944	1659	1659	29.8866	0.0180148	0.0180148
1945	589	589	0	0	0
1946	436	436	14.3916	0.0330083	0.0330083
1947	493	493	3.11818	0.00632491	0.00632491
1948	1703	1703	42.2154	0.0247888	0.0247888
1949	1072	1072	1.72699	0.001611	0.001611
1950	1875	1875	0	0	0
1951	1336	1336	43.5106	0.0325678	0.0325678
1952	1648	1648	28.9751	0.017582	0.017582
1953	827	827	7.67552	0.00928116	0.00928116
1954	1068	1068	42.791	0.0400665	0.0400665
1955	1821	1821	16.2145	0.0089042	0.0089042
1956	18274	18274	329.52	0.0180322	0.0180322
1957	2299	2299	20.1482	0.00876391	0.00876391
1958	9066	9066	229.306	0.025293	0.025293
1959	4622	4622	56.607	0.0122473	0.0122473
1960	3593	3593	21.1077	0.00587467	0.00587467
1961	2558	2558	15.351	0.00600119	0.00600119
1962	2524	2524	175.386	0.0694872	0.0694872
1963	770	770	6.33231	0.00822378	0.00822378
1964	1187	1187	115.708	0.0974798	0.0974798
1965	689	689	33.0527	0.047972	0.047972
1966	1807	1807	21.1077	0.0116811	0.0116811
1967	1246	1246	23.0266	0.0184804	0.0184804
1968	667	667	0	0	0
1969	1508	1508	24.7536	0.0164148	0.0164148
1970	463	463	0	0	0
1971	1325	1325	57.5664	0.0434464	0.0434464
1972	400	400	0	0	0
1973	736	736	6.71608	0.00912511	0.00912511
1974	843	843	14.3436	0.017015	0.017015
1975	1301	1301	22.8347	0.0175516	0.0175516
1976	1488	1488	49.8909	0.0335288	0.0335288
1977	2122	2122	63.3231	0.0298412	0.0298412
1978	478	478	27.9197	0.0584094	0.0584094
1979	1270	1270	15.351	0.0120874	0.0120874
1980	819	819	10.0261	0.0122419	0.0122419
1981	1208	1208	6.71608	0.00555967	0.00555967
1982	889	889	13.0964	0.0147316	0.0147316
1983	815	815	0	0	0
1984	468	468	7.67552	0.0164007	0.0164007
1985	854	854	21.6354	0.0253342	0.0253342
1986	520	520	0	0	0
1987	1073	1073	0	0	0
1988	431	431	19.7645	0.0458572	0.0458572
1989	1184	1184	44.9978	0.0380049	0.0380049
1990	1534	1534	6.71608	0.00437815	0.00437815
1991	621	621	16.6463	0.0268056	0.0268056
1992	1211	1211	2.92629	0.00241643	0.00241643
1993	521	521	23.6982	0.045486	0.045486
1994	309	309	6.71608	0.0217349	0.0217349
1995	2145	2145	57.5664	0.0268375	0.0268375
1996	1236	1236	7.67552	0.00620997	0.00620997
1997	968	968	18.0375	0.0186338	0.0186338
1998	1577	1577	51.9057	0.0329142	0.0329142
1999	524	524	39.0492	0.0745214	0.0745214
2000	621	621	20.532	0.0330628	0.0330628
2001	341	341	47.7801	0.140118	0.140118
2002	612	612	43.1748	0.0705471	0.0705471
2003	679	679	14.3916	0.0211953	0.0211953
2004	2141	2141	7.67552	0.00358502	0.00358502
2005	710	710	37.4182	0.0527017	0.0527017
2006	1281	1281	15.351	0.0119836	0.0119836
2007	1499	1499	26.8643	0.0179215	0.0179215
2008	433	433	0	0	0
2009	3386	3386	263.99	0.0779651	0.0779651
2010	1222	1222	0	0	0
2011	1167	1167	28.7832	0.0246643	0.0246643
2012	728	728	6.47622	0.00889591	0.00889591
2013	905	905	0	0	0
2014	1040	1040	43.0789	0.041422	0.041422
2015	2327	2327	7.67552	0.00329846	0.00329846
2016	2002	2002	28.7832	0.0143772	0.0143772
2017	1639	1639	0.911468	0.000556112	0.000556112
2018	576	576	176.537	0.306488	0.306488
2019	1949	1949	43.1748	0.0221523	0.0221523
2020	682	682	0	0	0
2021	322	322	0	0	0
2022	510	510	16.9341	0.0332041	0.0332041
2023	500	500	0	0	0
2024	812	812	0	0	0
2025	684	684	16.2145	0.0237055	0.0237055
2026	1003	1003	20.8678	0.0208054	0.0208054
2027	516	516	16.1186	0.0312376	0.0312376
2028	774	774	6.71608	0.00867711	0.00867711
2029	992	992	14.3916	0.0145077	0.0145077
2030	1393	1393	28.5913	0.020525	0.020525
2031	8779	8779	54.6881	0.00622942	0.00622942
2032	642	642	25.1373	0.0391547	0.0391547
2033	1891	1891	60.9245	0.0322181	0.0322181
2034	612	612	0	0	0
2035	2565	2565	28.7832	0.0112215	0.0112215
2036	1127	1127	29.7427	0.026391	0.026391
2037	927	927	21.1077	0.0227699	0.0227699
2038	704	704	0	0	0
2039	1183	1183	24.4657	0.0206811	0.0206811
2040	636	636	1.1993	0.00188569	0.00188569
2041	1504	1504	11.945	0.00794218	0.00794218
2042	1061	1061	21.7793	0.0205271	0.0205271
2043	892	892	0	0	0
2044	654	654	15.399	0.0235459	0.0235459
2045	601	601	0	0	0
2046	1259	1259	26.2407	0.0208425	0.0208425
2047	396	396	61.2123	0.154576	0.154576
2048	748	748	27.8238	0.0371976	0.0371976
2049	1446	1446	6.71608	0.00464459	0.00464459
2050	1056	1056	14.3916	0.0136284	0.0136284
2051	1901	1901	28.7832	0.0151411	0.0151411
2052	2769	2769	21.1077	0.00762286	0.00762286
2053	374	374	0	0	0
2054	462	462	0	0	0
2055	1251	1251	0	0	0
2056	1489	1489	22.0671	0.0148201	0.0148201
2057	383	383	7.67552	0.0200405	0.0200405
2058	1943	1943	43.8464	0.0225664	0.0225664
2059	1129	1129	46.0531	0.0407911	0.0407911
2060	1588	1588	58.7178	0.0369759	0.0369759
2061	449	449	9.40252	0.020941	0.020941
2062	922	922	3.54993	0.00385025	0.00385025
2063	631	631	0	0	0
2064	585	585	0	0	0
2065	1381	1381	9.64237	0.00698217	0.00698217
2066	669	669	10.9376	0.0163492	0.0163492
2067	644	644	14.3916	0.0223472	0.0223472
2068	667	667	4.50937	0.00676068	0.00676068
2069	506	506	6.86	0.0135573	0.0135573
2070	2792	2792	43.1748	0.0154638	0.0154638
2071	2889	2889	2.20671	0.000763832	0.000763832
2072	1195	1195	21.1077	0.0176633	0.0176633
2073	490	490	0	0	0
2074	438	438	0	0	0
2075	1798	1798	0	0	0
2076	1629	1629	0	0	0
2077	1879	1879	0	0	0
2078	626	626	0	0	0
2079	2105	2105	0	0	0
2080	587	587	0	0	0
2081	6829	6829	0	0	0
2082	2539	2539	0	0	0
2083	13259	13259	0	0	0
2084	1642	1642	0	0	0
2085	5954	5954	0	0	0
2086	4683	4683	0	0	0
2087	2224	2224	0	0	0
2088	4927	4927	0	0	0
2089	11281	11281	0	0	0
2090	2550	2550	0	0	0
2091	2283	2283	0	0	0
2092	3146	3146	0	0	0
2093	6121	6121	0	0	0
2094	7791	7791	14.3916	0.00184721	0.00184721
2095	20592	20592	0	0	0
2096	2594	2594	0	0	0
2097	6182	6182	0	0	0
2098	1547	1547	0	0	0
2099	1195	1195	0	0	0
2100	4318	4318	0	0	0
2101	1666	1666	0	0	0
2102	8278	8278	0	0	0
2103	6029	6029	0	0	0
2104	2052	2052	0	0	0
2105	7637	7637	0	0	0
2106	2463	2463	0	0	0
2107	6308	6308	6.71608	0.00106469	0.00106469
2108	8387	8387	0	0	0
2109	11252	11252	0	0	0
2110	443	443	0	0	0
2111	1164	1164	0	0	0
