1	753	753	12.0014	0.0159381	0.0159381
2	2974	2974	2834.47	0.953083	0.953083
3	1070	1070	11.0383	0.0103162	0.0103162
4	571	571	5.43527	0.00951887	0.00951887
5	807	807	9.71783	0.0120419	0.0120419
6	1159	1159	0	0	0
7	693	693	29.5693	0.0426686	0.0426686
8	831	831	3.21009	0.00386293	0.00386293
9	744	744	9.86374	0.0132577	0.0132577
10	1743	1743	39.9219	0.0229041	0.0229041
11	1120	1120	32.9764	0.0294432	0.0294432
12	459	459	0	0	0
13	1458	1458	22.5874	0.015492	0.015492
14	756	756	5.83653	0.00772028	0.00772028
15	757	757	10.8632	0.0143504	0.0143504
16	1136	1136	22.1642	0.0195108	0.0195108
17	5886	5886	77.4508	0.0131585	0.0131585
18	412	412	0	0	0
19	616	616	14.8832	0.024161	0.024161
20	2838	2838	47.5531	0.0167559	0.0167559
21	705	705	13.9712	0.0198173	0.0198173
22	1039	1039	13.7742	0.0132572	0.0132572
23	2368	2368	33.6184	0.014197	0.014197
24	502	502	1.02139	0.00203465	0.00203465
25	615	615	0	0	0
26	947	947	12.0306	0.0127039	0.0127039
27	2062	2062	9.73972	0.00472343	0.00472343
28	1047	1047	73.8249	0.0705109	0.0705109
29	885	885	14.7737	0.0166935	0.0166935
30	1662	1662	10.389	0.00625092	0.00625092
31	844	844	0	0	0
32	536	536	10.2212	0.0190694	0.0190694
33	851	851	31.7216	0.0372756	0.0372756
34	411	411	0.393966	0.000958555	0.000958555
35	650	650	15.2188	0.0234135	0.0234135
36	1205	1205	19.2678	0.0159899	0.0159899
37	448	448	2744.77	6.12671	6.12671
38	1077	1077	19.2387	0.0178632	0.0178632
39	1252	1252	575.424	0.459604	0.459604
40	1942	1942	14.9999	0.00772394	0.00772394
41	968	968	21.0845	0.0217815	0.0217815
42	2527	2527	0	0	0
43	998	998	5.34042	0.00535113	0.00535113
44	968	968	22.0767	0.0228065	0.0228065
45	692	692	0.109435	0.000158143	0.000158143
46	787	787	0.0145913	1.85405e-05	1.85405e-05
47	1493	1493	14.8978	0.0099784	0.0099784
48	1152	1152	50.0191	0.0434194	0.0434194
49	686	686	8.03982	0.0117199	0.0117199
50	1117	1117	8.75479	0.00783777	0.00783777
51	1436	1436	34.8149	0.0242444	0.0242444
52	1593	1593	19.2606	0.0120908	0.0120908
53	1548	1548	27.833	0.0179799	0.0179799
54	865	865	14.6278	0.0169108	0.0169108
55	704	704	7.92309	0.0112544	0.0112544
56	858	858	4.3774	0.00510186	0.00510186
57	8769	8769	216.842	0.0247282	0.0247282
58	7558	7558	141.872	0.018771	0.018771
59	468	468	5.60308	0.0119724	0.0119724
60	1297	1297	32.7502	0.0252508	0.0252508
61	601	601	7.15704	0.0119086	0.0119086
62	1199	1199	29.5037	0.0246069	0.0246069
63	495	495	11.0821	0.0223881	0.0223881
64	718	718	5.7198	0.00796629	0.00796629
65	403	403	9.2801	0.0230275	0.0230275
66	627	627	0	0	0
67	957	957	7.58749	0.00792841	0.00792841
68	318	318	1.89687	0.005965	0.005965
69	345	345	6.20131	0.0179748	0.0179748
70	734	734	6.97466	0.00950226	0.00950226
71	441	441	3.98344	0.00903273	0.00903273
72	1477	1477	38.6087	0.0261399	0.0261399
73	474	474	9.55732	0.0201631	0.0201631
74	412	412	4.90268	0.0118997	0.0118997
75	969	969	0	0	0
76	857	857	24.5426	0.0286378	0.0286378
77	442	442	8.34624	0.0188829	0.0188829
78	1372	1372	20.2965	0.0147934	0.0147934
79	749	749	3.23197	0.00431505	0.00431505
80	823	823	15.0437	0.0182791	0.0182791
81	1297	1297	14.9634	0.0115369	0.0115369
82	738	738	23.0251	0.0311993	0.0311993
83	1036	1036	10.1702	0.00981676	0.00981676
84	771	771	11.4688	0.0148752	0.0148752
85	989	989	11.0602	0.0111832	0.0111832
86	862	862	6.74119	0.0078204	0.0078204
87	1086	1086	0	0	0
88	1063	1063	35.5737	0.0334654	0.0334654
89	490	490	6.53692	0.0133406	0.0133406
90	658	658	8.01064	0.0121742	0.0121742
91	1101	1101	90.1015	0.0818361	0.0818361
92	428	428	6.03351	0.014097	0.014097
93	1136	1136	8.57241	0.00754613	0.00754613
94	717	717	0	0	0
95	1256	1256	0	0	0
96	1185	1185	17.0062	0.0143512	0.0143512
97	1219	1219	0	0	0
98	1020	1020	7.79906	0.00764614	0.00764614
99	1685	1685	26.1696	0.0155309	0.0155309
100	433	433	3.21009	0.00741361	0.00741361
101	404	404	244.113	0.60424	0.60424
102	589	589	15.0437	0.025541	0.025541
103	1059	1059	15.0728	0.0142331	0.0142331
104	930	930	21.9745	0.0236285	0.0236285
105	1156	1156	56.9354	0.0492521	0.0492521
106	1223	1223	0	0	0
107	502	502	16.6779	0.0332229	0.0332229
108	4888	4888	40.5201	0.00828971	0.00828971
109	1083	1083	11.9649	0.0110479	0.0110479
110	528	528	3.035	0.0057481	0.0057481
111	720	720	8.7548	0.0121594	0.0121594
112	758	758	6.27427	0.0082774	0.0082774
113	984	984	38.4919	0.0391178	0.0391178
114	947	947	0	0	0
115	973	973	22.7187	0.0233491	0.0233491
116	514	514	2.87449	0.0055924	0.0055924
117	1092	1092	24.2946	0.0222478	0.0222478
118	2093	2093	0	0	0
119	684	684	12.3735	0.0180898	0.0180898
120	1034	1034	10.1701	0.00983573	0.00983573
121	1470	1470	37.8572	0.0257532	0.0257532
122	867	867	21.4566	0.024748	0.024748
123	658	658	6.01162	0.00913621	0.00913621
124	660	660	15.5981	0.0236335	0.0236335
125	1276	1276	19.3481	0.0151631	0.0151631
126	623	623	11.5928	0.018608	0.018608
127	3055	3055	41.7677	0.0136719	0.0136719
128	755	755	7.49994	0.00993369	0.00993369
129	1130	1130	52.0911	0.0460983	0.0460983
130	1991	1991	33.6695	0.0169108	0.0169108
131	915	915	0	0	0
132	1155	1155	47.0571	0.040742	0.040742
133	764	764	5.69062	0.00744845	0.00744845
134	1118	1118	95.617	0.0855251	0.0855251
135	1162	1162	9.51354	0.00818721	0.00818721
136	731	731	9.96588	0.0136332	0.0136332
137	1205	1205	19.5889	0.0162563	0.0162563
138	531	531	0	0	0
139	775	775	15.6127	0.0201455	0.0201455
140	461	461	9.20713	0.0199721	0.0199721
141	1138	1138	14.7227	0.0129373	0.0129373
142	1054	1054	20.1725	0.019139	0.019139
143	1424	1424	18.0641	0.0126854	0.0126854
144	1096	1096	23.5066	0.0214477	0.0214477
145	1330	1330	18.8666	0.0141854	0.0141854
146	886	886	97.7473	0.110324	0.110324
147	864	864	119.992	0.138879	0.138879
148	713	713	13.6137	0.0190936	0.0190936
149	2430	2430	31.4662	0.0129491	0.0129491
150	962	962	15.4814	0.0160929	0.0160929
151	1268	1268	17.3491	0.0136822	0.0136822
152	1298	1298	7.87932	0.00607035	0.00607035
153	310	310	54.7904	0.176743	0.176743
154	437	437	7.01113	0.0160438	0.0160438
155	808	808	20.7999	0.0257425	0.0257425
156	8524	8524	70.3156	0.00824913	0.00824913
157	8077	8077	373.451	0.0462363	0.0462363
158	19056	19056	208.299	0.0109309	0.0109309
159	6486	6486	92.9687	0.0143337	0.0143337
160	6962	6962	53.3824	0.00766768	0.00766768
161	12458	12458	300.888	0.0241522	0.0241522
162	30196	30196	1849.66	0.061255	0.061255
163	861	861	7.18623	0.00834637	0.00834637
164	12524	12524	811.482	0.0647942	0.0647942
165	19642	19642	590.964	0.0300867	0.0300867
166	26100	26100	263.782	0.0101066	0.0101066
167	7514	7514	85.6803	0.0114028	0.0114028
168	6912	6912	104.284	0.0150874	0.0150874
169	1650	1650	36.9161	0.0223734	0.0223734
170	1073	1073	9.9221	0.00924707	0.00924707
171	1712	1712	13.9639	0.00815648	0.00815648
172	1778	1778	100.381	0.0564573	0.0564573
173	10224	10224	310.657	0.0303851	0.0303851
174	2794	2794	95.0188	0.0340082	0.0340082
175	776	776	9.55732	0.0123161	0.0123161
176	3753	3753	60.5467	0.0161329	0.0161329
177	3969	3969	64.6907	0.016299	0.016299
178	4946	4946	62.6406	0.0126649	0.0126649
179	6399	6399	167.479	0.0261727	0.0261727
180	7161	7161	177.708	0.0248161	0.0248161
181	1517	1517	29.562	0.0194872	0.0194872
182	2759	2759	347.478	0.125943	0.125943
183	2367	2367	32.5314	0.0137437	0.0137437
184	604	604	1.02139	0.00169105	0.00169105
185	809	809	28.2999	0.0349813	0.0349813
186	1206	1206	19.9318	0.0165272	0.0165272
187	2380	2380	26.7021	0.0112194	0.0112194
188	934	934	5.42797	0.00581153	0.00581153
189	735	735	10.4109	0.0141645	0.0141645
190	1603	1603	20.7926	0.0129711	0.0129711
191	585	585	6.09188	0.0104135	0.0104135
192	845	845	36.0041	0.0426084	0.0426084
193	2857	2857	0	0	0
194	1218	1218	16.1964	0.0132975	0.0132975
195	1078	1078	27.6871	0.0256837	0.0256837
196	1120	1120	11.943	0.0106634	0.0106634
197	1778	1778	57.913	0.032572	0.032572
198	1196	1196	6.01892	0.00503254	0.00503254
199	1568	1568	35.9531	0.0229292	0.0229292
200	2855	2855	40.936	0.0143383	0.0143383
201	290	290	7.26648	0.0250568	0.0250568
202	2057	2057	45.9773	0.0223516	0.0223516
203	1182	1182	16.6633	0.0140975	0.0140975
204	1041	1041	67.3244	0.0646728	0.0646728
205	794	794	3.356	0.0042267	0.0042267
206	802	802	9.79807	0.012217	0.012217
207	708	708	0	0	0
208	2179	2179	0	0	0
209	687	687	3.96155	0.00576644	0.00576644
210	559	559	35.2819	0.063116	0.063116
211	1649	1649	39.6082	0.0240195	0.0240195
212	544	544	11.2791	0.0207336	0.0207336
213	1138	1138	41.7239	0.0366643	0.0366643
214	518	518	17.1886	0.0331826	0.0331826
215	1201	1201	24.6958	0.0205627	0.0205627
216	682	682	10.9143	0.0160034	0.0160034
217	1248	1248	155.427	0.124541	0.124541
218	687	687	11.0165	0.0160356	0.0160356
219	1205	1205	16.7654	0.0139132	0.0139132
220	924	924	13.1322	0.0142123	0.0142123
221	1431	1431	20.654	0.0144333	0.0144333
222	912	912	15.9483	0.0174872	0.0174872
223	585	585	10.3817	0.0177465	0.0177465
224	823	823	6.68283	0.00812008	0.00812008
225	1426	1426	0	0	0
226	640	640	7.04031	0.0110005	0.0110005
227	974	974	14.0004	0.0143741	0.0143741
228	1396	1396	16.8968	0.0121037	0.0121037
229	1113	1113	23.3607	0.020989	0.020989
230	663	663	7.32485	0.011048	0.011048
231	2485	2485	78.9683	0.031778	0.031778
232	1118	1118	8.67454	0.00775898	0.00775898
233	18795	18795	715.15	0.03805	0.03805
234	1174	1174	3.356	0.00285861	0.00285861
235	1299	1299	0	0	0
236	1151	1151	12.4172	0.0107882	0.0107882
237	774	774	10.0826	0.0130266	0.0130266
238	440	440	3.98343	0.00905325	0.00905325
239	1160	1160	10.0242	0.00864159	0.00864159
240	775	775	7.80636	0.0100727	0.0100727
241	1084	1084	17.3345	0.0159912	0.0159912
242	1098	1098	0	0	0
243	766	766	9.6011	0.0125341	0.0125341
244	1160	1160	17.619	0.0151888	0.0151888
245	990	990	4.50872	0.00455426	0.00455426
246	1524	1524	149.474	0.0980798	0.0980798
247	436	436	10.9435	0.0250998	0.0250998
248	2615	2615	50.4058	0.0192756	0.0192756
249	951	951	23.3388	0.0245414	0.0245414
250	465	465	5.76358	0.0123948	0.0123948
251	823	823	13.2343	0.0160806	0.0160806
252	765	765	51.8211	0.06774	0.06774
253	436	436	83.9585	0.192565	0.192565
254	1042	1042	13.8034	0.013247	0.013247
255	625	625	4.23149	0.00677038	0.00677038
256	2876	2876	49.3406	0.017156	0.017156
257	1900	1900	13.424	0.00706527	0.00706527
258	1492	1492	39.5717	0.0265226	0.0265226
259	1025	1025	9.03932	0.00881885	0.00881885
260	1011	1011	20237.8	20.0176	20.0176
261	1137	1137	38.8932	0.0342069	0.0342069
262	1041	1041	1.16731	0.00112133	0.00112133
263	715	715	9.11958	0.0127547	0.0127547
264	495	495	9.06122	0.0183055	0.0183055
265	831	831	6.32534	0.00761172	0.00761172
266	1059	1059	17.2397	0.0162792	0.0162792
267	1881	1881	42.7672	0.0227364	0.0227364
268	1114	1114	25.3306	0.0227384	0.0227384
269	949	949	52.879	0.0557208	0.0557208
270	682	682	12.4172	0.0182071	0.0182071
271	356	356	0	0	0
272	685	685	32.5752	0.047555	0.047555
273	375	375	4.3628	0.0116341	0.0116341
274	846	846	13.9493	0.0164885	0.0164885
275	785	785	16.9478	0.0215896	0.0215896
276	479	479	9.95129	0.0207751	0.0207751
277	1706	1706	1.16731	0.000684236	0.000684236
278	1438	1438	27.6943	0.0192589	0.0192589
279	916	916	26.1185	0.0285136	0.0285136
280	1077	1077	104.284	0.0968285	0.0968285
281	931	931	14.8904	0.015994	0.015994
282	1475	1475	13.9128	0.00943243	0.00943243
283	1864	1864	47.5167	0.0254918	0.0254918
284	699	699	9.67404	0.0138398	0.0138398
285	620	620	9.29467	0.0149914	0.0149914
286	477	477	8.54323	0.0179103	0.0179103
287	560	560	10.5933	0.0189166	0.0189166
288	599	599	27.8986	0.0465754	0.0465754
289	659	659	15.3063	0.0232266	0.0232266
290	951	951	0	0	0
291	1588	1588	15.2333	0.00959279	0.00959279
292	672	672	0	0	0
293	1629	1629	52.3975	0.0321654	0.0321654
294	728	728	9.57191	0.0131482	0.0131482
295	968	968	6.26697	0.00647415	0.00647415
296	1967	1967	32.3855	0.0164644	0.0164644
297	1723	1723	19.8588	0.0115257	0.0115257
298	613	613	6.54421	0.0106757	0.0106757
299	352	352	6.18672	0.0175759	0.0175759
300	772	772	7.82095	0.0101308	0.0101308
301	1626	1626	22.3977	0.0137747	0.0137747
302	1454	1454	32.8889	0.0226196	0.0226196
303	954	954	13.5626	0.0142166	0.0142166
304	649	649	7.55101	0.0116348	0.0116348
305	2827	2827	101.06	0.035748	0.035748
306	445	445	0.809819	0.00181982	0.00181982
307	659	659	8.79857	0.0133514	0.0133514
308	843	843	0	0	0
309	709	709	9.36764	0.0132125	0.0132125
310	968	968	14.0077	0.0144707	0.0144707
311	382	382	18.9396	0.04958	0.04958
312	1056	1056	74.5398	0.070587	0.070587
313	718	718	15.4668	0.0215415	0.0215415
314	1206	1206	8.33894	0.00691454	0.00691454
315	1484	1484	11.4688	0.00772829	0.00772829
316	2056	2056	58.6863	0.0285439	0.0285439
317	597	597	5.13615	0.00860326	0.00860326
318	803	803	7.20083	0.0089674	0.0089674
319	374	374	4.10016	0.010963	0.010963
320	1583	1583	32.2979	0.020403	0.020403
321	872	872	10.4766	0.0120144	0.0120144
322	739	739	18.6477	0.0252337	0.0252337
323	1928	1928	1062.68	0.551183	0.551183
324	779	779	18.6769	0.0239755	0.0239755
325	940	940	16.3788	0.0174242	0.0174242
326	583	583	5.58848	0.00958573	0.00958573
327	948	948	9.22172	0.00972755	0.00972755
328	841	841	7.89391	0.00938633	0.00938633
329	1193	1193	24.3456	0.0204071	0.0204071
330	795	795	19.1292	0.0240619	0.0240619
331	2044	2044	10.6517	0.00521119	0.00521119
332	567	567	11.8846	0.0209606	0.0209606
333	896	896	20.7781	0.0231898	0.0231898
334	1276	1276	28.92	0.0226646	0.0226646
335	1047	1047	37.0401	0.0353774	0.0353774
336	1586	1586	32.4657	0.0204702	0.0204702
337	1109	1109	17.7576	0.0160123	0.0160123
338	1559	1559	26.7532	0.0171605	0.0171605
339	761	761	4.38469	0.00576175	0.00576175
340	558	558	26.4103	0.0473303	0.0473303
341	1089	1089	0	0	0
342	793	793	41.3373	0.0521277	0.0521277
343	945	945	5.72709	0.00606042	0.00606042
344	1804	1804	40.8193	0.0226271	0.0226271
345	2094	2094	18.8812	0.0090168	0.0090168
346	3696	3696	8.9153	0.00241215	0.00241215
347	367	367	2.49511	0.00679868	0.00679868
348	3157	3157	45.8095	0.0145104	0.0145104
349	1322	1322	12.5631	0.00950312	0.00950312
350	701	701	8.33165	0.0118854	0.0118854
351	1387	1387	26.8481	0.0193569	0.0193569
352	534	534	14.7081	0.0275432	0.0275432
353	1555	1555	23.0689	0.0148353	0.0148353
354	740	740	21.9308	0.0296362	0.0296362
355	639	639	12.5267	0.0196035	0.0196035
356	706	706	221.402	0.3136	0.3136
357	724	724	30.08	0.041547	0.041547
358	956	956	21.2742	0.0222533	0.0222533
359	771	771	23.0689	0.0299207	0.0299207
360	1985	1985	27.8694	0.01404	0.01404
361	1749	1749	20.6394	0.0118007	0.0118007
362	1533	1533	17.2178	0.0112314	0.0112314
363	581	581	2.45864	0.00423174	0.00423174
364	1289	1289	20.9167	0.0162271	0.0162271
365	632	632	4.0272	0.00637216	0.00637216
366	1412	1412	24.6448	0.0174538	0.0174538
367	2550	2550	853.484	0.334699	0.334699
368	483	483	8.71831	0.0180503	0.0180503
369	1469	1469	25.1846	0.0171441	0.0171441
370	338	338	7.19353	0.0212826	0.0212826
371	715	715	13.1322	0.0183667	0.0183667
372	681	681	14.7445	0.0216513	0.0216513
373	594	594	3.06418	0.00515855	0.00515855
374	1817	1817	13.2562	0.00729566	0.00729566
375	1118	1118	13.4094	0.0119941	0.0119941
376	986	986	17.4147	0.017662	0.017662
377	750	750	0	0	0
378	515	515	93.4502	0.181457	0.181457
379	1205	1205	27.9424	0.0231887	0.0231887
380	1014	1014	3.56758	0.00351832	0.00351832
381	980	980	9.27278	0.00946202	0.00946202
382	948	948	7.26648	0.00766507	0.00766507
383	560	560	3.11525	0.00556294	0.00556294
384	3432	3432	90.0286	0.0262321	0.0262321
385	701	701	11.7168	0.0167145	0.0167145
386	2336	2336	40.542	0.0173553	0.0173553
387	876	876	7.30296	0.00833671	0.00833671
388	515	515	0.758748	0.0014733	0.0014733
389	1645	1645	47.6626	0.0289742	0.0289742
390	1624	1624	17.3053	0.010656	0.010656
391	3319	3319	62.8814	0.0189459	0.0189459
392	887	887	7.32484	0.00825799	0.00825799
393	1250	1250	13.8618	0.0110894	0.0110894
394	778	778	8.35354	0.0107372	0.0107372
395	522	522	12.8404	0.0245984	0.0245984
396	654	654	15.4814	0.0236719	0.0236719
397	2069	2069	19.7129	0.00952773	0.00952773
398	495	495	5.03401	0.0101697	0.0101697
399	740	740	11.9065	0.0160899	0.0160899
400	2271	2271	20.5081	0.00903043	0.00903043
401	362	362	0.204279	0.000564306	0.000564306
402	850	850	8.68183	0.0102139	0.0102139
403	959	959	16.211	0.016904	0.016904
404	1346	1346	34.3772	0.0255403	0.0255403
405	976	976	10.1337	0.0103829	0.0103829
406	2237	2237	21.5952	0.00965363	0.00965363
407	484	484	10.7538	0.0222186	0.0222186
408	1382	1382	16.3423	0.0118251	0.0118251
409	458	458	15.4814	0.0338022	0.0338022
410	1327	1327	3.99802	0.00301283	0.00301283
411	757	757	8.81316	0.0116422	0.0116422
412	460	460	9.20713	0.0200155	0.0200155
413	4713	4713	43.3654	0.00920123	0.00920123
414	1077	1077	0	0	0
415	993	993	7.41239	0.00746464	0.00746464
416	552	552	7.11327	0.0128864	0.0128864
417	1702	1702	23.2878	0.0136826	0.0136826
418	871	871	0	0	0
419	911	911	4.45765	0.00489314	0.00489314
420	1798	1798	26.1258	0.0145305	0.0145305
421	807	807	7.81366	0.00968235	0.00968235
422	1078	1078	42.1909	0.0391381	0.0391381
423	777	777	0	0	0
424	1250	1250	0	0	0
425	767	767	1.96983	0.00256823	0.00256823
426	1705	1705	22.3247	0.0130937	0.0130937
427	553	553	8.069	0.0145913	0.0145913
428	2563	2563	25.6953	0.0100255	0.0100255
429	535	535	97.4118	0.182078	0.182078
430	1025	1025	6.8944	0.00672624	0.00672624
431	1147	1147	21.7849	0.0189929	0.0189929
432	1804	1804	33.2099	0.018409	0.018409
433	761	761	7.34673	0.00965405	0.00965405
434	1763	1763	25.0825	0.0142272	0.0142272
435	1254	1254	43.0371	0.0343199	0.0343199
436	878	878	22.8792	0.0260583	0.0260583
437	1222	1222	0	0	0
438	1020	1020	3.8667	0.00379088	0.00379088
439	1115	1115	7.97416	0.00715171	0.00715171
440	1099	1099	14.3652	0.0130711	0.0130711
441	978	978	14.7081	0.0150389	0.0150389
442	472	472	0	0	0
443	703	703	12.7309	0.0181094	0.0181094
444	1625	1625	20.975	0.0129077	0.0129077
445	1074	1074	0	0	0
446	1476	1476	0	0	0
447	1440	1440	25.1409	0.0174589	0.0174589
448	835	835	9.22901	0.0110527	0.0110527
449	832	832	10.2066	0.0122676	0.0122676
450	899	899	9.9148	0.0110287	0.0110287
451	748	748	35.8071	0.0478705	0.0478705
452	1780	1780	5.69062	0.00319698	0.00319698
453	1328	1328	11.5344	0.00868557	0.00868557
454	622	622	31.0139	0.0498616	0.0498616
455	1244	1244	30.1749	0.0242563	0.0242563
456	907	907	11.1551	0.0122989	0.0122989
457	559	559	10.0534	0.0179847	0.0179847
458	746	746	0	0	0
459	745	745	4.5233	0.00607155	0.00607155
460	872	872	13.3657	0.0153276	0.0153276
461	795	795	20.1652	0.0253651	0.0253651
462	1191	1191	0	0	0
463	687	687	5.50093	0.00800718	0.00800718
464	1029	1029	18.4215	0.0179024	0.0179024
465	535	535	8.55781	0.0159959	0.0159959
466	639	639	5.3915	0.0084374	0.0084374
467	769	769	0.21887	0.000284617	0.000284617
468	2280	2280	54.3089	0.0238197	0.0238197
469	2526	2526	30.7877	0.0121883	0.0121883
470	1035	1035	12.8987	0.0124625	0.0124625
471	1275	1275	10.6006	0.00831419	0.00831419
472	641	641	2.23977	0.00349418	0.00349418
473	469	469	5.61036	0.0119624	0.0119624
474	1883	1883	0	0	0
475	1044	1044	4.96105	0.00475196	0.00475196
476	453	453	24.083	0.0531634	0.0531634
477	940	940	1.02139	0.00108659	0.00108659
478	695	695	0	0	0
479	495	495	13.7815	0.0278414	0.0278414
480	495	495	4.72759	0.00955068	0.00955068
481	964	964	5.69062	0.00590313	0.00590313
482	2681	2681	40.0313	0.0149315	0.0149315
483	726	726	0	0	0
484	773	773	7.20082	0.00931542	0.00931542
485	2017	2017	31.1379	0.0154377	0.0154377
486	1040	1040	9.9221	0.00954048	0.00954048
487	408	408	3.56028	0.00872618	0.00872618
488	2851	2851	104.277	0.0365756	0.0365756
489	675	675	19.0052	0.0281559	0.0281559
490	890	890	28.1686	0.0316501	0.0316501
491	1197	1197	0	0	0
492	808	808	0	0	0
493	779	779	1.16001	0.0014891	0.0014891
494	995	995	21.5952	0.0217037	0.0217037
495	2225	2225	110.704	0.0497548	0.0497548
496	818	818	15.2771	0.0186762	0.0186762
497	1323	1323	12.1692	0.00919816	0.00919816
498	1893	1893	0	0	0
499	1880	1880	16.4882	0.00877032	0.00877032
500	1162	1162	6.5661	0.00565069	0.00565069
501	724	724	0	0	0
502	1294	1294	24.5718	0.018989	0.018989
503	910	910	0	0	0
504	1429	1429	22.8281	0.0159749	0.0159749
505	1777	1777	20.6832	0.0116394	0.0116394
506	401	401	18.4434	0.0459936	0.0459936
507	749	749	7.9085	0.0105587	0.0105587
508	2359	2359	0	0	0
509	739	739	2.04279	0.00276426	0.00276426
510	1619	1619	19.1803	0.011847	0.011847
511	1432	1432	0	0	0
512	1032	1032	0	0	0
513	2097	2097	20.7051	0.00987367	0.00987367
514	962	962	0	0	0
515	462	462	4.8735	0.0105487	0.0105487
516	731	731	13.9858	0.0191324	0.0191324
517	1520	1520	24.7542	0.0162856	0.0162856
518	579	579	0	0	0
519	927	927	182.392	0.196755	0.196755
520	1944	1944	15.8827	0.00817009	0.00817009
521	2495	2495	35.2891	0.0141439	0.0141439
522	7583	7583	0	0	0
523	951	951	26.5781	0.0279475	0.0279475
524	1071	1071	0	0	0
525	1185	1185	51.8065	0.0437186	0.0437186
526	2340	2340	0	0	0
527	726	726	11.7971	0.0162494	0.0162494
528	1261	1261	33.83	0.0268279	0.0268279
529	830	830	14.3725	0.0173162	0.0173162
530	839	839	111.259	0.132609	0.132609
531	1118	1118	50.486	0.0451574	0.0451574
532	3994	3994	0	0	0
533	384	384	0	0	0
534	1454	1454	48.4141	0.0332971	0.0332971
535	1745	1745	41.7385	0.0239189	0.0239189
536	590	590	0	0	0
537	1101	1101	0	0	0
538	900	900	0	0	0
539	1444	1444	49.3552	0.0341795	0.0341795
540	1136	1136	43.3071	0.0381224	0.0381224
541	766	766	0	0	0
542	675	675	35.2016	0.0521505	0.0521505
543	571	571	0	0	0
544	637	637	0	0	0
545	576	576	19.6326	0.0340844	0.0340844
546	2281	2281	28.9127	0.0126755	0.0126755
547	701	701	8.52134	0.012156	0.012156
548	1690	1690	218.038	0.129017	0.129017
549	759	759	0	0	0
550	3216	3216	42.1106	0.0130941	0.0130941
551	955	955	19.764	0.0206952	0.0206952
552	1033	1033	0	0	0
553	756	756	0	0	0
554	1256	1256	17.6336	0.0140395	0.0140395
555	744	744	1.16731	0.00156896	0.00156896
556	2087	2087	26.9867	0.0129308	0.0129308
557	1319	1319	0	0	0
558	912	912	17.2761	0.0189431	0.0189431
559	852	852	9.2582	0.0108664	0.0108664
560	515	515	26.0455	0.0505739	0.0505739
561	1574	1574	17.5971	0.0111799	0.0111799
562	949	949	7.59478	0.00800293	0.00800293
563	2363	2363	166.947	0.0706503	0.0706503
564	934	934	22.6676	0.0242694	0.0242694
565	828	828	0	0	0
566	2174	2174	7.46346	0.00343305	0.00343305
567	980	980	0	0	0
568	1366	1366	37.31	0.0273134	0.0273134
569	429	429	14.066	0.032788	0.032788
570	1021	1021	0	0	0
571	859	859	90.3714	0.105205	0.105205
572	480	480	2.04279	0.0042558	0.0042558
573	844	844	0	0	0
574	511	511	7.03302	0.0137632	0.0137632
575	744	744	42.7089	0.0574044	0.0574044
576	828	828	10.7976	0.0130406	0.0130406
577	981	981	13.2489	0.0135055	0.0135055
578	702	702	7.64585	0.0108915	0.0108915
579	822	822	30.0581	0.0365671	0.0365671
580	1106	1106	20.5227	0.0185558	0.0185558
581	680	680	9.04662	0.0133039	0.0133039
582	1000	1000	16.1453	0.0161453	0.0161453
583	864	864	2.04279	0.00236434	0.00236434
584	533	533	0	0	0
585	1684	1684	33.8665	0.0201107	0.0201107
586	1348	1348	0	0	0
587	924	924	13.5772	0.014694	0.014694
588	709	709	45.1164	0.0636339	0.0636339
589	817	817	14.7372	0.0180382	0.0180382
590	1241	1241	18.4872	0.014897	0.014897
591	1079	1079	16.7071	0.0154838	0.0154838
592	1684	1684	9204.02	5.46557	5.46557
593	816	816	3.06418	0.00375512	0.00375512
594	1014	1014	19.3919	0.0191241	0.0191241
595	755	755	23.1856	0.0307094	0.0307094
596	487	487	9.48437	0.0194751	0.0194751
597	2508	2508	39.1777	0.0156211	0.0156211
598	1508	1508	24.6302	0.016333	0.016333
599	1541	1541	9.30927	0.00604106	0.00604106
600	635	635	16.9624	0.0267125	0.0267125
601	3845	3845	41.8042	0.0108723	0.0108723
602	905	905	0	0	0
603	703	703	8.75479	0.0124535	0.0124535
604	347	347	10.5787	0.0304862	0.0304862
605	4150	4150	34.7273	0.00836804	0.00836804
606	650	650	9.84185	0.0151413	0.0151413
607	773	773	0	0	0
608	4195	4195	0	0	0
609	1525	1525	33.0712	0.0216861	0.0216861
610	560	560	9.11228	0.0162719	0.0162719
611	6377	6377	25.6443	0.00402137	0.00402137
612	5742	5742	0	0	0
613	5111	5111	58.6717	0.0114795	0.0114795
614	4422	4422	154.245	0.0348813	0.0348813
615	836	836	28.0518	0.0335548	0.0335548
616	5542	5542	0	0	0
617	3260	3260	127.645	0.0391549	0.0391549
618	341	341	6.35452	0.018635	0.018635
619	1068	1068	19.6983	0.0184441	0.0184441
620	728	728	11.819	0.0162349	0.0162349
621	23606	23606	717.937	0.0304133	0.0304133
622	3796	3796	0	0	0
623	1787	1787	4719.92	2.64125	2.64125
624	10492	10492	657.748	0.0626904	0.0626904
625	4852	4852	18072.8	3.72482	3.72482
626	1060	1060	17.9692	0.0169521	0.0169521
627	550	550	13.745	0.024991	0.024991
628	1169	1169	8.88611	0.00760147	0.00760147
629	834	834	0	0	0
630	1006	1006	0	0	0
631	1174	1174	27.3588	0.0233039	0.0233039
632	408	408	21.3471	0.0523214	0.0523214
633	533	533	22.281	0.0418029	0.0418029
634	1962	1962	57.84	0.0294801	0.0294801
635	2469	2469	199.595	0.0808404	0.0808404
636	892	892	44.0075	0.0493357	0.0493357
637	447	447	52.1057	0.116567	0.116567
638	907	907	66.6022	0.0734313	0.0734313
639	711	711	8.25139	0.0116053	0.0116053
640	571	571	4.42117	0.00774286	0.00774286
641	2275	2275	172.076	0.0756376	0.0756376
642	786	786	10.9435	0.013923	0.013923
643	1024	1024	27.1472	0.0265109	0.0265109
644	1554	1554	77.9031	0.0501307	0.0501307
645	1016	1016	17.889	0.0176072	0.0176072
646	329	329	2.63373	0.00800526	0.00800526
647	1396	1396	48.3265	0.0346178	0.0346178
648	716	716	3.15902	0.00441204	0.00441204
649	610	610	0	0	0
650	1946	1946	25.5786	0.0131442	0.0131442
651	1009	1009	13.0738	0.0129572	0.0129572
652	1062	1062	37.6602	0.0354616	0.0354616
653	418	418	18.5018	0.0442627	0.0442627
654	2075	2075	243.858	0.117522	0.117522
655	1065	1065	32.4803	0.0304979	0.0304979
656	2767	2767	178.656	0.0645668	0.0645668
657	1897	1897	0	0	0
658	1049	1049	113.637	0.108329	0.108329
659	799	799	10.4839	0.0131212	0.0131212
660	726	726	16.2037	0.0223191	0.0223191
661	2304	2304	39.134	0.0169852	0.0169852
662	4385	4385	0	0	0
663	768	768	2.1887	0.00284986	0.00284986
664	7961	7961	925.944	0.11631	0.11631
665	2903	2903	107.122	0.0369005	0.0369005
666	5968	5968	84.6881	0.0141904	0.0141904
667	5012	5012	0	0	0
668	1215	1215	78.7932	0.0648504	0.0648504
669	393	393	5.80735	0.014777	0.014777
670	2017	2017	2.33461	0.00115747	0.00115747
671	1236	1236	0	0	0
672	1063	1063	34.7639	0.0327035	0.0327035
673	619	619	11.9649	0.0193294	0.0193294
674	1015	1015	20.5154	0.0202122	0.0202122
675	1674	1674	65.8069	0.0393112	0.0393112
676	761	761	21.7265	0.0285499	0.0285499
677	1589	1589	31.7872	0.0200045	0.0200045
678	1180	1180	18.3705	0.0155682	0.0155682
679	576	576	510.23	0.885816	0.885816
680	496	496	5.60307	0.0112965	0.0112965
681	627	627	1.06517	0.00169883	0.00169883
682	1441	1441	12.5121	0.00868291	0.00868291
683	1266	1266	138.457	0.109366	0.109366
684	645	645	14.1755	0.0219775	0.0219775
685	559	559	29.3286	0.0524661	0.0524661
686	1313	1313	13.9347	0.0106129	0.0106129
687	2132	2132	47.7574	0.0224003	0.0224003
688	486	486	11.1259	0.0228928	0.0228928
689	453	453	8.87882	0.0196	0.0196
690	1164	1164	13.6867	0.0117583	0.0117583
691	497	497	8.52134	0.0171455	0.0171455
692	820	820	21.2742	0.0259441	0.0259441
693	503	503	70.323	0.139807	0.139807
694	449	449	25.8267	0.0575204	0.0575204
695	1319	1319	84.0169	0.0636974	0.0636974
696	3125	3125	65.1503	0.0208481	0.0208481
697	771	771	37.7332	0.0489406	0.0489406
698	740	740	7.01842	0.00948436	0.00948436
699	1020	1020	93.9098	0.0920684	0.0920684
700	932	932	14.2338	0.0152724	0.0152724
701	1591	1591	646.192	0.406155	0.406155
702	620	620	13.1322	0.021181	0.021181
703	1944	1944	25.6807	0.0132103	0.0132103
704	867	867	10.8341	0.012496	0.012496
705	1490	1490	9.2509	0.00620866	0.00620866
706	541	541	0	0	0
707	4337	4337	27.1618	0.0062628	0.0062628
708	724	724	5.3696	0.00741658	0.00741658
709	1027	1027	39.6301	0.0385882	0.0385882
710	1931	1931	55.5273	0.0287557	0.0287557
711	2222	2222	29.3578	0.0132123	0.0132123
712	750	750	19.1365	0.0255154	0.0255154
713	769	769	17.495	0.0227503	0.0227503
714	726	726	10.3307	0.0142296	0.0142296
715	947	947	13.2708	0.0140135	0.0140135
716	1131	1131	0	0	0
717	877	877	3.96884	0.00452547	0.00452547
718	1394	1394	21.8432	0.0156695	0.0156695
719	1241	1241	241.589	0.194673	0.194673
720	985	985	12.1473	0.0123323	0.0123323
721	720	720	7.58749	0.0105382	0.0105382
722	1693	1693	12.4975	0.00738185	0.00738185
723	1036	1036	19.3408	0.0186687	0.0186687
724	1290	1290	11.819	0.009162	0.009162
725	506	506	1.24026	0.00245111	0.00245111
726	1261	1261	10.659	0.00845279	0.00845279
727	2368	2368	91.9327	0.0388229	0.0388229
728	1514	1514	24.2362	0.0160081	0.0160081
729	987	987	605.351	0.613324	0.613324
730	1153	1153	9.47707	0.00821948	0.00821948
731	1204	1204	18.1224	0.0150518	0.0150518
732	1831	1831	13.2051	0.00721198	0.00721198
733	1490	1490	77.0495	0.0517111	0.0517111
734	750	750	13.4532	0.0179376	0.0179376
735	1434	1434	0	0	0
736	782	782	9.04662	0.0115686	0.0115686
737	696	696	3.356	0.00482185	0.00482185
738	1318	1318	18.7863	0.0142537	0.0142537
739	1723	1723	36.9671	0.0214551	0.0214551
740	860	860	5.07778	0.0059044	0.0059044
741	936	936	17.7139	0.0189251	0.0189251
742	724	724	10.141	0.0140069	0.0140069
743	3052	3052	118.628	0.0388688	0.0388688
744	515	515	5.92408	0.0115031	0.0115031
745	1128	1128	11.1186	0.00985691	0.00985691
746	760	760	34.5961	0.0455211	0.0455211
747	1967	1967	38.6233	0.0196356	0.0196356
748	608	608	4.74218	0.00779963	0.00779963
749	1518	1518	17.3929	0.0114577	0.0114577
750	645	645	21.7776	0.0337637	0.0337637
751	710	710	7.58749	0.0106866	0.0106866
752	383	383	2.64832	0.00691468	0.00691468
753	1165	1165	70.8774	0.060839	0.060839
754	832	832	14.6205	0.0175727	0.0175727
755	800	800	3.44355	0.00430444	0.00430444
756	837	837	0.780637	0.00093266	0.00093266
757	1028	1028	10.4474	0.0101628	0.0101628
758	823	823	0.693089	0.000842149	0.000842149
759	836	836	17.2178	0.0205954	0.0205954
760	1408	1408	42.7891	0.03039	0.03039
761	650	650	20.8948	0.0321458	0.0321458
762	530	530	5.01942	0.0094706	0.0094706
763	1902	1902	0	0	0
764	920	920	0	0	0
765	664	664	12.6799	0.0190962	0.0190962
766	1040	1040	611.676	0.58815	0.58815
767	1503	1503	149.707	0.0996055	0.0996055
768	1128	1128	17.2761	0.0153157	0.0153157
769	1933	1933	44.4744	0.023008	0.023008
770	1091	1091	0	0	0
771	1833	1833	49.5011	0.0270055	0.0270055
772	1204	1204	38.7254	0.032164	0.032164
773	723	723	16.5685	0.0229163	0.0229163
774	1706	1706	276.951	0.162339	0.162339
775	682	682	22.6385	0.0331942	0.0331942
776	459	459	9.53544	0.0207744	0.0207744
777	905	905	69.5641	0.0768664	0.0768664
778	359	359	1.72178	0.00479604	0.00479604
779	1620	1620	50.2818	0.0310381	0.0310381
780	1932	1932	31.1963	0.0161471	0.0161471
781	1385	1385	44.2555	0.0319534	0.0319534
782	319	319	4.75677	0.0149115	0.0149115
783	540	540	4.42117	0.00818736	0.00818736
784	1438	1438	123.968	0.0862086	0.0862086
785	673	673	7.68233	0.0114151	0.0114151
786	2330	2330	35.7488	0.0153428	0.0153428
787	2003	2003	23.7255	0.011845	0.011845
788	3412	3412	62.8011	0.0184059	0.0184059
789	4357	4357	67.9956	0.0156061	0.0156061
790	3151	3151	21.4347	0.0068025	0.0068025
791	1380	1380	10.7392	0.00778204	0.00778204
792	1406	1406	50.3401	0.0358038	0.0358038
793	1153	1153	62.5385	0.0542398	0.0542398
794	808	808	54.805	0.067828	0.067828
795	635	635	14.3579	0.0226108	0.0226108
796	568	568	47.4364	0.0835148	0.0835148
797	762	762	47.7137	0.0626164	0.0626164
798	41362	41362	6913.64	0.167149	0.167149
799	1277	1277	0	0	0
800	1245	1245	5.28936	0.00424848	0.00424848
801	407	407	0	0	0
802	1142	1142	41.4394	0.0362867	0.0362867
803	1252	1252	23.2586	0.0185771	0.0185771
804	1035	1035	9.04662	0.0087407	0.0087407
805	1450	1450	54.6446	0.0376859	0.0376859
806	579	579	132.052	0.228068	0.228068
807	837	837	7.59478	0.00907382	0.00907382
808	371	371	1.86769	0.0050342	0.0050342
809	728	728	17.4731	0.0240015	0.0240015
810	613	613	7.58019	0.0123657	0.0123657
811	1212	1212	42.9277	0.0354189	0.0354189
812	726	726	85.1039	0.117223	0.117223
813	594	594	2.37109	0.00399173	0.00399173
814	660	660	6.44207	0.00976071	0.00976071
815	759	759	0	0	0
816	2223	2223	29.9268	0.0134624	0.0134624
817	665	665	16.4007	0.0246626	0.0246626
818	631	631	13.5626	0.0214939	0.0214939
819	359	359	3.63324	0.0101204	0.0101204
820	909	909	11.9722	0.0131707	0.0131707
821	652	652	10.8851	0.016695	0.016695
822	2069	2069	25.5713	0.0123593	0.0123593
823	1359	1359	20.6613	0.0152033	0.0152033
824	650	650	4.50872	0.00693649	0.00693649
825	458	458	2.83071	0.0061806	0.0061806
826	601	601	32.2614	0.0536796	0.0536796
827	1052	1052	16.3861	0.0155761	0.0155761
828	1711	1711	29.9268	0.0174908	0.0174908
829	776	776	96.0985	0.123838	0.123838
830	1186	1186	63.1878	0.053278	0.053278
831	3310	3310	75.6123	0.0228436	0.0228436
832	1879	1879	46.8528	0.0249349	0.0249349
833	1310	1310	22.3977	0.0170975	0.0170975
834	736	736	3.60406	0.00489681	0.00489681
835	634	634	32.8743	0.0518522	0.0518522
836	1087	1087	13.2051	0.0121482	0.0121482
837	2129	2129	65.143	0.0305979	0.0305979
838	725	725	8.93718	0.0123271	0.0123271
839	2546	2546	31.7142	0.0124565	0.0124565
840	3199	3199	48.414	0.0151341	0.0151341
841	1036	1036	0	0	0
842	380	380	7.55831	0.0198903	0.0198903
843	659	659	9.16335	0.0139049	0.0139049
844	1612	1612	25.4911	0.0158133	0.0158133
845	324	324	5.10696	0.0157622	0.0157622
846	1727	1727	15.7659	0.00912908	0.00912908
847	1286	1286	18.8228	0.0146367	0.0146367
848	727	727	440.884	0.606444	0.606444
849	492	492	3.21009	0.00652457	0.00652457
850	640	640	5.58118	0.00872059	0.00872059
851	1642	1642	42.6942	0.0260014	0.0260014
852	803	803	40.5275	0.0504701	0.0504701
853	2823	2823	47.4656	0.0168139	0.0168139
854	2706	2706	47.5969	0.0175894	0.0175894
855	1017	1017	5.67603	0.00558115	0.00558115
856	429	429	5.05589	0.0117853	0.0117853
857	1938	1938	712.685	0.367742	0.367742
858	1119	1119	12.5558	0.0112206	0.0112206
859	884	884	9.22901	0.0104401	0.0104401
860	1491	1491	23.6088	0.0158342	0.0158342
861	1082	1082	8.90071	0.00822616	0.00822616
862	1045	1045	18.5091	0.0177121	0.0177121
863	971	971	17.8598	0.0183932	0.0183932
864	2154	2154	30.3573	0.0140934	0.0140934
865	915	915	21.6317	0.0236412	0.0236412
866	1794	1794	30.6126	0.0170639	0.0170639
867	802	802	4.10016	0.00511242	0.00511242
868	2769	2769	94.457	0.0341123	0.0341123
869	5965	5965	145.797	0.024442	0.024442
870	11190	11190	229.981	0.0205524	0.0205524
871	669	669	0	0	0
872	7457	7457	182.508	0.0244748	0.0244748
873	1218	1218	16.211	0.0133095	0.0133095
874	13684	13684	6002.88	0.438678	0.438678
875	1558	1558	56.2058	0.0360756	0.0360756
876	7188	7188	144.892	0.0201575	0.0201575
877	4357	4357	81.9011	0.0187976	0.0187976
878	8394	8394	148.824	0.0177298	0.0177298
879	804	804	10.389	0.0129217	0.0129217
880	1015	1015	23.1492	0.022807	0.022807
881	2507	2507	30.8971	0.0123243	0.0123243
882	596	596	2.10115	0.00352542	0.00352542
883	16274	16274	259.375	0.015938	0.015938
884	20877	20877	736.702	0.0352877	0.0352877
885	1057	1057	14.8613	0.0140598	0.0140598
886	475	475	131.752	0.277374	0.277374
887	1860	1860	49.9023	0.0268292	0.0268292
888	2564	2564	39.2434	0.0153055	0.0153055
889	3118	3118	48.6767	0.0156115	0.0156115
890	896	896	38.1344	0.0425608	0.0425608
891	505	505	16.7509	0.03317	0.03317
892	986	986	20.924	0.0212211	0.0212211
893	1231	1231	26.5781	0.0215907	0.0215907
894	893	893	63.7787	0.0714208	0.0714208
895	953	953	88.387	0.092746	0.092746
896	2458	2458	27.4901	0.0111839	0.0111839
897	621	621	6.35452	0.0102327	0.0102327
898	1815	1815	87.4532	0.0481836	0.0481836
899	2826	2826	100.104	0.0354224	0.0354224
900	1070	1070	11.8773	0.0111003	0.0111003
901	6372	6372	66.7626	0.0104775	0.0104775
902	2921	2921	9.77619	0.00334687	0.00334687
903	11326	11326	177.7	0.0156896	0.0156896
904	460	460	12.2932	0.0267243	0.0267243
905	1778	1778	6.98925	0.00393096	0.00393096
906	1430	1430	29.6788	0.0207544	0.0207544
907	492	492	25.4983	0.0518259	0.0518259
908	1120	1120	20.5738	0.0183694	0.0183694
909	1636	1636	21.9673	0.0134274	0.0134274
910	568	568	0.948437	0.00166978	0.00166978
911	1266	1266	12.709	0.0100387	0.0100387
912	1659	1659	31.0212	0.0186987	0.0186987
913	2503	2503	35.8217	0.0143115	0.0143115
914	1051	1051	8.46296	0.00805229	0.00805229
915	3861	3861	47.4291	0.0122842	0.0122842
916	710	710	9.95129	0.0140159	0.0140159
917	1636	1636	9.48437	0.00579729	0.00579729
918	1574	1574	40.3304	0.0256229	0.0256229
919	1150	1150	14.9415	0.0129926	0.0129926
920	1440	1440	13.5335	0.00939824	0.00939824
921	1892	1892	41.6145	0.021995	0.021995
922	1217	1217	8.26599	0.0067921	0.0067921
923	706	706	9.54273	0.0135166	0.0135166
924	1020	1020	55.3012	0.0542168	0.0542168
925	4705	4705	116.169	0.0246905	0.0246905
926	589	589	10.8049	0.0183444	0.0183444
927	1708	1708	3.35601	0.00196487	0.00196487
928	2467	2467	17.94	0.007272	0.007272
929	1167	1167	19.049	0.016323	0.016323
930	943	943	0	0	0
931	604	604	24.6375	0.0407905	0.0407905
932	1334	1334	6.5661	0.00492211	0.00492211
933	773	773	181.159	0.234358	0.234358
934	2031	2031	35.9676	0.0177093	0.0177093
935	1556	1556	25.8412	0.0166075	0.0166075
936	1105	1105	13.4824	0.0122013	0.0122013
937	1702	1702	27.4755	0.0161431	0.0161431
938	887	887	20.3914	0.0229892	0.0229892
939	1207	1207	10.192	0.00844411	0.00844411
940	1947	1947	19.3262	0.00992615	0.00992615
941	878	878	37.4413	0.0426439	0.0426439
942	1083	1083	29.5985	0.0273301	0.0273301
943	3513	3513	18.6331	0.00530405	0.00530405
944	840	840	6.79956	0.00809471	0.00809471
945	898	898	13.5335	0.0150707	0.0150707
946	950	950	13.6429	0.0143609	0.0143609
947	1229	1229	27.8622	0.0226706	0.0226706
948	766	766	26.5198	0.0346211	0.0346211
949	2062	2062	35.3694	0.017153	0.017153
950	834	834	5.8949	0.00706823	0.00706823
951	488	488	9.51354	0.019495	0.019495
952	939	939	10.4693	0.0111494	0.0111494
953	1089	1089	17.1667	0.0157637	0.0157637
954	1685	1685	17.9036	0.0106253	0.0106253
955	468	468	27.1691	0.0580535	0.0580535
956	451	451	4.7057	0.0104339	0.0104339
957	657	657	8.72561	0.013281	0.013281
958	1099	1099	10.3599	0.00942662	0.00942662
959	1221	1221	9.77619	0.00800671	0.00800671
960	2318	2318	24.6812	0.0106476	0.0106476
961	2095	2095	91.3855	0.0436208	0.0436208
962	564	564	8.14196	0.0144361	0.0144361
963	756	756	22.726	0.0300608	0.0300608
964	589	589	5.93137	0.0100702	0.0100702
965	1514	1514	3.05688	0.00201908	0.00201908
966	1096	1096	0.109435	9.98495e-05	9.98495e-05
967	1727	1727	90.0431	0.0521385	0.0521385
968	1549	1549	381.687	0.246409	0.246409
969	853	853	13.6867	0.0160453	0.0160453
970	680	680	3.61865	0.00532154	0.00532154
971	619	619	7.63856	0.0123402	0.0123402
972	832	832	22.6166	0.0271834	0.0271834
973	812	812	13.424	0.016532	0.016532
974	1074	1074	22.6895	0.0211262	0.0211262
975	1032	1032	13.9128	0.0134814	0.0134814
976	949	949	4.73489	0.00498934	0.00498934
977	611	611	25.761	0.0421621	0.0421621
978	1840	1840	18.8228	0.0102298	0.0102298
979	1381	1381	10.5641	0.00764962	0.00764962
980	831	831	54.0536	0.0650464	0.0650464
981	1682	1682	8.5724	0.00509655	0.00509655
982	1457	1457	0	0	0
983	895	895	0	0	0
984	501	501	9.06852	0.0181008	0.0181008
985	329	329	9.79078	0.0297592	0.0297592
986	1252	1252	37.9302	0.0302957	0.0302957
987	1541	1541	0	0	0
988	1287	1287	19.7348	0.0153339	0.0153339
989	1964	1964	3.21009	0.00163446	0.00163446
990	971	971	11.0894	0.0114206	0.0114206
991	1047	1047	12.7966	0.0122221	0.0122221
992	900	900	13.5481	0.0150534	0.0150534
993	1063	1063	95.7556	0.0900806	0.0900806
994	548	548	7.67504	0.0140055	0.0140055
995	643	643	4.83702	0.00752258	0.00752258
996	526	526	84.8996	0.161406	0.161406
997	530	530	7.58749	0.014316	0.014316
998	754	754	45.3353	0.0601264	0.0601264
999	879	879	6.5661	0.00746997	0.00746997
1000	646	646	34.9171	0.0540512	0.0540512
1001	822	822	113.345	0.13789	0.13789
1002	2539	2539	43.4822	0.0171257	0.0171257
1003	505	505	3.79374	0.00751236	0.00751236
1004	3841	3841	191.117	0.0497572	0.0497572
1005	545	545	0.474219	0.000870126	0.000870126
1006	15062	15062	486.526	0.0323016	0.0323016
1007	6641	6641	479.245	0.0721646	0.0721646
1008	663	663	8.14196	0.0122805	0.0122805
1009	5213	5213	212.8	0.040821	0.040821
1010	990	990	18.1662	0.0183497	0.0183497
1011	676	676	0	0	0
1012	1366	1366	11.2134	0.00820896	0.00820896
1013	1888	1888	43.7594	0.0231777	0.0231777
1014	727	727	14.8394	0.0204118	0.0204118
1015	734	734	18.1954	0.0247894	0.0247894
1016	1114	1114	22.9084	0.0205641	0.0205641
1017	532	532	8.7402	0.016429	0.016429
1018	1599	1599	14.0733	0.00880133	0.00880133
1019	605	605	9.07581	0.0150013	0.0150013
1020	583	583	6.0408	0.0103616	0.0103616
1021	919	919	15.8754	0.0172746	0.0172746
1022	646	646	9.70323	0.0150205	0.0150205
1023	684	684	0	0	0
1024	456	456	14.5986	0.0320145	0.0320145
1025	1542	1542	0	0	0
1026	1261	1261	16.1526	0.0128094	0.0128094
1027	1262	1262	59.1679	0.0468842	0.0468842
1028	1496	1496	370.912	0.247936	0.247936
1029	935	935	17.9619	0.0192106	0.0192106
1030	620	620	11.0529	0.0178273	0.0178273
1031	1117	1117	14.1171	0.0126384	0.0126384
1032	300	300	4.8735	0.016245	0.016245
1033	1598	1598	5.39879	0.00337847	0.00337847
1034	616	616	0	0	0
1035	712	712	65.7777	0.0923845	0.0923845
1036	832	832	0	0	0
1037	1091	1091	11.0237	0.0101043	0.0101043
1038	1505	1505	169.916	0.112901	0.112901
1039	3289	3289	51.2958	0.0155962	0.0155962
1040	802	802	11.0894	0.0138272	0.0138272
1041	1230	1230	0	0	0
1042	5385	5385	67.6308	0.0125591	0.0125591
1043	4530	4530	0	0	0
1044	56634	56634	511.783	0.00903668	0.00903668
1045	30431	30431	363.725	0.0119525	0.0119525
1046	1317	1317	8.54322	0.00648688	0.00648688
1047	1295	1295	10.3161	0.00796608	0.00796608
1048	885	885	0	0	0
1049	1754	1754	0	0	0
1050	1224	1224	30.6418	0.0250341	0.0250341
1051	2060	2060	68.4407	0.0332236	0.0332236
1052	1760	1760	15.8462	0.00900351	0.00900351
1053	2547	2547	0	0	0
1054	1677	1677	0	0	0
1055	943	943	20.0558	0.0212681	0.0212681
1056	636	636	7.17164	0.0112762	0.0112762
1057	968	968	6.65364	0.0068736	0.0068736
1058	1035	1035	126.361	0.122088	0.122088
1059	960	960	49.917	0.0519968	0.0519968
1060	695	695	14.9269	0.0214776	0.0214776
1061	651	651	18.7572	0.0288128	0.0288128
1062	2642	2642	143.156	0.0541846	0.0541846
1063	805	805	9.49895	0.0117999	0.0117999
1064	578	578	0	0	0
1065	1883	1883	111.959	0.0594579	0.0594579
1066	1166	1166	4.45035	0.00381677	0.00381677
1067	1611	1611	0	0	0
1068	1021	1021	36.2011	0.0354565	0.0354565
1069	1395	1395	80.6244	0.0577953	0.0577953
1070	945	945	7.41969	0.00785152	0.00785152
1071	731	731	0	0	0
1072	1113	1113	31.0795	0.0279241	0.0279241
1073	689	689	3.76456	0.0054638	0.0054638
1074	762	762	13.2635	0.0174062	0.0174062
1075	874	874	0	0	0
1076	1497	1497	22.6749	0.0151469	0.0151469
1077	642	642	0	0	0
1078	484	484	0	0	0
1079	631	631	5.50822	0.00872935	0.00872935
1080	2447	2447	37.5873	0.0153606	0.0153606
1081	488	488	6.60986	0.0135448	0.0135448
1082	636	636	11.0894	0.0174362	0.0174362
1083	490	490	3.96884	0.00809967	0.00809967
1084	1411	1411	731.96	0.518753	0.518753
1085	2296	2296	110.369	0.0480701	0.0480701
1086	839	839	55.9796	0.0667218	0.0667218
1087	1493	1493	41.4321	0.0277509	0.0277509
1088	4452	4452	253.006	0.0568298	0.0568298
1089	2218	2218	124.522	0.0561418	0.0561418
1090	3895	3895	651.365	0.167231	0.167231
1091	2040	2040	35.0192	0.0171663	0.0171663
1092	2568	2568	1.16731	0.000454559	0.000454559
1093	2351	2351	73.4382	0.031237	0.031237
1094	3184	3184	0	0	0
1095	1619	1619	47.6261	0.029417	0.029417
1096	2437	2437	22.8135	0.00936132	0.00936132
1097	4354	4354	0	0	0
1098	1645	1645	301.931	0.183545	0.183545
1099	4145	4145	67.0253	0.0161702	0.0161702
1100	1662	1662	0	0	0
1101	1320	1320	25.3889	0.019234	0.019234
1102	841	841	0	0	0
1103	878	878	38.5503	0.043907	0.043907
1104	1482	1482	0	0	0
1105	355	355	19.7713	0.0556937	0.0556937
1106	642	642	19.6399	0.0305918	0.0305918
1107	470	470	34.0708	0.072491	0.072491
1108	1719	1719	28.7157	0.0167049	0.0167049
1109	505	505	0	0	0
1110	831	831	0	0	0
1111	2211	2211	2.1887	0.000989915	0.000989915
1112	701	701	0	0	0
1113	816	816	5.64685	0.00692015	0.00692015
1114	1360	1360	4509.39	3.31573	3.31573
1115	786	786	55.2574	0.070302	0.070302
1116	601	601	1.93335	0.00321689	0.00321689
1117	994	994	0	0	0
1118	718	718	32.2906	0.044973	0.044973
1119	535	535	4.45035	0.00831842	0.00831842
1120	443	443	2.21059	0.00499004	0.00499004
1121	1165	1165	39.0683	0.033535	0.033535
1122	1342	1342	22.7041	0.0169181	0.0169181
1123	1306	1306	15.4668	0.0118429	0.0118429
1124	1000	1000	16.7363	0.0167363	0.0167363
1125	609	609	8.59429	0.0141121	0.0141121
1126	1173	1173	27.4755	0.0234233	0.0234233
1127	835	835	6.59528	0.00789854	0.00789854
1128	1020	1020	26.8043	0.0262787	0.0262787
1129	588	588	16.0505	0.0272967	0.0272967
1130	583	583	11.4177	0.0195844	0.0195844
1131	362	362	12.7747	0.0352893	0.0352893
1132	1001	1001	21.3763	0.0213549	0.0213549
1133	749	749	15.7805	0.0210688	0.0210688
1134	1058	1058	10.3453	0.00977812	0.00977812
1135	2556	2556	48.7861	0.0190869	0.0190869
1136	1017	1017	19.494	0.0191682	0.0191682
1137	941	941	9.06121	0.00962934	0.00962934
1138	1455	1455	155.908	0.107154	0.107154
1139	686	686	16.2329	0.0236631	0.0236631
1140	608	608	16.6633	0.0274067	0.0274067
1141	2882	2882	31.5537	0.0109486	0.0109486
1142	499	499	9.62298	0.0192845	0.0192845
1143	1089	1089	9.40411	0.00863555	0.00863555
1144	2306	2306	31.5027	0.0136612	0.0136612
1145	1385	1385	7.5729	0.0054678	0.0054678
1146	862	862	9.92211	0.0115106	0.0115106
1147	1213	1213	24.8855	0.0205157	0.0205157
1148	681	681	15.5763	0.0228726	0.0228726
1149	730	730	37.5508	0.0514394	0.0514394
1150	416	416	7.33943	0.0176429	0.0176429
1151	741	741	78.9318	0.106521	0.106521
1152	1016	1016	13.6575	0.0134424	0.0134424
1153	1974	1974	2.1887	0.00110876	0.00110876
1154	1975	1975	34.5158	0.0174764	0.0174764
1155	1006	1006	13.497	0.0134165	0.0134165
1156	656	656	0	0	0
1157	1267	1267	18.7644	0.0148101	0.0148101
1158	1095	1095	22.4852	0.0205345	0.0205345
1159	1606	1606	16.2037	0.0100895	0.0100895
1160	1599	1599	1.16731	0.000730023	0.000730023
1161	585	585	7.52912	0.0128703	0.0128703
1162	661	661	11.9357	0.018057	0.018057
1163	934	934	26.8043	0.0286984	0.0286984
1164	869	869	15.6054	0.0179579	0.0179579
1165	1069	1069	47.1665	0.0441221	0.0441221
1166	2557	2557	39.2288	0.0153417	0.0153417
1167	1699	1699	26.1185	0.0153729	0.0153729
1168	1017	1017	14.3652	0.014125	0.014125
1169	434	434	0.248053	0.00057155	0.00057155
1170	667	667	75.3205	0.112924	0.112924
1171	1913	1913	33.9102	0.0177262	0.0177262
1172	638	638	12.0378	0.0188681	0.0188681
1173	865	865	42.8694	0.0495599	0.0495599
1174	797	797	10.8997	0.0136759	0.0136759
1175	664	664	6.28886	0.00947118	0.00947118
1176	1069	1069	55.0166	0.0514655	0.0514655
1177	2258	2258	21.814	0.00966078	0.00966078
1178	751	751	8.46297	0.0112689	0.0112689
1179	1473	1473	36.9671	0.0250965	0.0250965
1180	677	677	10.6736	0.015766	0.015766
1181	885	885	16.2547	0.0183669	0.0183669
1182	1123	1123	11.6731	0.0103945	0.0103945
1183	981	981	11.5126	0.0117355	0.0117355
1184	821	821	18.2246	0.022198	0.022198
1185	1317	1317	11.2864	0.00856976	0.00856976
1186	701	701	8.33165	0.0118854	0.0118854
1187	1270	1270	893.157	0.703273	0.703273
1188	691	691	0.612836	0.000886883	0.000886883
1189	1054	1054	13.5991	0.0129024	0.0129024
1190	1280	1280	7.2227	0.00564274	0.00564274
1191	383	383	3.89588	0.010172	0.010172
1192	745	745	21.9235	0.0294275	0.0294275
1193	662	662	13.4532	0.0203221	0.0203221
1194	722	722	1.02139	0.00141467	0.00141467
1195	1105	1105	4.23149	0.0038294	0.0038294
1196	1426	1426	25.0971	0.0175996	0.0175996
1197	970	970	14.3506	0.0147944	0.0147944
1198	540	540	3.66243	0.00678227	0.00678227
1199	512	512	3.38519	0.00661169	0.00661169
1200	1683	1683	21.4493	0.0127447	0.0127447
1201	796	796	11.0894	0.0139314	0.0139314
1202	648	648	11.3812	0.0175636	0.0175636
1203	1113	1113	19.8953	0.0178754	0.0178754
1204	1292	1292	37.5289	0.0290471	0.0290471
1205	1179	1179	11.8627	0.0100617	0.0100617
1206	3378	3378	14.0077	0.00414674	0.00414674
1207	983	983	9.06851	0.00922534	0.00922534
1208	1035	1035	14.9415	0.0144362	0.0144362
1209	1433	1433	19.3335	0.0134916	0.0134916
1210	662	662	22.1059	0.0333926	0.0333926
1211	2424	2424	47.1008	0.019431	0.019431
1212	675	675	8.24409	0.0122135	0.0122135
1213	552	552	3.82293	0.0069256	0.0069256
1214	879	879	48.3995	0.055062	0.055062
1215	850	850	10.7538	0.0126515	0.0126515
1216	851	851	14.3141	0.0168203	0.0168203
1217	893	893	49.5157	0.0554487	0.0554487
1218	649	649	4.10016	0.00631766	0.00631766
1219	1218	1218	24.3821	0.0200182	0.0200182
1220	944	944	5.77817	0.00612094	0.00612094
1221	2003	2003	32.4001	0.0161758	0.0161758
1222	1335	1335	32.3563	0.0242369	0.0242369
1223	971	971	15.3866	0.0158461	0.0158461
1224	1262	1262	15.1896	0.0120361	0.0120361
1225	915	915	29.2775	0.0319973	0.0319973
1226	677	677	22.8281	0.0337196	0.0337196
1227	886	886	19.6691	0.0221999	0.0221999
1228	2086	2086	33.6622	0.0161372	0.0161372
1229	850	850	0	0	0
1230	2157	2157	30.0071	0.0139115	0.0139115
1231	2338	2338	49.5959	0.021213	0.021213
1232	1672	1672	40.3451	0.0241298	0.0241298
1233	2463	2463	30.598	0.0124231	0.0124231
1234	946	946	12.1984	0.0128947	0.0128947
1235	1462	1462	19.5816	0.0133937	0.0133937
1236	627	627	7.36133	0.0117406	0.0117406
1237	1168	1168	21.1428	0.0181017	0.0181017
1238	640	640	8.82775	0.0137934	0.0137934
1239	408	408	5.01212	0.0122846	0.0122846
1240	681	681	14.4527	0.0212228	0.0212228
1241	4498	4498	425.833	0.0946717	0.0946717
1242	1049	1049	9.17794	0.00874923	0.00874923
1243	1033	1033	14.4162	0.0139557	0.0139557
1244	1575	1575	30.1676	0.019154	0.019154
1245	786	786	6.12836	0.00779689	0.00779689
1246	679	679	0.65661	0.000967025	0.000967025
1247	1964	1964	65.1211	0.0331574	0.0331574
1248	772	772	8.33164	0.0107923	0.0107923
1249	432	432	14.2703	0.0330332	0.0330332
1250	1457	1457	12.5048	0.00858253	0.00858253
1251	3467	3467	46.3056	0.0133561	0.0133561
1252	892	892	15.6565	0.0175521	0.0175521
1253	1126	1126	0	0	0
1254	1262	1262	69.6736	0.0552089	0.0552089
1255	641	641	8.02523	0.0125199	0.0125199
1256	57302	57302	1204.47	0.0210197	0.0210197
1257	2872	2872	96.7114	0.0336739	0.0336739
1258	4786	4786	56.4684	0.0117987	0.0117987
1259	507	507	0	0	0
1260	4550	4550	52.4704	0.011532	0.011532
1261	7117	7117	100.169	0.0140747	0.0140747
1262	13949	13949	1065.33	0.0763731	0.0763731
1263	774	774	21.9746	0.0283909	0.0283909
1264	1041	1041	8.98096	0.00862724	0.00862724
1265	1830	1830	26.1623	0.0142963	0.0142963
1266	1058	1058	7.38322	0.00697847	0.00697847
1267	1923	1923	12.1983	0.00634339	0.00634339
1268	839	839	17.4293	0.0207739	0.0207739
1269	1469	1469	9.03204	0.00614842	0.00614842
1270	3122	3122	54.8926	0.0175825	0.0175825
1271	2441	2441	10.2139	0.00418432	0.00418432
1272	480	480	5.39879	0.0112475	0.0112475
1273	4055	4055	55.0677	0.0135802	0.0135802
1274	982	982	11.6512	0.0118647	0.0118647
1275	829	829	12.461	0.0150314	0.0150314
1276	2466	2466	28.0591	0.0113784	0.0113784
1277	614	614	6.76308	0.0110148	0.0110148
1278	3562	3562	36.5586	0.0102635	0.0102635
1279	878	878	57.8838	0.0659268	0.0659268
1280	938	938	37.0474	0.0394962	0.0394962
1281	980	980	13.5553	0.013832	0.013832
1282	505	505	6.49314	0.0128577	0.0128577
1283	1583	1583	145.082	0.0916498	0.0916498
1284	922	922	11.8117	0.0128109	0.0128109
1285	469	469	149.43	0.318614	0.318614
1286	709	709	14.0952	0.0198804	0.0198804
1287	1170	1170	10.6079	0.00906657	0.00906657
1288	770	770	55.0823	0.0715354	0.0715354
1289	983	983	11.8992	0.012105	0.012105
1290	469	469	3.97614	0.0084779	0.0084779
1291	1252	1252	14.4454	0.0115379	0.0115379
1292	1429	1429	29.7371	0.0208097	0.0208097
1293	686	686	0	0	0
1294	444	444	11.5782	0.0260771	0.0260771
1295	600	600	1.13083	0.00188471	0.00188471
1296	481	481	2.07196	0.00430762	0.00430762
1297	457	457	6.18672	0.0135377	0.0135377
1298	702	702	17.0281	0.0242565	0.0242565
1299	586	586	14.2849	0.024377	0.024377
1300	711	711	10.2577	0.0144271	0.0144271
1301	835	835	16.8895	0.0202269	0.0202269
1302	1760	1760	17.6701	0.0100398	0.0100398
1303	1942	1942	12.6361	0.00650674	0.00650674
1304	1535	1535	27.5995	0.0179801	0.0179801
1305	710	710	6.94547	0.00978236	0.00978236
1306	912	912	11.3667	0.0124634	0.0124634
1307	930	930	9.11229	0.00979816	0.00979816
1308	972	972	17.816	0.0183292	0.0183292
1309	604	604	10.3307	0.0171037	0.0171037
1310	332	332	22.7771	0.0686056	0.0686056
1311	1381	1381	2.21059	0.00160072	0.00160072
1312	866	866	8.27328	0.00955344	0.00955344
1313	561	561	2.43675	0.00434358	0.00434358
1314	1071	1071	13.0738	0.0122071	0.0122071
1315	868	868	6.68283	0.00769912	0.00769912
1316	1916	1916	17.0208	0.0088835	0.0088835
1317	1059	1059	8.9007	0.00840482	0.00840482
1318	1423	1423	16.532	0.0116177	0.0116177
1319	367	367	0	0	0
1320	2573	2573	76.5388	0.0297469	0.0297469
1321	2804	2804	35.0703	0.0125072	0.0125072
1322	979	979	19.1219	0.0195321	0.0195321
1323	1558	1558	8.02523	0.00515098	0.00515098
1324	1426	1426	22.2226	0.0155839	0.0155839
1325	1201	1201	9.36033	0.00779378	0.00779378
1326	957	957	7.16434	0.00748625	0.00748625
1327	872	872	4.66923	0.00535462	0.00535462
1328	1710	1710	29.708	0.0173731	0.0173731
1329	823	823	8.82776	0.0107263	0.0107263
1330	519	519	10.4474	0.0201298	0.0201298
1331	1692	1692	17.889	0.0105727	0.0105727
1332	569	569	9.426	0.0165659	0.0165659
1333	977	977	4.08557	0.00418175	0.00418175
1334	770	770	2.99122	0.0038847	0.0038847
1335	712	712	0	0	0
1336	1006	1006	14.3725	0.0142867	0.0142867
1337	667	667	5.15803	0.00773318	0.00773318
1338	2593	2593	27.3733	0.0105566	0.0105566
1339	793	793	8.53593	0.0107641	0.0107641
1340	1362	1362	25.0168	0.0183677	0.0183677
1341	1637	1637	28.2488	0.0172565	0.0172565
1342	983	983	17.619	0.0179237	0.0179237
1343	1357	1357	20.085	0.014801	0.014801
1344	2678	2678	28.1467	0.0105103	0.0105103
1345	1325	1325	0	0	0
1346	1425	1425	10.6006	0.00743902	0.00743902
1347	1914	1914	18.7426	0.00979236	0.00979236
1348	813	813	30.2405	0.0371962	0.0371962
1349	1478	1478	0	0	0
1350	579	579	7.63856	0.0131927	0.0131927
1351	586	586	5.41339	0.00923786	0.00923786
1352	514	514	24.1997	0.0470812	0.0470812
1353	426	426	6.29616	0.0147797	0.0147797
1354	1253	1253	12.4026	0.00989834	0.00989834
1355	1637	1637	25.367	0.015496	0.015496
1356	27839	27839	459.992	0.0165233	0.0165233
1357	410	410	3.82293	0.00932421	0.00932421
1358	2154	2154	33.1077	0.0153704	0.0153704
1359	750	750	167.071	0.222761	0.222761
1360	622	622	13.4751	0.0216641	0.0216641
1361	1467	1467	22.9084	0.0156158	0.0156158
1362	1094	1094	0	0	0
1363	1617	1617	24.5718	0.0151959	0.0151959
1364	770	770	4.64004	0.00602603	0.00602603
1365	565	565	9.28009	0.0164249	0.0164249
1366	1087	1087	7.87203	0.00724197	0.00724197
1367	3365	3365	30.992	0.0092101	0.0092101
1368	1111	1111	15.7732	0.0141973	0.0141973
1369	853	853	8.41189	0.00986154	0.00986154
1370	1329	1329	22.8719	0.0172099	0.0172099
1371	696	696	4.08556	0.00587006	0.00587006
1372	867	867	8.0909	0.00933206	0.00933206
1373	2151	2151	31.0941	0.0144557	0.0144557
1374	1543	1543	22.8281	0.0147946	0.0147946
1375	1199	1199	58.1173	0.0484715	0.0484715
1376	665	665	8.06171	0.0121229	0.0121229
1377	797	797	6.42018	0.00805544	0.00805544
1378	1095	1095	8.27328	0.00755551	0.00755551
1379	1112	1112	17.101	0.0153786	0.0153786
1380	1540	1540	11.8409	0.00768886	0.00768886
1381	1467	1467	14.1828	0.00966787	0.00966787
1382	890	890	26.5562	0.0298385	0.0298385
1383	585	585	4.47224	0.00764486	0.00764486
1384	674	674	1.56127	0.00231643	0.00231643
1385	1066	1066	16.1818	0.0151799	0.0151799
1386	665	665	0	0	0
1387	614	614	8.92989	0.0145438	0.0145438
1388	497	497	1.29133	0.00259826	0.00259826
1389	1251	1251	16.8603	0.0134774	0.0134774
1390	401	401	1.02139	0.00254712	0.00254712
1391	793	793	7.49265	0.00944848	0.00944848
1392	281	281	3.04229	0.0108267	0.0108267
1393	4809	4809	44.168	0.00918444	0.00918444
1394	2028	2028	0	0	0
1395	1771	1771	28.8908	0.0163133	0.0163133
1396	1752	1752	29.6496	0.0169233	0.0169233
1397	2050	2050	35.0265	0.0170861	0.0170861
1398	633	633	20.53	0.0324329	0.0324329
1399	2203	2203	31.313	0.0142138	0.0142138
1400	1167	1167	16.6925	0.0143038	0.0143038
1401	2160	2160	11.2353	0.00520154	0.00520154
1402	1292	1292	71.1474	0.0550676	0.0550676
1403	1574	1574	26.9064	0.0170943	0.0170943
1404	919	919	24.5061	0.0266661	0.0266661
1405	3144	3144	34.9535	0.0111175	0.0111175
1406	936	936	2.33461	0.00249424	0.00249424
1407	1486	1486	2.79424	0.00188038	0.00188038
1408	752	752	26.0018	0.0345768	0.0345768
1409	645	645	40.5785	0.0629124	0.0629124
1410	1113	1113	24.2362	0.0217756	0.0217756
1411	1325	1325	14.5986	0.0110178	0.0110178
1412	1234	1234	24.3237	0.0197113	0.0197113
1413	2007	2007	24.5937	0.012254	0.012254
1414	881	881	0.87548	0.000993735	0.000993735
1415	1425	1425	20.136	0.0141305	0.0141305
1416	362	362	0.605541	0.00167276	0.00167276
1417	771	771	14.3287	0.0185845	0.0185845
1418	649	649	7.63126	0.0117585	0.0117585
1419	927	927	3.72809	0.00402167	0.00402167
1420	1012	1012	6.98924	0.00690637	0.00690637
1421	803	803	14.4381	0.0179802	0.0179802
1422	2578	2578	27.2128	0.0105558	0.0105558
1423	3847	3847	31.7653	0.00825717	0.00825717
1424	1124	1124	32.6992	0.0290918	0.0290918
1425	1237	1237	2.1887	0.00176936	0.00176936
1426	3657	3657	63.6766	0.0174122	0.0174122
1427	1627	1627	21.4857	0.0132057	0.0132057
1428	817	817	12.9279	0.0158236	0.0158236
1429	1553	1553	19.3919	0.0124867	0.0124867
1430	1475	1475	16.4153	0.011129	0.011129
1431	1091	1091	19.8442	0.018189	0.018189
1432	521	521	3.15172	0.00604937	0.00604937
1433	1123	1123	17.495	0.0155788	0.0155788
1434	790	790	12.855	0.0162721	0.0162721
1435	450	450	4.74218	0.0105382	0.0105382
1436	371	371	0	0	0
1437	994	994	18.779	0.0188924	0.0188924
1438	1351	1351	11.4688	0.00848911	0.00848911
1439	2247	2247	17.0791	0.00760086	0.00760086
1440	1107	1107	8.14196	0.00735498	0.00735498
1441	641	641	69.8924	0.109037	0.109037
1442	2088	2088	25.5202	0.0122223	0.0122223
1443	768	768	8.82046	0.011485	0.011485
1444	561	561	9.78349	0.0174394	0.0174394
1445	645	645	13.0228	0.0201903	0.0201903
1446	1231	1231	16.3933	0.0133171	0.0133171
1447	1630	1630	0	0	0
1448	1384	1384	11.8482	0.00856081	0.00856081
1449	5662	5662	44.0658	0.00778273	0.00778273
1450	966	966	87.5699	0.0906521	0.0906521
1451	1409	1409	6.85792	0.00486723	0.00486723
1452	710	710	20.136	0.0283606	0.0283606
1453	665	665	5.70521	0.00857926	0.00857926
1454	1136	1136	5.8876	0.00518274	0.00518274
1455	1057	1057	13.0155	0.0123136	0.0123136
1456	385	385	5.80735	0.015084	0.015084
1457	1865	1865	0	0	0
1458	874	874	4.91728	0.00562618	0.00562618
1459	2917	2917	52.1275	0.0178703	0.0178703
1460	1606	1606	14.1682	0.00882202	0.00882202
1461	488	488	5.97515	0.0122442	0.0122442
1462	1063	1063	3.37789	0.0031777	0.0031777
1463	1235	1235	35.8144	0.0289995	0.0289995
1464	1061	1061	16.5685	0.0156159	0.0156159
1465	1073	1073	27.8111	0.025919	0.025919
1466	1665	1665	32.4292	0.019477	0.019477
1467	1628	1628	16.7144	0.0102668	0.0102668
1468	1598	1598	20.5008	0.012829	0.012829
1469	312	312	0	0	0
1470	2442	2442	20.3038	0.00831443	0.00831443
1471	548	548	15.7732	0.0287833	0.0287833
1472	509	509	4.88809	0.00960332	0.00960332
1473	1946	1946	29.5328	0.0151762	0.0151762
1474	1645	1645	14.7883	0.00898985	0.00898985
1475	1803	1803	29.2994	0.0162504	0.0162504
1476	1020	1020	15.8754	0.0155641	0.0155641
1477	929	929	10.9143	0.0117485	0.0117485
1478	926	926	6.01163	0.00649204	0.00649204
1479	1980	1980	23.6306	0.0119347	0.0119347
1480	1098	1098	17.4512	0.0158937	0.0158937
1481	983	983	17.9911	0.0183022	0.0183022
1482	878	878	23.3388	0.0265818	0.0265818
1483	786	786	16.3861	0.0208474	0.0208474
1484	396	396	9.20713	0.0232503	0.0232503
1485	699	699	81.5145	0.116616	0.116616
1486	608	608	9.11958	0.0149993	0.0149993
1487	1152	1152	15.7513	0.013673	0.013673
1488	1318	1318	25.5202	0.0193628	0.0193628
1489	1021	1021	4.18041	0.00409443	0.00409443
1490	1175	1175	8.9007	0.00757507	0.00757507
1491	1150	1150	14.9123	0.0129673	0.0129673
1492	1179	1179	60.2038	0.0510635	0.0510635
1493	1059	1059	7.94497	0.00750234	0.00750234
1494	1595	1595	23.3461	0.0146371	0.0146371
1495	1003	1003	29.6058	0.0295173	0.0295173
1496	523	523	3.23928	0.00619364	0.00619364
1497	1433	1433	20.3695	0.0142146	0.0142146
1498	601	601	1383.56	2.30209	2.30209
1499	771	771	19.3116	0.0250475	0.0250475
1500	2798	2798	0	0	0
1501	418	418	4.23149	0.0101232	0.0101232
1502	1180	1180	19.4648	0.0164956	0.0164956
1503	1174	1174	41.8334	0.0356332	0.0356332
1504	858	858	36.9453	0.0430597	0.0430597
1505	610	610	32.3125	0.0529713	0.0529713
1506	1136	1136	11.9503	0.0105196	0.0105196
1507	583	583	4.77136	0.00818415	0.00818415
1508	838	838	14.2047	0.0169507	0.0169507
1509	1465	1465	193.474	0.132064	0.132064
1510	1001	1001	14.3068	0.0142925	0.0142925
1511	1173	1173	30.992	0.0264211	0.0264211
1512	1315	1315	0	0	0
1513	1008	1008	14.2922	0.0141788	0.0141788
1514	1382	1382	26.0893	0.0188779	0.0188779
1515	1143	1143	29.7955	0.0260678	0.0260678
1516	1607	1607	15.9046	0.00989705	0.00989705
1517	4524	4524	2525.85	0.558322	0.558322
1518	881	881	17.298	0.0196345	0.0196345
1519	1204	1204	50.2088	0.0417016	0.0417016
1520	747	747	19.443	0.0260281	0.0260281
1521	618	618	5.61037	0.00907826	0.00907826
1522	523	523	12.0597	0.0230588	0.0230588
1523	1158	1158	26.9356	0.0232605	0.0232605
1524	1137	1137	13.745	0.0120889	0.0120889
1525	957	957	23.1127	0.0241512	0.0241512
1526	769	769	27.0669	0.0351976	0.0351976
1527	737	737	8.63806	0.0117206	0.0117206
1528	1152	1152	34.6033	0.0300376	0.0300376
1529	758	758	13.4094	0.0176906	0.0176906
1530	700	700	40.3888	0.0576983	0.0576983
1531	616	616	14.8394	0.0240899	0.0240899
1532	1266	1266	34.6106	0.0273386	0.0273386
1533	1392	1392	23.1929	0.0166616	0.0166616
1534	1023	1023	22.2372	0.0217372	0.0217372
1535	800	800	6.75579	0.00844473	0.00844473
1536	557	557	7.84284	0.0140805	0.0140805
1537	599	599	7.76259	0.0129592	0.0129592
1538	1524	1524	15.3939	0.010101	0.010101
1539	966	966	66.2447	0.0685762	0.0685762
1540	417	417	3.72079	0.00892275	0.00892275
1541	1470	1470	29.9268	0.0203584	0.0203584
1542	1260	1260	19.9609	0.015842	0.015842
1543	1023	1023	14.781	0.0144487	0.0144487
1544	1623	1623	0	0	0
1545	846	846	5.48633	0.00648503	0.00648503
1546	1109	1109	22.6458	0.02042	0.02042
1547	1159	1159	0	0	0
1548	736	736	11.2864	0.0153348	0.0153348
1549	634	634	0	0	0
1550	823	823	15.4303	0.0187489	0.0187489
1551	829	829	8.22222	0.00991824	0.00991824
1552	826	826	4.85161	0.00587362	0.00587362
1553	1105	1105	24.5864	0.0222501	0.0222501
1554	746	746	19.3481	0.0259358	0.0259358
1555	1041	1041	11.6658	0.0112063	0.0112063
1556	1212	1212	26.1696	0.021592	0.021592
1557	809	809	7.43428	0.00918947	0.00918947
1558	872	872	20.9677	0.0240456	0.0240456
1559	1383	1383	3.10796	0.00224726	0.00224726
1560	1151	1151	16.4444	0.0142871	0.0142871
1561	764	764	33.0713	0.043287	0.043287
1562	921	921	32.7576	0.0355674	0.0355674
1563	1038	1038	13.3292	0.0128412	0.0128412
1564	439	439	21.2231	0.0483442	0.0483442
1565	1660	1660	44.168	0.0266072	0.0266072
1566	783	783	21.4493	0.0273937	0.0273937
1567	1308	1308	10.5641	0.00807654	0.00807654
1568	996	996	14.7081	0.0147671	0.0147671
1569	877	877	0	0	0
1570	896	896	8.5797	0.00957556	0.00957556
1571	698	698	1.02139	0.00146331	0.00146331
1572	1166	1166	12.4026	0.0106369	0.0106369
1573	1253	1253	14.3725	0.0114704	0.0114704
1574	2745	2745	39.9292	0.0145461	0.0145461
1575	834	834	18.8009	0.0225431	0.0225431
1576	1808	1808	13.1614	0.00727953	0.00727953
1577	1375	1375	22.726	0.016528	0.016528
1578	915	915	19.4211	0.0212252	0.0212252
1579	853	853	7.82095	0.00916876	0.00916876
1580	1392	1392	19.1292	0.0137423	0.0137423
1581	1693	1693	92.2026	0.0544611	0.0544611
1582	1698	1698	26.921	0.0158545	0.0158545
1583	1735	1735	39.7979	0.0229382	0.0229382
1584	1216	1216	118.795	0.0976935	0.0976935
1585	1975	1975	28.8398	0.0146024	0.0146024
1586	598	598	66.7991	0.111704	0.111704
1587	446	446	8.43379	0.0189098	0.0189098
1588	479	479	0	0	0
1589	804	804	541.543	0.673561	0.673561
1590	1291	1291	12.0743	0.00935269	0.00935269
1591	704	704	6.77037	0.009617	0.009617
1592	1634	1634	28.5917	0.017498	0.017498
1593	4099	4099	57.6358	0.0140609	0.0140609
1594	1295	1295	26.6438	0.0205743	0.0205743
1595	1563	1563	0	0	0
1596	2475	2475	32.276	0.0130408	0.0130408
1597	2754	2754	42.9277	0.0155874	0.0155874
1598	802	802	0	0	0
1599	711	711	3.39978	0.00478169	0.00478169
1600	1051	1051	21.4055	0.0203668	0.0203668
1601	815	815	7.7334	0.00948884	0.00948884
1602	1016	1016	19.0198	0.0187203	0.0187203
1603	345	345	3.88129	0.0112501	0.0112501
1604	911	911	12.4026	0.0136143	0.0136143
1605	1012	1012	12.0233	0.0118807	0.0118807
1606	828	828	4.39199	0.00530433	0.00530433
1607	1387	1387	22.5655	0.0162693	0.0162693
1608	811	811	16.3934	0.0202138	0.0202138
1609	1068	1068	17.8525	0.0167158	0.0167158
1610	1109	1109	18.1808	0.0163939	0.0163939
1611	1068	1068	46.0357	0.0431046	0.0431046
1612	822	822	27.3661	0.033292	0.033292
1613	718	718	0	0	0
1614	2725	2725	50.61	0.0185725	0.0185725
1615	1816	1816	0	0	0
1616	597	597	0	0	0
1617	1429	1429	19.4502	0.0136111	0.0136111
1618	2479	2479	25.243	0.0101827	0.0101827
1619	11055	11055	152.596	0.0138034	0.0138034
1620	595	595	0	0	0
1621	803	803	294.512	0.366764	0.366764
1622	2415	2415	23.171	0.00959463	0.00959463
1623	3294	3294	25.491	0.00773863	0.00773863
1624	1575	1575	0	0	0
1625	725	725	1.26215	0.0017409	0.0017409
1626	575	575	7.49264	0.0130307	0.0130307
1627	2943	2943	47.8595	0.0162622	0.0162622
1628	5342	5342	63.91	0.0119637	0.0119637
1629	5860	5860	1479.05	0.252398	0.252398
1630	425	425	7.21541	0.0169774	0.0169774
1631	4135	4135	198.296	0.0479556	0.0479556
1632	465	465	0	0	0
1633	831	831	0	0	0
1634	3432	3432	90.8164	0.0264617	0.0264617
1635	1222	1222	24.5061	0.0200541	0.0200541
1636	1141	1141	11.8919	0.0104224	0.0104224
1637	1916	1916	46.6047	0.024324	0.024324
1638	929	929	18.013	0.0193897	0.0193897
1639	481	481	5.26018	0.0109359	0.0109359
1640	954	954	1.5248	0.00159832	0.00159832
1641	1620	1620	23.1564	0.0142941	0.0142941
1642	782	782	48.5016	0.0620225	0.0620225
1643	644	644	11.2645	0.0174915	0.0174915
1644	1084	1084	1.02139	0.000942245	0.000942245
1645	1077	1077	3.47273	0.00322445	0.00322445
1646	548	548	6.40559	0.011689	0.011689
1647	849	849	11.4615	0.0135	0.0135
1648	2341	2341	31.955	0.0136502	0.0136502
1649	834	834	43.2779	0.0518919	0.0518919
1650	565	565	6.7266	0.0119055	0.0119055
1651	644	644	14.8613	0.0230765	0.0230765
1652	2469	2469	25.243	0.010224	0.010224
1653	1035	1035	7.41239	0.00716173	0.00716173
1654	501	501	13.1322	0.026212	0.026212
1655	468	468	11.6147	0.0248177	0.0248177
1656	1096	1096	26.7897	0.0244431	0.0244431
1657	960	960	19.2606	0.0200631	0.0200631
1658	308	308	9.98048	0.0324041	0.0324041
1659	681	681	1.87499	0.00275329	0.00275329
1660	1031	1031	13.8691	0.013452	0.013452
1661	640	640	17.9765	0.0280883	0.0280883
1662	374	374	2.1814	0.00583262	0.00583262
1663	1367	1367	30.5761	0.0223673	0.0223673
1664	990	990	6.50043	0.00656609	0.00656609
1665	690	690	18.8082	0.0272583	0.0272583
1666	1071	1071	3.91048	0.00365124	0.00365124
1667	789	789	23.0762	0.0292474	0.0292474
1668	1120	1120	7.7334	0.00690482	0.00690482
1669	995	995	10.8122	0.0108665	0.0108665
1670	926	926	12.1692	0.0131416	0.0131416
1671	1387	1387	22.4779	0.0162062	0.0162062
1672	2509	2509	19.2897	0.00768822	0.00768822
1673	1290	1290	12.3297	0.00955789	0.00955789
1674	587	587	25.5786	0.0435751	0.0435751
1675	494	494	6.5515	0.0132622	0.0132622
1676	751	751	0	0	0
1677	678	678	13.0738	0.0192829	0.0192829
1678	456	456	5.31124	0.0116475	0.0116475
1679	922	922	1.16731	0.00126606	0.00126606
1680	1535	1535	15.2479	0.00993351	0.00993351
1681	2153	2153	100.585	0.0467187	0.0467187
1682	1022	1022	11.7971	0.0115431	0.0115431
1683	572	572	55.9213	0.0977645	0.0977645
1684	1150	1150	3.39248	0.00294998	0.00294998
1685	1026	1026	0	0	0
1686	773	773	13.1979	0.0170736	0.0170736
1687	837	837	7.12056	0.00850724	0.00850724
1688	906	906	12.4902	0.0137861	0.0137861
1689	587	587	10.5203	0.0179222	0.0179222
1690	639	639	7.9085	0.0123764	0.0123764
1691	428	428	3.17361	0.00741498	0.00741498
1692	4631	4631	0	0	0
1693	1311	1311	11.1697	0.00851995	0.00851995
1694	1068	1068	29.1316	0.0272768	0.0272768
1695	969	969	16.9843	0.0175277	0.0175277
1696	1155	1155	28.672	0.0248242	0.0248242
1697	1090	1090	108.195	0.0992612	0.0992612
1698	1447	1447	34.2167	0.0236466	0.0236466
1699	1578	1578	0	0	0
1700	1838	1838	27.3806	0.014897	0.014897
1701	991	991	10.5058	0.0106012	0.0106012
1702	764	764	33.9395	0.0444234	0.0444234
1703	918	918	43.5186	0.0474059	0.0474059
1704	1315	1315	23.959	0.0182197	0.0182197
1705	505	505	2.93285	0.00580763	0.00580763
1706	2140	2140	160.067	0.0747976	0.0747976
1707	578	578	11.7606	0.0203471	0.0203471
1708	366	366	840.534	2.29654	2.29654
1709	622	622	11.6147	0.0186731	0.0186731
1710	599	599	5.24558	0.00875723	0.00875723
1711	1097	1097	22.2664	0.0202975	0.0202975
1712	602	602	6.88711	0.0114404	0.0114404
1713	1652	1652	20.8656	0.0126305	0.0126305
1714	3963	3963	1091.74	0.275483	0.275483
1715	1671	1671	80.7484	0.0483234	0.0483234
1716	1580	1580	24.6156	0.0155795	0.0155795
1717	2018	2018	69.1702	0.0342766	0.0342766
1718	742	742	7.90121	0.0106485	0.0106485
1719	1496	1496	24.2143	0.016186	0.016186
1720	1023	1023	13.9931	0.0136785	0.0136785
1721	1116	1116	7.0622	0.00632814	0.00632814
1722	766	766	9.26549	0.0120959	0.0120959
1723	1156	1156	7.77717	0.00672766	0.00672766
1724	1771	1771	30.2916	0.0171042	0.0171042
1725	1152	1152	10.1118	0.0087776	0.0087776
1726	1229	1229	15.4814	0.0125967	0.0125967
1727	1178	1178	11.7387	0.00996496	0.00996496
1728	1132	1132	318.164	0.281063	0.281063
1729	1073	1073	22.8208	0.0212683	0.0212683
1730	1373	1373	22.0256	0.016042	0.016042
1731	862	862	4.11476	0.0047735	0.0047735
1732	605	605	11.0894	0.0183296	0.0183296
1733	591	591	4.3774	0.00740677	0.00740677
1734	524	524	3.26116	0.00622358	0.00622358
1735	1309	1309	471.06	0.359862	0.359862
1736	525	525	43.898	0.0836153	0.0836153
1737	987	987	7.99604	0.00810136	0.00810136
1738	1938	1938	30.919	0.0159541	0.0159541
1739	2410	2410	28.0883	0.0116549	0.0116549
1740	398	398	11.7168	0.0294393	0.0294393
1741	982	982	19.1292	0.0194799	0.0194799
1742	4772	4772	89.8097	0.0188201	0.0188201
1743	2471	2471	57.84	0.0234075	0.0234075
1744	8227	8227	77.6404	0.00943727	0.00943727
1745	7889	7889	132.847	0.0168395	0.0168395
1746	6854	6854	278.009	0.0405615	0.0405615
1747	9747	9747	145.585	0.0149364	0.0149364
1748	1179	1179	19.764	0.0167633	0.0167633
1749	1787	1787	19.1	0.0106883	0.0106883
1750	2497	2497	34.7711	0.0139252	0.0139252
1751	690	690	9.45518	0.0137032	0.0137032
1752	1737	1737	130.629	0.0752038	0.0752038
1753	971	971	125.07	0.128805	0.128805
1754	774	774	7.63127	0.00985952	0.00985952
1755	634	634	0	0	0
1756	2250	2250	69.2359	0.0307715	0.0307715
1757	1128	1128	34.9098	0.0309484	0.0309484
1758	396	396	0.831706	0.00210027	0.00210027
1759	557	557	13.9785	0.025096	0.025096
1760	935	935	4.83702	0.00517329	0.00517329
1761	892	892	16.0432	0.0179856	0.0179856
1762	1190	1190	14.263	0.0119857	0.0119857
1763	1452	1452	10.4912	0.00722531	0.00722531
1764	951	951	17.4731	0.0183734	0.0183734
1765	632	632	14.4381	0.0228451	0.0228451
1766	620	620	9.65216	0.015568	0.015568
1767	1631	1631	32.9399	0.0201962	0.0201962
1768	1154	1154	10.7976	0.00935665	0.00935665
1769	716	716	7.62396	0.010648	0.010648
1770	1648	1648	24.0319	0.0145825	0.0145825
1771	4522	4522	0	0	0
1772	8724	8724	92.3923	0.0105906	0.0105906
1773	11234	11234	139.61	0.0124274	0.0124274
1774	986	986	15.744	0.0159676	0.0159676
1775	9737	9737	159.585	0.0163896	0.0163896
1776	1607	1607	32.7867	0.0204024	0.0204024
1777	717	717	10.3161	0.0143878	0.0143878
1778	930	930	9.77619	0.010512	0.010512
1779	1110	1110	17.3783	0.0156561	0.0156561
1780	866	866	41.3227	0.0477167	0.0477167
1781	400	400	7.45617	0.0186404	0.0186404
1782	836	836	4.62545	0.00553283	0.00553283
1783	689	689	2.32002	0.00336723	0.00336723
1784	888	888	36.3762	0.0409642	0.0409642
1785	694	694	10.9727	0.0158108	0.0158108
1786	1378	1378	22.9668	0.0166667	0.0166667
1787	989	989	10.5131	0.01063	0.01063
1788	722	722	10.783	0.0149349	0.0149349
1789	930	930	1.02139	0.00109827	0.00109827
1790	553	553	13.621	0.0246311	0.0246311
1791	794	794	13.3073	0.0167598	0.0167598
1792	1568	1568	0	0	0
1793	1923	1923	37.507	0.0195044	0.0195044
1794	729	729	22.4925	0.030854	0.030854
1795	687	687	8.01793	0.0116709	0.0116709
1796	1013	1013	11.3448	0.0111992	0.0111992
1797	662	662	7.32484	0.0110647	0.0110647
1798	1184	1184	12.0524	0.0101794	0.0101794
1799	2357	2357	26.527	0.0112546	0.0112546
1800	1222	1222	17.94	0.0146809	0.0146809
1801	755	755	6.01163	0.00796242	0.00796242
1802	940	940	6.74849	0.00717924	0.00717924
1803	1184	1184	16.3715	0.0138273	0.0138273
1804	976	976	11.2937	0.0115714	0.0115714
1805	1432	1432	8.94448	0.00624615	0.00624615
1806	2814	2814	203.17	0.0721996	0.0721996
1807	1237	1237	24.6083	0.0198935	0.0198935
1808	1570	1570	14.781	0.00941466	0.00941466
1809	1517	1517	21.8141	0.0143797	0.0143797
1810	1158	1158	8.72561	0.00753507	0.00753507
1811	484	484	30.1749	0.0623448	0.0623448
1812	833	833	11.0456	0.0132601	0.0132601
1813	1617	1617	17.495	0.0108194	0.0108194
1814	1132	1132	187.134	0.165313	0.165313
1815	1080	1080	0	0	0
1816	675	675	48.4797	0.0718218	0.0718218
1817	453	453	4.08557	0.00901892	0.00901892
1818	1210	1210	11.0602	0.00914067	0.00914067
1819	635	635	9.23631	0.0145454	0.0145454
1820	508	508	42.8402	0.084331	0.084331
1821	759	759	0	0	0
1822	1207	1207	16.014	0.0132676	0.0132676
1823	1460	1460	0	0	0
1824	989	989	19.0344	0.0192461	0.0192461
1825	675	675	0	0	0
1826	1229	1229	17.2178	0.0140096	0.0140096
1827	638	638	0	0	0
1828	673	673	4.3774	0.00650431	0.00650431
1829	950	950	0	0	0
1830	903	903	7.03302	0.00778851	0.00778851
1831	503	503	0	0	0
1832	1688	1688	44.5619	0.0263993	0.0263993
1833	303	303	0	0	0
1834	779	779	0	0	0
1835	728	728	3.62594	0.00498069	0.00498069
1836	1391	1391	14.4673	0.0104006	0.0104006
1837	986	986	0	0	0
1838	1018	1018	0	0	0
1839	3699	3699	71.7748	0.0194038	0.0194038
1840	403	403	0	0	0
1841	1262	1262	21.0334	0.0166667	0.0166667
1842	1440	1440	23.1564	0.0160809	0.0160809
1843	865	865	11.0602	0.0127864	0.0127864
1844	1609	1609	40.2721	0.0250293	0.0250293
1845	1948	1948	59.9777	0.0307894	0.0307894
1846	686	686	26.3009	0.0383395	0.0383395
1847	498	498	5.51552	0.0110753	0.0110753
1848	1841	1841	0	0	0
1849	329	329	25.2503	0.0767487	0.0767487
1850	925	925	17.9108	0.0193631	0.0193631
1851	745	745	7.08409	0.00950885	0.00950885
1852	768	768	14.4746	0.0188471	0.0188471
1853	1272	1272	2.3492	0.00184686	0.00184686
1854	624	624	7.76988	0.0124517	0.0124517
1855	520	520	11.2791	0.0216906	0.0216906
1856	503	503	3.23198	0.0064254	0.0064254
1857	1076	1076	7.31026	0.00679392	0.00679392
1858	974	974	0	0	0
1859	685	685	3.74997	0.00547441	0.00547441
1860	879	879	0	0	0
1861	1177	1177	24.7469	0.0210254	0.0210254
1862	829	829	7.21542	0.00870376	0.00870376
1863	763	763	61.1596	0.0801567	0.0801567
1864	764	764	9.9221	0.012987	0.012987
1865	455	455	9.46248	0.0207967	0.0207967
1866	911	911	23.638	0.0259473	0.0259473
1867	1142	1142	13.4021	0.0117357	0.0117357
1868	856	856	0	0	0
1869	1119	1119	18.2975	0.0163517	0.0163517
1870	814	814	0	0	0
1871	798	798	28.1321	0.0352533	0.0352533
1872	1023	1023	18.5456	0.0181286	0.0181286
1873	577	577	0	0	0
1874	834	834	6.84332	0.00820542	0.00820542
1875	1431	1431	22.2591	0.0155549	0.0155549
1876	1947	1947	43.971	0.022584	0.022584
1877	599	599	6.48585	0.0108278	0.0108278
1878	895	895	37.3392	0.0417198	0.0417198
1879	633	633	11.425	0.018049	0.018049
1880	835	835	0	0	0
1881	2211	2211	128.703	0.0582103	0.0582103
1882	1191	1191	19.9245	0.0167292	0.0167292
1883	966	966	87.3583	0.090433	0.090433
1884	381	381	5.69791	0.0149551	0.0149551
1885	880	880	8.48485	0.00964188	0.00964188
1886	895	895	15.7222	0.0175667	0.0175667
1887	1903	1903	38.5868	0.0202768	0.0202768
1888	2092	2092	32.028	0.0153097	0.0153097
1889	693	693	0.26994	0.000389524	0.000389524
1890	594	594	3.10795	0.00523223	0.00523223
1891	1199	1199	9.04662	0.00754514	0.00754514
1892	474	474	3.77915	0.00797289	0.00797289
1893	1444	1444	3.06418	0.00212201	0.00212201
1894	896	896	8.96637	0.0100071	0.0100071
1895	545	545	8.39731	0.0154079	0.0154079
1896	1118	1118	12.2348	0.0109435	0.0109435
1897	2284	2284	0	0	0
1898	929	929	3.356	0.00361249	0.00361249
1899	803	803	8.01064	0.00997589	0.00997589
1900	1030	1030	7.84284	0.0076144	0.0076144
1901	1314	1314	37.9229	0.0288606	0.0288606
1902	2306	2306	22.7698	0.00987414	0.00987414
1903	661	661	0	0	0
1904	577	577	8.03253	0.0139212	0.0139212
1905	1406	1406	14.533	0.0103364	0.0103364
1906	1002	1002	2.63374	0.00262848	0.00262848
1907	847	847	9.13417	0.0107841	0.0107841
1908	993	993	17.5242	0.0176477	0.0176477
1909	330	330	0.503401	0.00152546	0.00152546
1910	840	840	10.6954	0.0127327	0.0127327
1911	909	909	21.121	0.0232354	0.0232354
1912	657	657	6.00433	0.00913901	0.00913901
1913	362	362	5.50823	0.0152161	0.0152161
1914	490	490	1.78744	0.00364783	0.00364783
1915	351	351	0	0	0
1916	850	850	5.01941	0.00590519	0.00590519
1917	1005	1005	19.3335	0.0192373	0.0192373
1918	2187	2187	27.9205	0.0127666	0.0127666
1919	918	918	12.4756	0.01359	0.01359
1920	1102	1102	1.02139	0.000926855	0.000926855
1921	2379	2379	3.34141	0.00140454	0.00140454
1922	1316	1316	21.4493	0.0162988	0.0162988
1923	684	684	15.6054	0.022815	0.022815
1924	372	372	4.34821	0.0116887	0.0116887
1925	1578	1578	0	0	0
1926	674	674	10.6881	0.0158578	0.0158578
1927	1169	1169	11.9138	0.0101915	0.0101915
1928	1913	1913	16.1891	0.00846266	0.00846266
1929	2819	2819	75.2183	0.0266826	0.0266826
1930	1106	1106	28.9054	0.0261351	0.0261351
1931	1357	1357	37.901	0.02793	0.02793
1932	937	937	10.4839	0.0111888	0.0111888
1933	767	767	83.1706	0.108436	0.108436
1934	1097	1097	11.0675	0.0100889	0.0100889
1935	2608	2608	77.159	0.0295855	0.0295855
1936	554	554	4.12205	0.00744053	0.00744053
1937	1590	1590	12.2275	0.00769027	0.00769027
1938	806	806	10.5568	0.0130978	0.0130978
1939	643	643	15.5471	0.024179	0.024179
1940	1776	1776	14.9707	0.00842945	0.00842945
1941	1490	1490	6.69742	0.00449491	0.00449491
1942	527	527	2.38568	0.00452691	0.00452691
1943	1283	1283	10.4328	0.00813156	0.00813156
1944	1659	1659	22.6676	0.0136634	0.0136634
1945	589	589	8.65995	0.0147028	0.0147028
1946	436	436	6.52962	0.0149762	0.0149762
1947	493	493	3.39248	0.0068813	0.0068813
1948	1703	1703	31.5829	0.0185455	0.0185455
1949	1072	1072	12.8987	0.0120324	0.0120324
1950	1875	1875	0	0	0
1951	1336	1336	11.2718	0.00843697	0.00843697
1952	1648	1648	12.7528	0.00773836	0.00773836
1953	827	827	10.9654	0.0132592	0.0132592
1954	1068	1068	60.0288	0.0562067	0.0562067
1955	1821	1821	16.4809	0.00905046	0.00905046
1956	18274	18274	267.897	0.01466	0.01466
1957	2299	2299	24.9949	0.0108721	0.0108721
1958	9066	9066	138.391	0.0152649	0.0152649
1959	4622	4622	35.3621	0.00765082	0.00765082
1960	3593	3593	36.1354	0.0100572	0.0100572
1961	2558	2558	12.5485	0.0049056	0.0049056
1962	2524	2524	285.349	0.113054	0.113054
1963	770	770	11.9357	0.0155009	0.0155009
1964	1187	1187	59.2554	0.0499203	0.0499203
1965	689	689	37.3392	0.0541934	0.0541934
1966	1807	1807	38.7838	0.0214631	0.0214631
1967	1246	1246	12.8112	0.0102818	0.0102818
1968	667	667	1.02139	0.00153133	0.00153133
1969	1508	1508	27.957	0.0185391	0.0185391
1970	463	463	4.02721	0.00869807	0.00869807
1971	1325	1325	38.9953	0.0294304	0.0294304
1972	400	400	3.84481	0.00961203	0.00961203
1973	736	736	4.66922	0.00634405	0.00634405
1974	843	843	10.7027	0.012696	0.012696
1975	1301	1301	28.599	0.0219823	0.0219823
1976	1488	1488	23.5504	0.0158269	0.0158269
1977	2122	2122	24.6593	0.0116208	0.0116208
1978	478	478	7.32484	0.0153239	0.0153239
1979	1270	1270	0.671202	0.000528505	0.000528505
1980	819	819	14.5549	0.0177715	0.0177715
1981	1208	1208	13.9201	0.0115233	0.0115233
1982	889	889	12.1546	0.0136722	0.0136722
1983	815	815	2.39297	0.00293616	0.00293616
1984	468	468	9.95128	0.0212634	0.0212634
1985	854	854	16.7144	0.0195719	0.0195719
1986	520	520	1.02139	0.00196422	0.00196422
1987	1073	1073	3.3779	0.00314808	0.00314808
1988	431	431	4.51601	0.010478	0.010478
1989	1184	1184	18.6477	0.0157498	0.0157498
1990	1534	1534	2.33461	0.00152191	0.00152191
1991	621	621	5.55199	0.00894041	0.00894041
1992	1211	1211	12.9133	0.0106634	0.0106634
1993	521	521	20.7708	0.0398671	0.0398671
1994	309	309	2.07197	0.00670541	0.00670541
1995	2145	2145	21.9745	0.0102445	0.0102445
1996	1236	1236	6.44937	0.00521793	0.00521793
1997	968	968	4.17312	0.00431107	0.00431107
1998	1577	1577	37.0255	0.0234784	0.0234784
1999	524	524	8.21491	0.0156773	0.0156773
2000	621	621	5.74898	0.00925762	0.00925762
2001	341	341	27.1618	0.0796532	0.0796532
2002	612	612	19.4648	0.0318053	0.0318053
2003	679	679	8.2368	0.0121308	0.0121308
2004	2141	2141	13.2635	0.00619501	0.00619501
2005	710	710	20.0047	0.0281757	0.0281757
2006	1281	1281	14.5913	0.0113906	0.0113906
2007	1499	1499	19.7129	0.0131507	0.0131507
2008	433	433	2.75776	0.00636896	0.00636896
2009	3386	3386	336.921	0.0995042	0.0995042
2010	1222	1222	3.874	0.00317021	0.00317021
2011	1167	1167	14.7445	0.0126346	0.0126346
2012	728	728	6.00433	0.0082477	0.0082477
2013	905	905	13.5189	0.014938	0.014938
2014	1040	1040	26.2644	0.0252542	0.0252542
2015	2327	2327	1.02139	0.000438932	0.000438932
2016	2002	2002	18.8228	0.009402	0.009402
2017	1639	1639	12.3588	0.00754048	0.00754048
2018	576	576	65.8361	0.114299	0.114299
2019	1949	1949	21.5952	0.0110801	0.0110801
2020	682	682	0	0	0
2021	322	322	0	0	0
2022	510	510	15.5106	0.0304129	0.0304129
2023	500	500	2.26895	0.0045379	0.0045379
2024	812	812	0	0	0
2025	684	684	6.58069	0.00962089	0.00962089
2026	1003	1003	6.87981	0.00685923	0.00685923
2027	516	516	17.4075	0.0337354	0.0337354
2028	774	774	16.2329	0.0209727	0.0209727
2029	992	992	6.42018	0.00647196	0.00647196
2030	1393	1393	15.496	0.0111242	0.0111242
2031	8779	8779	58.6644	0.00668236	0.00668236
2032	642	642	15.3647	0.0239325	0.0239325
2033	1891	1891	26.5708	0.0140512	0.0140512
2034	612	612	12.8477	0.0209929	0.0209929
2035	2565	2565	30.7293	0.0119803	0.0119803
2036	1127	1127	14.7664	0.0131024	0.0131024
2037	927	927	10.2431	0.0110497	0.0110497
2038	704	704	5.90219	0.00838379	0.00838379
2039	1183	1183	17.3345	0.014653	0.014653
2040	636	636	3.97613	0.00625178	0.00625178
2041	1504	1504	17.3418	0.0115304	0.0115304
2042	1061	1061	9.73241	0.00917287	0.00917287
2043	892	892	10.2723	0.011516	0.011516
2044	654	654	9.50625	0.0145355	0.0145355
2045	601	601	2.67021	0.00444295	0.00444295
2046	1259	1259	37.2152	0.0295593	0.0295593
2047	396	396	12.5194	0.0316146	0.0316146
2048	748	748	5.3696	0.00717861	0.00717861
2049	1446	1446	20.4716	0.0141574	0.0141574
2050	1056	1056	9.55732	0.0090505	0.0090505
2051	1901	1901	24.6885	0.0129871	0.0129871
2052	2769	2769	26.279	0.00949042	0.00949042
2053	374	374	2.87449	0.00768579	0.00768579
2054	462	462	0.525288	0.00113699	0.00113699
2055	1251	1251	8.60889	0.0068816	0.0068816
2056	1489	1489	21.7994	0.0146403	0.0146403
2057	383	383	7.17164	0.0187249	0.0187249
2058	1943	1943	25.1992	0.0129692	0.0129692
2059	1129	1129	133.832	0.11854	0.11854
2060	1588	1588	7.99604	0.00503529	0.00503529
2061	449	449	4.3774	0.00974922	0.00974922
2062	922	922	7.61667	0.00826103	0.00826103
2063	631	631	10.0607	0.0159441	0.0159441
2064	585	585	0	0	0
2065	1381	1381	13.4824	0.00976277	0.00976277
2066	669	669	2.0136	0.00300987	0.00300987
2067	644	644	6.12836	0.00951608	0.00951608
2068	667	667	16.78	0.0251575	0.0251575
2069	506	506	5.02671	0.00993421	0.00993421
2070	2792	2792	37.062	0.0132743	0.0132743
2071	2889	2889	10.9435	0.00378799	0.00378799
2072	1195	1195	12.3443	0.0103299	0.0103299
2073	490	490	0	0	0
2074	438	438	0	0	0
2075	1798	1798	1.02139	0.000568072	0.000568072
2076	1629	1629	0	0	0
2077	1879	1879	0	0	0
2078	626	626	0	0	0
2079	2105	2105	1.02139	0.000485223	0.000485223
2080	587	587	0	0	0
2081	6829	6829	1.16731	0.000170934	0.000170934
2082	2539	2539	0	0	0
2083	13259	13259	1.02139	7.7034e-05	7.7034e-05
2084	1642	1642	0	0	0
2085	5954	5954	0	0	0
2086	4683	4683	0	0	0
2087	2224	2224	0	0	0
2088	4927	4927	0	0	0
2089	11281	11281	0	0	0
2090	2550	2550	0	0	0
2091	2283	2283	0	0	0
2092	3146	3146	0	0	0
2093	6121	6121	0	0	0
2094	7791	7791	0	0	0
2095	20592	20592	0	0	0
2096	2594	2594	2.1887	0.000843755	0.000843755
2097	6182	6182	0	0	0
2098	1547	1547	0	0	0
2099	1195	1195	0	0	0
2100	4318	4318	0	0	0
2101	1666	1666	0	0	0
2102	8278	8278	0	0	0
2103	6029	6029	0	0	0
2104	2052	2052	0	0	0
2105	7637	7637	0	0	0
2106	2463	2463	0	0	0
2107	6308	6308	5.20182	0.000824638	0.000824638
2108	8387	8387	0	0	0
2109	11252	11252	0	0	0
2110	443	443	0	0	0
2111	1164	1164	0	0	0
