1	753	753	237.793	0.315794	0.315794
2	2974	2974	356.677	0.119932	0.119932
3	1070	1070	0	0	0
4	571	571	0	0	0
5	807	807	1413.44	1.75147	1.75147
6	1159	1159	336.653	0.290468	0.290468
7	693	693	118.892	0.171562	0.171562
8	831	831	0	0	0
9	744	744	203.089	0.27297	0.27297
10	1743	1743	1153.74	0.66193	0.66193
11	1120	1120	455.512	0.406707	0.406707
12	459	459	0	0	0
13	1458	1458	347.597	0.238406	0.238406
14	756	756	0	0	0
15	757	757	356.685	0.471183	0.471183
16	1136	1136	678.485	0.597258	0.597258
17	5886	5886	1542.76	0.262107	0.262107
18	412	412	625.118	1.51728	1.51728
19	616	616	224.91	0.365113	0.365113
20	2838	2838	901.916	0.3178	0.3178
21	705	705	142.486	0.202107	0.202107
22	1039	1039	213.016	0.20502	0.20502
23	2368	2368	4056.32	1.71297	1.71297
24	502	502	880.762	1.75451	1.75451
25	615	615	395.166	0.642546	0.642546
26	947	947	2061.16	2.17652	2.17652
27	2062	2062	2147.41	1.04142	1.04142
28	1047	1047	292.226	0.279108	0.279108
29	885	885	98.5589	0.111366	0.111366
30	1662	1662	542.505	0.326417	0.326417
31	844	844	0	0	0
32	536	536	1327.97	2.47755	2.47755
33	851	851	809.349	0.951056	0.951056
34	411	411	273.011	0.664262	0.664262
35	650	650	140.666	0.216409	0.216409
36	1205	1205	76.4564	0.0634493	0.0634493
37	448	448	349.555	0.780256	0.780256
38	1077	1077	0	0	0
39	1252	1252	3493.37	2.79023	2.79023
40	1942	1942	3814.99	1.96447	1.96447
41	968	968	0	0	0
42	2527	2527	237.785	0.0940977	0.0940977
43	998	998	1811.01	1.81464	1.81464
44	968	968	228.792	0.236356	0.236356
45	692	692	53.7781	0.0777139	0.0777139
46	787	787	245.036	0.311355	0.311355
47	1493	1493	0	0	0
48	1152	1152	538.939	0.467829	0.467829
49	686	686	150.076	0.21877	0.21877
50	1117	1117	571.976	0.512065	0.512065
51	1436	1436	2649.5	1.84505	1.84505
52	1593	1593	235.718	0.147971	0.147971
53	1548	1548	2254.42	1.45634	1.45634
54	865	865	37.422	0.0432625	0.0432625
55	704	704	219.925	0.312393	0.312393
56	858	858	140.234	0.163443	0.163443
57	8769	8769	6049.74	0.689901	0.689901
58	7558	7558	2276.67	0.301227	0.301227
59	468	468	331.771	0.708911	0.708911
60	1297	1297	1031.46	0.795263	0.795263
61	601	601	938.849	1.56214	1.56214
62	1199	1199	609.808	0.508597	0.508597
63	495	495	0	0	0
64	718	718	0	0	0
65	403	403	85.0022	0.210924	0.210924
66	627	627	0	0	0
67	957	957	237.802	0.248487	0.248487
68	318	318	87.664	0.275673	0.275673
69	345	345	0	0	0
70	734	734	1902.33	2.59173	2.59173
71	441	441	601.951	1.36497	1.36497
72	1477	1477	243.501	0.164862	0.164862
73	474	474	81.648	0.172253	0.172253
74	412	412	79.6979	0.193442	0.193442
75	969	969	508.253	0.524513	0.524513
76	857	857	0	0	0
77	442	442	266.493	0.602925	0.602925
78	1372	1372	1697.24	1.23706	1.23706
79	749	749	638.214	0.852088	0.852088
80	823	823	0	0	0
81	1297	1297	896.249	0.691017	0.691017
82	738	738	0	0	0
83	1036	1036	0	0	0
84	771	771	2127.75	2.75973	2.75973
85	989	989	0	0	0
86	862	862	2205.96	2.55911	2.55911
87	1086	1086	177.664	0.163594	0.163594
88	1063	1063	524.337	0.493261	0.493261
89	490	490	0	0	0
90	658	658	1822.71	2.77007	2.77007
91	1101	1101	114.283	0.1038	0.1038
92	428	428	50.7199	0.118504	0.118504
93	1136	1136	1683.69	1.48212	1.48212
94	717	717	192.768	0.268854	0.268854
95	1256	1256	237.785	0.189319	0.189319
96	1185	1185	1820.14	1.53599	1.53599
97	1219	1219	1289	1.05742	1.05742
98	1020	1020	0	0	0
99	1685	1685	2681.94	1.59166	1.59166
100	433	433	0	0	0
101	404	404	340.549	0.842942	0.842942
102	589	589	260.37	0.442054	0.442054
103	1059	1059	1378.02	1.30125	1.30125
104	930	930	0	0	0
105	1156	1156	434.084	0.375505	0.375505
106	1223	1223	2170.86	1.77503	1.77503
107	502	502	322.212	0.641856	0.641856
108	4888	4888	1644.48	0.336432	0.336432
109	1083	1083	737.233	0.680732	0.680732
110	528	528	79.8309	0.151195	0.151195
111	720	720	118.892	0.165128	0.165128
112	758	758	118.892	0.15685	0.15685
113	984	984	0	0	0
114	947	947	466.312	0.49241	0.49241
115	973	973	118.892	0.122192	0.122192
116	514	514	262.579	0.510853	0.510853
117	1092	1092	435.836	0.399117	0.399117
118	2093	2093	1374.71	0.656811	0.656811
119	684	684	750.765	1.09761	1.09761
120	1034	1034	309.497	0.29932	0.29932
121	1470	1470	3123.93	2.12513	2.12513
122	867	867	310.066	0.357631	0.357631
123	658	658	26.8856	0.0408595	0.0408595
124	660	660	0	0	0
125	1276	1276	654.862	0.513215	0.513215
126	623	623	561.847	0.901841	0.901841
127	3055	3055	1726.32	0.565081	0.565081
128	755	755	81.6664	0.108167	0.108167
129	1130	1130	0	0	0
130	1991	1991	1210.25	0.60786	0.60786
131	915	915	208.668	0.228052	0.228052
132	1155	1155	439.46	0.380485	0.380485
133	764	764	51.5627	0.0674905	0.0674905
134	1118	1118	2234.89	1.99901	1.99901
135	1162	1162	2657.74	2.28721	2.28721
136	731	731	1049.85	1.43619	1.43619
137	1205	1205	295.048	0.244853	0.244853
138	531	531	667.566	1.25719	1.25719
139	775	775	612.532	0.790364	0.790364
140	461	461	229.185	0.497149	0.497149
141	1138	1138	1627.02	1.42972	1.42972
142	1054	1054	217.233	0.206104	0.206104
143	1424	1424	584.493	0.410459	0.410459
144	1096	1096	678.698	0.61925	0.61925
145	1330	1330	126.315	0.0949736	0.0949736
146	886	886	999.165	1.12773	1.12773
147	864	864	527.928	0.611027	0.611027
148	713	713	676.844	0.94929	0.94929
149	2430	2430	732.691	0.301519	0.301519
150	962	962	298.988	0.310798	0.310798
151	1268	1268	2220.92	1.75152	1.75152
152	1298	1298	2492.27	1.92009	1.92009
153	310	310	109.975	0.35476	0.35476
154	437	437	47.0901	0.107758	0.107758
155	808	808	208.085	0.257531	0.257531
156	8524	8524	9412.65	1.10425	1.10425
157	8077	8077	3659.71	0.453103	0.453103
158	19056	19056	27149.5	1.42472	1.42472
159	6486	6486	1184.19	0.182576	0.182576
160	6962	6962	3153.19	0.452914	0.452914
161	12458	12458	18533	1.48764	1.48764
162	30196	30196	39264.6	1.30032	1.30032
163	861	861	951.217	1.10478	1.10478
164	12524	12524	2624.85	0.209586	0.209586
165	19642	19642	8171.16	0.416004	0.416004
166	26100	26100	8236.64	0.31558	0.31558
167	7514	7514	4007.12	0.533288	0.533288
168	6912	6912	0	0	0
169	1650	1650	765.443	0.463905	0.463905
170	1073	1073	470.075	0.438094	0.438094
171	1712	1712	605.937	0.353935	0.353935
172	1778	1778	401.675	0.225914	0.225914
173	10224	10224	7133.18	0.69769	0.69769
174	2794	2794	1444.9	0.517142	0.517142
175	776	776	230.117	0.296543	0.296543
176	3753	3753	855.046	0.22783	0.22783
177	3969	3969	5400.34	1.36063	1.36063
178	4946	4946	4887.88	0.98825	0.98825
179	6399	6399	2724.07	0.425703	0.425703
180	7161	7161	2288.04	0.319513	0.319513
181	1517	1517	614.963	0.405381	0.405381
182	2759	2759	2309.2	0.836969	0.836969
183	2367	2367	675.559	0.285407	0.285407
184	604	604	155.525	0.257492	0.257492
185	809	809	966.522	1.19471	1.19471
186	1206	1206	700.393	0.580757	0.580757
187	2380	2380	1015.2	0.426553	0.426553
188	934	934	830.455	0.889138	0.889138
189	735	735	184.951	0.251635	0.251635
190	1603	1603	616.035	0.384301	0.384301
191	585	585	137.46	0.234974	0.234974
192	845	845	226.988	0.268625	0.268625
193	2857	2857	0	0	0
194	1218	1218	592.464	0.486424	0.486424
195	1078	1078	0	0	0
196	1120	1120	3979.95	3.55352	3.55352
197	1778	1778	906.948	0.510094	0.510094
198	1196	1196	69.7943	0.0583565	0.0583565
199	1568	1568	2821.72	1.79956	1.79956
200	2855	2855	544.782	0.190817	0.190817
201	290	290	78.5436	0.27084	0.27084
202	2057	2057	2862.16	1.39143	1.39143
203	1182	1182	1557.83	1.31796	1.31796
204	1041	1041	973.684	0.935336	0.935336
205	794	794	118.892	0.149739	0.149739
206	802	802	283.665	0.353697	0.353697
207	708	708	0	0	0
208	2179	2179	1037.66	0.476208	0.476208
209	687	687	0	0	0
210	559	559	105.403	0.188556	0.188556
211	1649	1649	318.49	0.193141	0.193141
212	544	544	314.7	0.578493	0.578493
213	1138	1138	338.019	0.297029	0.297029
214	518	518	177.842	0.343325	0.343325
215	1201	1201	459.625	0.382702	0.382702
216	682	682	339.232	0.497408	0.497408
217	1248	1248	508.772	0.407669	0.407669
218	687	687	156.346	0.227578	0.227578
219	1205	1205	751.869	0.623958	0.623958
220	924	924	876.585	0.948685	0.948685
221	1431	1431	1082.5	0.756465	0.756465
222	912	912	1349.08	1.47925	1.47925
223	585	585	237.811	0.406514	0.406514
224	823	823	765.44	0.930061	0.930061
225	1426	1426	1435.32	1.00653	1.00653
226	640	640	422.55	0.660235	0.660235
227	974	974	237.798	0.244145	0.244145
228	1396	1396	777.267	0.556782	0.556782
229	1113	1113	462.037	0.415127	0.415127
230	663	663	70.9814	0.107061	0.107061
231	2485	2485	5772.21	2.32282	2.32282
232	1118	1118	907.873	0.812051	0.812051
233	18795	18795	27289.8	1.45197	1.45197
234	1174	1174	0	0	0
235	1299	1299	292.003	0.224791	0.224791
236	1151	1151	109.26	0.0949259	0.0949259
237	774	774	308.75	0.398902	0.398902
238	440	440	556.177	1.26404	1.26404
239	1160	1160	53.5016	0.0461221	0.0461221
240	775	775	701.159	0.904721	0.904721
241	1084	1084	455.028	0.419767	0.419767
242	1098	1098	1248.87	1.1374	1.1374
243	766	766	469.055	0.612344	0.612344
244	1160	1160	607.776	0.523945	0.523945
245	990	990	1402.18	1.41634	1.41634
246	1524	1524	922.68	0.605433	0.605433
247	436	436	0	0	0
248	2615	2615	2295.23	0.877716	0.877716
249	951	951	374.985	0.394306	0.394306
250	465	465	530.103	1.14001	1.14001
251	823	823	346.725	0.421294	0.421294
252	765	765	495.763	0.648057	0.648057
253	436	436	0	0	0
254	1042	1042	1040.15	0.998224	0.998224
255	625	625	1039.12	1.66259	1.66259
256	2876	2876	1384.07	0.481248	0.481248
257	1900	1900	1938.52	1.02027	1.02027
258	1492	1492	502.601	0.336864	0.336864
259	1025	1025	284.204	0.277272	0.277272
260	1011	1011	0	0	0
261	1137	1137	411.65	0.362049	0.362049
262	1041	1041	2782.29	2.67271	2.67271
263	715	715	743.72	1.04017	1.04017
264	495	495	268.875	0.543182	0.543182
265	831	831	112.661	0.135572	0.135572
266	1059	1059	575.854	0.543772	0.543772
267	1881	1881	384.683	0.20451	0.20451
268	1114	1114	879.272	0.789293	0.789293
269	949	949	89.3068	0.0941062	0.0941062
270	682	682	519.478	0.761698	0.761698
271	356	356	679.54	1.90882	1.90882
272	685	685	348.251	0.508395	0.508395
273	375	375	33.6489	0.0897305	0.0897305
274	846	846	1110.34	1.31246	1.31246
275	785	785	598.923	0.762959	0.762959
276	479	479	693.481	1.44777	1.44777
277	1706	1706	1412.54	0.827983	0.827983
278	1438	1438	2972.93	2.06741	2.06741
279	916	916	0	0	0
280	1077	1077	1637.01	1.51997	1.51997
281	931	931	349.182	0.375061	0.375061
282	1475	1475	156.117	0.105842	0.105842
283	1864	1864	1973.19	1.05858	1.05858
284	699	699	0	0	0
285	620	620	651.946	1.05153	1.05153
286	477	477	99.0861	0.207728	0.207728
287	560	560	211.862	0.378326	0.378326
288	599	599	417.264	0.696602	0.696602
289	659	659	907.484	1.37706	1.37706
290	951	951	258.076	0.271373	0.271373
291	1588	1588	6825.93	4.29845	4.29845
292	672	672	243.588	0.362483	0.362483
293	1629	1629	745.561	0.45768	0.45768
294	728	728	276.34	0.379587	0.379587
295	968	968	2276.65	2.35191	2.35191
296	1967	1967	3710.06	1.88615	1.88615
297	1723	1723	475.598	0.276029	0.276029
298	613	613	0	0	0
299	352	352	113.164	0.32149	0.32149
300	772	772	1140.76	1.47766	1.47766
301	1626	1626	1516.45	0.932624	0.932624
302	1454	1454	382.902	0.263344	0.263344
303	954	954	856.043	0.897319	0.897319
304	649	649	95.3355	0.146896	0.146896
305	2827	2827	3576.56	1.26514	1.26514
306	445	445	40.2826	0.0905228	0.0905228
307	659	659	1771.16	2.68765	2.68765
308	843	843	1442.67	1.71135	1.71135
309	709	709	118.892	0.16769	0.16769
310	968	968	1273.04	1.31512	1.31512
311	382	382	101.521	0.265762	0.265762
312	1056	1056	998.669	0.94571	0.94571
313	718	718	1092.95	1.52221	1.52221
314	1206	1206	1431.98	1.18738	1.18738
315	1484	1484	1902.3	1.28187	1.28187
316	2056	2056	675.493	0.328547	0.328547
317	597	597	910.511	1.52514	1.52514
318	803	803	66.8289	0.083224	0.083224
319	374	374	1221.31	3.26552	3.26552
320	1583	1583	449.271	0.28381	0.28381
321	872	872	585.383	0.671311	0.671311
322	739	739	210.014	0.284187	0.284187
323	1928	1928	343.287	0.178053	0.178053
324	779	779	888.797	1.14095	1.14095
325	940	940	174.996	0.186166	0.186166
326	583	583	627.047	1.07555	1.07555
327	948	948	387.772	0.409042	0.409042
328	841	841	671.205	0.798103	0.798103
329	1193	1193	252.067	0.211288	0.211288
330	795	795	118.892	0.14955	0.14955
331	2044	2044	702.678	0.343776	0.343776
332	567	567	1019.37	1.79783	1.79783
333	896	896	176.655	0.19716	0.19716
334	1276	1276	298.675	0.234071	0.234071
335	1047	1047	424.61	0.405549	0.405549
336	1586	1586	766.758	0.483454	0.483454
337	1109	1109	867.819	0.782524	0.782524
338	1559	1559	1017.01	0.652345	0.652345
339	761	761	255.05	0.335152	0.335152
340	558	558	0	0	0
341	1089	1089	353.224	0.324356	0.324356
342	793	793	855.166	1.07839	1.07839
343	945	945	1042.44	1.10311	1.10311
344	1804	1804	1103.48	0.611687	0.611687
345	2094	2094	281.812	0.134581	0.134581
346	3696	3696	4130.35	1.11752	1.11752
347	367	367	386.431	1.05294	1.05294
348	3157	3157	839.366	0.265874	0.265874
349	1322	1322	1284.23	0.971427	0.971427
350	701	701	1461.07	2.08427	2.08427
351	1387	1387	339.482	0.24476	0.24476
352	534	534	197.614	0.370063	0.370063
353	1555	1555	508.517	0.327021	0.327021
354	740	740	1294.36	1.74913	1.74913
355	639	639	601.655	0.941557	0.941557
356	706	706	369.201	0.522947	0.522947
357	724	724	1620.78	2.23865	2.23865
358	956	956	597.157	0.624641	0.624641
359	771	771	896.101	1.16226	1.16226
360	1985	1985	3912.74	1.97115	1.97115
361	1749	1749	1164.67	0.665909	0.665909
362	1533	1533	2333.17	1.52196	1.52196
363	581	581	116.068	0.199772	0.199772
364	1289	1289	437.63	0.339511	0.339511
365	632	632	54.4855	0.0862113	0.0862113
366	1412	1412	1050.31	0.743848	0.743848
367	2550	2550	2137.18	0.83811	0.83811
368	483	483	576.526	1.19364	1.19364
369	1469	1469	0	0	0
370	338	338	160.506	0.474869	0.474869
371	715	715	474.32	0.663385	0.663385
372	681	681	530.239	0.778618	0.778618
373	594	594	158.935	0.267567	0.267567
374	1817	1817	563.876	0.310333	0.310333
375	1118	1118	860.65	0.769812	0.769812
376	986	986	432.29	0.438428	0.438428
377	750	750	385.533	0.514044	0.514044
378	515	515	1391.33	2.70161	2.70161
379	1205	1205	644.217	0.53462	0.53462
380	1014	1014	445.481	0.43933	0.43933
381	980	980	551.565	0.562822	0.562822
382	948	948	95.6996	0.100949	0.100949
383	560	560	576.761	1.02993	1.02993
384	3432	3432	990.868	0.288714	0.288714
385	701	701	0	0	0
386	2336	2336	1418.66	0.607304	0.607304
387	876	876	1014.61	1.15823	1.15823
388	515	515	0	0	0
389	1645	1645	411.349	0.25006	0.25006
390	1624	1624	572.457	0.352498	0.352498
391	3319	3319	2831.37	0.853079	0.853079
392	887	887	0	0	0
393	1250	1250	1905.63	1.5245	1.5245
394	778	778	364.022	0.467894	0.467894
395	522	522	766.433	1.46826	1.46826
396	654	654	770.943	1.17881	1.17881
397	2069	2069	1125.6	0.544029	0.544029
398	495	495	257.884	0.520979	0.520979
399	740	740	879.548	1.18858	1.18858
400	2271	2271	1242.3	0.547029	0.547029
401	362	362	0	0	0
402	850	850	128.832	0.151567	0.151567
403	959	959	677.202	0.706154	0.706154
404	1346	1346	2006	1.49034	1.49034
405	976	976	263.296	0.269771	0.269771
406	2237	2237	769.077	0.343799	0.343799
407	484	484	130.732	0.270108	0.270108
408	1382	1382	426.224	0.308411	0.308411
409	458	458	974.977	2.12877	2.12877
410	1327	1327	294.183	0.22169	0.22169
411	757	757	404.637	0.534528	0.534528
412	460	460	408.481	0.888002	0.888002
413	4713	4713	3866.61	0.820413	0.820413
414	1077	1077	1040.89	0.966469	0.966469
415	993	993	1646.98	1.65859	1.65859
416	552	552	1208.28	2.18891	2.18891
417	1702	1702	0	0	0
418	871	871	229.881	0.263928	0.263928
419	911	911	0	0	0
420	1798	1798	167.561	0.093193	0.093193
421	807	807	324.65	0.402292	0.402292
422	1078	1078	0	0	0
423	777	777	1127.55	1.45116	1.45116
424	1250	1250	309.225	0.24738	0.24738
425	767	767	356.705	0.465065	0.465065
426	1705	1705	0	0	0
427	553	553	0	0	0
428	2563	2563	706.411	0.275619	0.275619
429	535	535	0	0	0
430	1025	1025	0	0	0
431	1147	1147	0	0	0
432	1804	1804	1929.26	1.06944	1.06944
433	761	761	31.7046	0.0416618	0.0416618
434	1763	1763	237.785	0.134875	0.134875
435	1254	1254	0	0	0
436	878	878	0	0	0
437	1222	1222	686.401	0.561703	0.561703
438	1020	1020	204.252	0.200247	0.200247
439	1115	1115	648.641	0.581741	0.581741
440	1099	1099	0	0	0
441	978	978	211.375	0.21613	0.21613
442	472	472	22.7688	0.0482391	0.0482391
443	703	703	110.966	0.157847	0.157847
444	1625	1625	323.037	0.198792	0.198792
445	1074	1074	117.04	0.108976	0.108976
446	1476	1476	466.667	0.31617	0.31617
447	1440	1440	1158.73	0.804673	0.804673
448	835	835	0	0	0
449	832	832	0	0	0
450	899	899	455.957	0.507183	0.507183
451	748	748	214.015	0.286116	0.286116
452	1780	1780	451.33	0.253556	0.253556
453	1328	1328	631.188	0.475292	0.475292
454	622	622	118.892	0.191145	0.191145
455	1244	1244	338.214	0.271876	0.271876
456	907	907	208.042	0.229373	0.229373
457	559	559	129.888	0.232358	0.232358
458	746	746	288.172	0.38629	0.38629
459	745	745	388.166	0.521028	0.521028
460	872	872	140.763	0.161426	0.161426
461	795	795	118.892	0.14955	0.14955
462	1191	1191	341.465	0.286704	0.286704
463	687	687	0	0	0
464	1029	1029	403.01	0.391652	0.391652
465	535	535	125.023	0.233688	0.233688
466	639	639	184.719	0.289075	0.289075
467	769	769	0	0	0
468	2280	2280	1777.42	0.77957	0.77957
469	2526	2526	0	0	0
470	1035	1035	659.609	0.637304	0.637304
471	1275	1275	209.039	0.163952	0.163952
472	641	641	381.194	0.594687	0.594687
473	469	469	122.059	0.260254	0.260254
474	1883	1883	600.367	0.318836	0.318836
475	1044	1044	721.832	0.69141	0.69141
476	453	453	342.246	0.755509	0.755509
477	940	940	1026.6	1.09213	1.09213
478	695	695	0	0	0
479	495	495	929.408	1.87759	1.87759
480	495	495	54.4362	0.109972	0.109972
481	964	964	152.157	0.157839	0.157839
482	2681	2681	348.202	0.129878	0.129878
483	726	726	222.907	0.307034	0.307034
484	773	773	0	0	0
485	2017	2017	0	0	0
486	1040	1040	237.81	0.228663	0.228663
487	408	408	0	0	0
488	2851	2851	606.839	0.212851	0.212851
489	675	675	149.007	0.22075	0.22075
490	890	890	0	0	0
491	1197	1197	356.615	0.297924	0.297924
492	808	808	237.802	0.29431	0.29431
493	779	779	275.404	0.353536	0.353536
494	995	995	357.822	0.35962	0.35962
495	2225	2225	1027.3	0.461709	0.461709
496	818	818	476.289	0.58226	0.58226
497	1323	1323	10.721	0.00810353	0.00810353
498	1893	1893	411.838	0.217558	0.217558
499	1880	1880	226.434	0.120444	0.120444
500	1162	1162	1105.68	0.951529	0.951529
501	724	724	615.937	0.850742	0.850742
502	1294	1294	365.736	0.28264	0.28264
503	910	910	717.029	0.787944	0.787944
504	1429	1429	301.643	0.211087	0.211087
505	1777	1777	615.177	0.346189	0.346189
506	401	401	222.073	0.553797	0.553797
507	749	749	205.439	0.274285	0.274285
508	2359	2359	343.283	0.145521	0.145521
509	739	739	887.425	1.20085	1.20085
510	1619	1619	694.51	0.428975	0.428975
511	1432	1432	0	0	0
512	1032	1032	331.053	0.320788	0.320788
513	2097	2097	3144.13	1.49935	1.49935
514	962	962	568.737	0.591203	0.591203
515	462	462	0	0	0
516	731	731	538.541	0.736718	0.736718
517	1520	1520	1043.38	0.686436	0.686436
518	579	579	0	0	0
519	927	927	852.629	0.919773	0.919773
520	1944	1944	353.146	0.181659	0.181659
521	2495	2495	771.879	0.30937	0.30937
522	7583	7583	5558.85	0.733068	0.733068
523	951	951	0	0	0
524	1071	1071	357.352	0.333662	0.333662
525	1185	1185	609.198	0.514091	0.514091
526	2340	2340	237.797	0.101623	0.101623
527	726	726	607.009	0.8361	0.8361
528	1261	1261	0	0	0
529	830	830	634.11	0.763988	0.763988
530	839	839	1923.62	2.29276	2.29276
531	1118	1118	2390.9	2.13855	2.13855
532	3994	3994	1085.12	0.271688	0.271688
533	384	384	250.877	0.653326	0.653326
534	1454	1454	701.916	0.482748	0.482748
535	1745	1745	0	0	0
536	590	590	715.596	1.21288	1.21288
537	1101	1101	207.535	0.188497	0.188497
538	900	900	478.543	0.531714	0.531714
539	1444	1444	1962.94	1.35938	1.35938
540	1136	1136	785.415	0.691386	0.691386
541	766	766	0	0	0
542	675	675	862.508	1.27779	1.27779
543	571	571	551.419	0.965708	0.965708
544	637	637	1190.27	1.86855	1.86855
545	576	576	0	0	0
546	2281	2281	0	0	0
547	701	701	0	0	0
548	1690	1690	0	0	0
549	759	759	324.437	0.427454	0.427454
550	3216	3216	1541.52	0.479328	0.479328
551	955	955	0	0	0
552	1033	1033	1535.89	1.48682	1.48682
553	756	756	201.581	0.266642	0.266642
554	1256	1256	389.033	0.30974	0.30974
555	744	744	258.129	0.346948	0.346948
556	2087	2087	589.987	0.282696	0.282696
557	1319	1319	0	0	0
558	912	912	1064.21	1.1669	1.1669
559	852	852	939.561	1.10277	1.10277
560	515	515	272.056	0.528264	0.528264
561	1574	1574	1146.55	0.728432	0.728432
562	949	949	202.825	0.213725	0.213725
563	2363	2363	1077.47	0.455975	0.455975
564	934	934	323.467	0.346324	0.346324
565	828	828	468.189	0.565445	0.565445
566	2174	2174	0	0	0
567	980	980	114.811	0.117154	0.117154
568	1366	1366	2860.48	2.09405	2.09405
569	429	429	133.448	0.311067	0.311067
570	1021	1021	939.522	0.920197	0.920197
571	859	859	91.7352	0.106793	0.106793
572	480	480	309.941	0.64571	0.64571
573	844	844	382.624	0.453346	0.453346
574	511	511	0	0	0
575	744	744	423.822	0.569653	0.569653
576	828	828	0	0	0
577	981	981	0	0	0
578	702	702	172.258	0.245381	0.245381
579	822	822	237.812	0.289309	0.289309
580	1106	1106	0	0	0
581	680	680	0	0	0
582	1000	1000	1787.41	1.78741	1.78741
583	864	864	479.624	0.55512	0.55512
584	533	533	143.583	0.269386	0.269386
585	1684	1684	608.697	0.361459	0.361459
586	1348	1348	2409.48	1.78744	1.78744
587	924	924	378.073	0.40917	0.40917
588	709	709	75.2985	0.106204	0.106204
589	817	817	963.156	1.17889	1.17889
590	1241	1241	356.705	0.287433	0.287433
591	1079	1079	0	0	0
592	1684	1684	376.395	0.223512	0.223512
593	816	816	279.444	0.342455	0.342455
594	1014	1014	199.497	0.196743	0.196743
595	755	755	76.1442	0.100853	0.100853
596	487	487	0	0	0
597	2508	2508	1469.49	0.585922	0.585922
598	1508	1508	182.242	0.12085	0.12085
599	1541	1541	1695.3	1.10013	1.10013
600	635	635	0	0	0
601	3845	3845	2139.43	0.556418	0.556418
602	905	905	143.066	0.158083	0.158083
603	703	703	0	0	0
604	347	347	192.032	0.553407	0.553407
605	4150	4150	7821.79	1.88477	1.88477
606	650	650	0	0	0
607	773	773	175.012	0.226406	0.226406
608	4195	4195	2865.4	0.683052	0.683052
609	1525	1525	3291.55	2.15839	2.15839
610	560	560	0	0	0
611	6377	6377	1777.11	0.278675	0.278675
612	5742	5742	4297.68	0.748464	0.748464
613	5111	5111	1286.52	0.251716	0.251716
614	4422	4422	0	0	0
615	836	836	0	0	0
616	5542	5542	1600.74	0.288838	0.288838
617	3260	3260	4302.57	1.31981	1.31981
618	341	341	110.243	0.323292	0.323292
619	1068	1068	589.248	0.551731	0.551731
620	728	728	263.713	0.362244	0.362244
621	23606	23606	23532.2	0.996873	0.996873
622	3796	3796	2825.54	0.744347	0.744347
623	1787	1787	249.629	0.139692	0.139692
624	10492	10492	6446.26	0.614397	0.614397
625	4852	4852	2473.74	0.50984	0.50984
626	1060	1060	193.606	0.182647	0.182647
627	550	550	347.727	0.632231	0.632231
628	1169	1169	0	0	0
629	834	834	200.093	0.23992	0.23992
630	1006	1006	2073.78	2.06141	2.06141
631	1174	1174	1951.01	1.66185	1.66185
632	408	408	102.449	0.2511	0.2511
633	533	533	0	0	0
634	1962	1962	278.876	0.142138	0.142138
635	2469	2469	410.629	0.166314	0.166314
636	892	892	1010.64	1.13301	1.13301
637	447	447	13.8686	0.0310259	0.0310259
638	907	907	139.7	0.154024	0.154024
639	711	711	533.063	0.749736	0.749736
640	571	571	225.338	0.394637	0.394637
641	2275	2275	954.445	0.419536	0.419536
642	786	786	754.548	0.959984	0.959984
643	1024	1024	0	0	0
644	1554	1554	340.47	0.219093	0.219093
645	1016	1016	442.146	0.435183	0.435183
646	329	329	124.309	0.377838	0.377838
647	1396	1396	0	0	0
648	716	716	278.577	0.389074	0.389074
649	610	610	947.683	1.55358	1.55358
650	1946	1946	685.065	0.352038	0.352038
651	1009	1009	1900.05	1.8831	1.8831
652	1062	1062	130.273	0.122668	0.122668
653	418	418	450.416	1.07755	1.07755
654	2075	2075	1640.37	0.790542	0.790542
655	1065	1065	996.985	0.936136	0.936136
656	2767	2767	612.684	0.221425	0.221425
657	1897	1897	2286.18	1.20516	1.20516
658	1049	1049	295.946	0.282122	0.282122
659	799	799	82.6236	0.103409	0.103409
660	726	726	0	0	0
661	2304	2304	2981.96	1.29425	1.29425
662	4385	4385	1036.88	0.23646	0.23646
663	768	768	313.183	0.40779	0.40779
664	7961	7961	1416.46	0.177925	0.177925
665	2903	2903	860.026	0.296254	0.296254
666	5968	5968	1918.46	0.321458	0.321458
667	5012	5012	947.727	0.189092	0.189092
668	1215	1215	370.848	0.305225	0.305225
669	393	393	226.806	0.577114	0.577114
670	2017	2017	1440.74	0.714299	0.714299
671	1236	1236	2212.43	1.78999	1.78999
672	1063	1063	1082.87	1.01869	1.01869
673	619	619	366.597	0.59224	0.59224
674	1015	1015	602.286	0.593385	0.593385
675	1674	1674	3145.44	1.879	1.879
676	761	761	220.741	0.290067	0.290067
677	1589	1589	1386.56	0.872602	0.872602
678	1180	1180	1578.83	1.33799	1.33799
679	576	576	237.793	0.412834	0.412834
680	496	496	0	0	0
681	627	627	325.336	0.518877	0.518877
682	1441	1441	421.058	0.292198	0.292198
683	1266	1266	502.779	0.39714	0.39714
684	645	645	127.515	0.197697	0.197697
685	559	559	927.515	1.65924	1.65924
686	1313	1313	575.848	0.438574	0.438574
687	2132	2132	333.864	0.156597	0.156597
688	486	486	246.59	0.507386	0.507386
689	453	453	0	0	0
690	1164	1164	943.69	0.810731	0.810731
691	497	497	430.771	0.866743	0.866743
692	820	820	1292.24	1.57591	1.57591
693	503	503	170.412	0.338792	0.338792
694	449	449	0	0	0
695	1319	1319	1634.84	1.23945	1.23945
696	3125	3125	792.432	0.253578	0.253578
697	771	771	572.366	0.742368	0.742368
698	740	740	142.435	0.192479	0.192479
699	1020	1020	275.313	0.269915	0.269915
700	932	932	521.893	0.559971	0.559971
701	1591	1591	543.639	0.341697	0.341697
702	620	620	217.566	0.350914	0.350914
703	1944	1944	619.111	0.318473	0.318473
704	867	867	394	0.454441	0.454441
705	1490	1490	131.441	0.0882154	0.0882154
706	541	541	221.915	0.410194	0.410194
707	4337	4337	1121.67	0.258628	0.258628
708	724	724	88.1078	0.121696	0.121696
709	1027	1027	308.759	0.300642	0.300642
710	1931	1931	2185.63	1.13186	1.13186
711	2222	2222	1429.18	0.643193	0.643193
712	750	750	356.684	0.475579	0.475579
713	769	769	221.932	0.288599	0.288599
714	726	726	206.475	0.284401	0.284401
715	947	947	399.467	0.421824	0.421824
716	1131	1131	454.255	0.40164	0.40164
717	877	877	329.955	0.376231	0.376231
718	1394	1394	318.888	0.228757	0.228757
719	1241	1241	453.66	0.36556	0.36556
720	985	985	170.155	0.172746	0.172746
721	720	720	792.998	1.10139	1.10139
722	1693	1693	451.913	0.26693	0.26693
723	1036	1036	0	0	0
724	1290	1290	712.475	0.552306	0.552306
725	506	506	505.745	0.999497	0.999497
726	1261	1261	0	0	0
727	2368	2368	4640.55	1.95969	1.95969
728	1514	1514	356.704	0.235604	0.235604
729	987	987	351.401	0.35603	0.35603
730	1153	1153	230.84	0.200209	0.200209
731	1204	1204	1625.4	1.35	1.35
732	1831	1831	698.701	0.381595	0.381595
733	1490	1490	426.357	0.286146	0.286146
734	750	750	0	0	0
735	1434	1434	1497.73	1.04444	1.04444
736	782	782	0	0	0
737	696	696	0	0	0
738	1318	1318	1963.41	1.48969	1.48969
739	1723	1723	369.698	0.214566	0.214566
740	860	860	1366.53	1.58899	1.58899
741	936	936	1576.09	1.68386	1.68386
742	724	724	237.793	0.328444	0.328444
743	3052	3052	4955.93	1.62383	1.62383
744	515	515	191.609	0.372057	0.372057
745	1128	1128	507.146	0.449597	0.449597
746	760	760	565.223	0.743714	0.743714
747	1967	1967	1784.21	0.907073	0.907073
748	608	608	348.965	0.573955	0.573955
749	1518	1518	411.613	0.271155	0.271155
750	645	645	107.982	0.167414	0.167414
751	710	710	225.309	0.317336	0.317336
752	383	383	0	0	0
753	1165	1165	847.793	0.727719	0.727719
754	832	832	41.2345	0.0495607	0.0495607
755	800	800	737.978	0.922472	0.922472
756	837	837	298.167	0.356233	0.356233
757	1028	1028	156.951	0.152676	0.152676
758	823	823	0	0	0
759	836	836	369.709	0.442235	0.442235
760	1408	1408	1625.48	1.15446	1.15446
761	650	650	1182.39	1.81906	1.81906
762	530	530	60.2497	0.113679	0.113679
763	1902	1902	85.6366	0.0450245	0.0450245
764	920	920	880.728	0.957313	0.957313
765	664	664	0	0	0
766	1040	1040	3363.83	3.23445	3.23445
767	1503	1503	531.333	0.353515	0.353515
768	1128	1128	200.52	0.177766	0.177766
769	1933	1933	723.674	0.374379	0.374379
770	1091	1091	243.398	0.223096	0.223096
771	1833	1833	442.452	0.241382	0.241382
772	1204	1204	1673.82	1.39021	1.39021
773	723	723	402.837	0.557174	0.557174
774	1706	1706	569.734	0.333959	0.333959
775	682	682	66.8298	0.0979909	0.0979909
776	459	459	610.365	1.32977	1.32977
777	905	905	191.805	0.211939	0.211939
778	359	359	742.547	2.06838	2.06838
779	1620	1620	829.879	0.512271	0.512271
780	1932	1932	0	0	0
781	1385	1385	1070.34	0.772811	0.772811
782	319	319	0	0	0
783	540	540	333.518	0.617626	0.617626
784	1438	1438	260.361	0.181058	0.181058
785	673	673	0	0	0
786	2330	2330	1624.53	0.697221	0.697221
787	2003	2003	380.917	0.190173	0.190173
788	3412	3412	1951.09	0.571832	0.571832
789	4357	4357	3021.54	0.69349	0.69349
790	3151	3151	0	0	0
791	1380	1380	1117.88	0.81006	0.81006
792	1406	1406	671.718	0.477751	0.477751
793	1153	1153	187.714	0.162805	0.162805
794	808	808	233.711	0.289246	0.289246
795	635	635	0	0	0
796	568	568	187.331	0.329809	0.329809
797	762	762	0	0	0
798	41362	41362	31665	0.765557	0.765557
799	1277	1277	1038.77	0.813448	0.813448
800	1245	1245	2339.5	1.87912	1.87912
801	407	407	475.604	1.16856	1.16856
802	1142	1142	438.415	0.383901	0.383901
803	1252	1252	885.194	0.707024	0.707024
804	1035	1035	416.541	0.402455	0.402455
805	1450	1450	857.581	0.591435	0.591435
806	579	579	124.071	0.214285	0.214285
807	837	837	1568.97	1.87451	1.87451
808	371	371	44.3955	0.119664	0.119664
809	728	728	311.406	0.427756	0.427756
810	613	613	243.338	0.396962	0.396962
811	1212	1212	2760.24	2.27742	2.27742
812	726	726	697.784	0.961135	0.961135
813	594	594	277.233	0.466722	0.466722
814	660	660	831.16	1.25933	1.25933
815	759	759	237.785	0.313287	0.313287
816	2223	2223	2615.83	1.17671	1.17671
817	665	665	237.785	0.357571	0.357571
818	631	631	824.939	1.30735	1.30735
819	359	359	106.94	0.297883	0.297883
820	909	909	409.503	0.450498	0.450498
821	652	652	123.846	0.189948	0.189948
822	2069	2069	3613.01	1.74626	1.74626
823	1359	1359	226.46	0.166637	0.166637
824	650	650	376.545	0.579299	0.579299
825	458	458	504.149	1.10076	1.10076
826	601	601	254.557	0.423555	0.423555
827	1052	1052	747.928	0.710958	0.710958
828	1711	1711	584.631	0.34169	0.34169
829	776	776	1216.16	1.56721	1.56721
830	1186	1186	1161.12	0.979021	0.979021
831	3310	3310	1637.13	0.494601	0.494601
832	1879	1879	1277.92	0.680104	0.680104
833	1310	1310	699.868	0.53425	0.53425
834	736	736	1428.15	1.94043	1.94043
835	634	634	498.446	0.786193	0.786193
836	1087	1087	477.049	0.438867	0.438867
837	2129	2129	2220.63	1.04304	1.04304
838	725	725	51.1303	0.0705246	0.0705246
839	2546	2546	688.421	0.270393	0.270393
840	3199	3199	1448.21	0.452707	0.452707
841	1036	1036	265.744	0.256509	0.256509
842	380	380	608.53	1.6014	1.6014
843	659	659	473.522	0.718547	0.718547
844	1612	1612	3688.15	2.28794	2.28794
845	324	324	0	0	0
846	1727	1727	1457.99	0.844235	0.844235
847	1286	1286	228.636	0.177789	0.177789
848	727	727	1318.06	1.81301	1.81301
849	492	492	432.429	0.878921	0.878921
850	640	640	308.236	0.481619	0.481619
851	1642	1642	233.274	0.142067	0.142067
852	803	803	531.387	0.661753	0.661753
853	2823	2823	875.941	0.310287	0.310287
854	2706	2706	388.582	0.1436	0.1436
855	1017	1017	182.804	0.179748	0.179748
856	429	429	102.53	0.238997	0.238997
857	1938	1938	2372.47	1.22418	1.22418
858	1119	1119	282.903	0.252817	0.252817
859	884	884	195.103	0.220705	0.220705
860	1491	1491	664.701	0.445809	0.445809
861	1082	1082	746.433	0.689864	0.689864
862	1045	1045	1121.64	1.07334	1.07334
863	971	971	792.561	0.816232	0.816232
864	2154	2154	3390.33	1.57397	1.57397
865	915	915	0	0	0
866	1794	1794	1057.37	0.58939	0.58939
867	802	802	505.269	0.630012	0.630012
868	2769	2769	2731.17	0.986338	0.986338
869	5965	5965	2650.72	0.444379	0.444379
870	11190	11190	9450.44	0.844543	0.844543
871	669	669	558.797	0.835271	0.835271
872	7457	7457	7298.01	0.97868	0.97868
873	1218	1218	987.329	0.810615	0.810615
874	13684	13684	7701.06	0.562778	0.562778
875	1558	1558	1029.77	0.660955	0.660955
876	7188	7188	7704.29	1.07183	1.07183
877	4357	4357	4906.75	1.12618	1.12618
878	8394	8394	2760.48	0.328863	0.328863
879	804	804	0	0	0
880	1015	1015	6.93539	0.0068329	0.0068329
881	2507	2507	2812.84	1.122	1.122
882	596	596	109.743	0.184132	0.184132
883	16274	16274	13207.1	0.811544	0.811544
884	20877	20877	22925.8	1.09814	1.09814
885	1057	1057	627.98	0.594115	0.594115
886	475	475	68.4054	0.144011	0.144011
887	1860	1860	279.311	0.150167	0.150167
888	2564	2564	537.585	0.209667	0.209667
889	3118	3118	1583.72	0.507927	0.507927
890	896	896	355.636	0.396915	0.396915
891	505	505	438.886	0.869081	0.869081
892	986	986	654.163	0.663451	0.663451
893	1231	1231	1133.26	0.920604	0.920604
894	893	893	303.677	0.340064	0.340064
895	953	953	608.294	0.638294	0.638294
896	2458	2458	2138.19	0.86989	0.86989
897	621	621	118.892	0.191453	0.191453
898	1815	1815	4575.97	2.52119	2.52119
899	2826	2826	1101.18	0.389659	0.389659
900	1070	1070	466.086	0.435594	0.435594
901	6372	6372	4532.83	0.711367	0.711367
902	2921	2921	786.232	0.269165	0.269165
903	11326	11326	2358.94	0.208276	0.208276
904	460	460	0	0	0
905	1778	1778	329.215	0.18516	0.18516
906	1430	1430	0	0	0
907	492	492	60.3687	0.122701	0.122701
908	1120	1120	1384.21	1.2359	1.2359
909	1636	1636	182.821	0.111749	0.111749
910	568	568	112.465	0.198002	0.198002
911	1266	1266	1599.11	1.26312	1.26312
912	1659	1659	1094.61	0.659802	0.659802
913	2503	2503	823.244	0.328903	0.328903
914	1051	1051	1147.43	1.09175	1.09175
915	3861	3861	1109.41	0.287338	0.287338
916	710	710	0	0	0
917	1636	1636	822.311	0.502635	0.502635
918	1574	1574	1487.38	0.944969	0.944969
919	1150	1150	142.677	0.124067	0.124067
920	1440	1440	960.469	0.666992	0.666992
921	1892	1892	2331.84	1.23247	1.23247
922	1217	1217	0	0	0
923	706	706	644.384	0.912725	0.912725
924	1020	1020	403.685	0.39577	0.39577
925	4705	4705	3946.67	0.838824	0.838824
926	589	589	915.027	1.55353	1.55353
927	1708	1708	455.764	0.266841	0.266841
928	2467	2467	335.541	0.136012	0.136012
929	1167	1167	732.636	0.627794	0.627794
930	943	943	1912.61	2.02822	2.02822
931	604	604	156.474	0.259063	0.259063
932	1334	1334	4728.33	3.54448	3.54448
933	773	773	761.091	0.984594	0.984594
934	2031	2031	699.165	0.344247	0.344247
935	1556	1556	204.036	0.131129	0.131129
936	1105	1105	118.892	0.107595	0.107595
937	1702	1702	783.745	0.460485	0.460485
938	887	887	1417.13	1.59767	1.59767
939	1207	1207	165.388	0.137024	0.137024
940	1947	1947	811.468	0.416778	0.416778
941	878	878	625.208	0.712083	0.712083
942	1083	1083	1187.08	1.0961	1.0961
943	3513	3513	1999.27	0.569107	0.569107
944	840	840	1644.03	1.95717	1.95717
945	898	898	317.366	0.353414	0.353414
946	950	950	434.022	0.456866	0.456866
947	1229	1229	270.211	0.219862	0.219862
948	766	766	64.339	0.0839935	0.0839935
949	2062	2062	464.5	0.225267	0.225267
950	834	834	490.248	0.587827	0.587827
951	488	488	161.943	0.33185	0.33185
952	939	939	118.892	0.126616	0.126616
953	1089	1089	67.3724	0.0618663	0.0618663
954	1685	1685	706.903	0.419527	0.419527
955	468	468	89.1747	0.190544	0.190544
956	451	451	473.413	1.0497	1.0497
957	657	657	335.029	0.509938	0.509938
958	1099	1099	590.348	0.537169	0.537169
959	1221	1221	668.004	0.547096	0.547096
960	2318	2318	0	0	0
961	2095	2095	2931.31	1.39919	1.39919
962	564	564	332.674	0.589848	0.589848
963	756	756	169.059	0.223623	0.223623
964	589	589	1350.04	2.29209	2.29209
965	1514	1514	882.985	0.583213	0.583213
966	1096	1096	615.29	0.561396	0.561396
967	1727	1727	946.619	0.548129	0.548129
968	1549	1549	1979.67	1.27803	1.27803
969	853	853	74.3077	0.0871134	0.0871134
970	680	680	564.821	0.830619	0.830619
971	619	619	371.807	0.600657	0.600657
972	832	832	369.748	0.444408	0.444408
973	812	812	440.631	0.542649	0.542649
974	1074	1074	1516	1.41154	1.41154
975	1032	1032	2037.5	1.97432	1.97432
976	949	949	1132.14	1.19298	1.19298
977	611	611	861.11	1.40935	1.40935
978	1840	1840	1856.07	1.00873	1.00873
979	1381	1381	1081.16	0.78288	0.78288
980	831	831	0	0	0
981	1682	1682	377.426	0.224391	0.224391
982	1457	1457	1269.56	0.871351	0.871351
983	895	895	996.411	1.11331	1.11331
984	501	501	190.074	0.379389	0.379389
985	329	329	86.1826	0.261953	0.261953
986	1252	1252	300.657	0.240141	0.240141
987	1541	1541	0	0	0
988	1287	1287	237.799	0.18477	0.18477
989	1964	1964	354.989	0.180748	0.180748
990	971	971	313.077	0.322428	0.322428
991	1047	1047	106.839	0.102043	0.102043
992	900	900	137.221	0.152468	0.152468
993	1063	1063	118.892	0.111846	0.111846
994	548	548	0	0	0
995	643	643	112.134	0.174392	0.174392
996	526	526	19.6399	0.0373382	0.0373382
997	530	530	0	0	0
998	754	754	1100.99	1.46019	1.46019
999	879	879	282.24	0.321092	0.321092
1000	646	646	65.6469	0.101621	0.101621
1001	822	822	1856.31	2.25829	2.25829
1002	2539	2539	700.725	0.275985	0.275985
1003	505	505	980.692	1.94196	1.94196
1004	3841	3841	775.203	0.201823	0.201823
1005	545	545	208.476	0.382525	0.382525
1006	15062	15062	3873.05	0.25714	0.25714
1007	6641	6641	9323.81	1.40398	1.40398
1008	663	663	447.129	0.674403	0.674403
1009	5213	5213	1298.46	0.249082	0.249082
1010	990	990	380.622	0.384466	0.384466
1011	676	676	135.088	0.199835	0.199835
1012	1366	1366	456.942	0.334511	0.334511
1013	1888	1888	728.079	0.385635	0.385635
1014	727	727	102.557	0.141069	0.141069
1015	734	734	149.986	0.204341	0.204341
1016	1114	1114	1156.43	1.03809	1.03809
1017	532	532	311.043	0.584667	0.584667
1018	1599	1599	3283.34	2.05337	2.05337
1019	605	605	618.979	1.02311	1.02311
1020	583	583	304.332	0.52201	0.52201
1021	919	919	579.599	0.630685	0.630685
1022	646	646	1827.15	2.8284	2.8284
1023	684	684	105.416	0.154116	0.154116
1024	456	456	914.699	2.00592	2.00592
1025	1542	1542	722.847	0.468773	0.468773
1026	1261	1261	59.6256	0.0472844	0.0472844
1027	1262	1262	2404.92	1.90564	1.90564
1028	1496	1496	0	0	0
1029	935	935	593.195	0.634433	0.634433
1030	620	620	56.9893	0.0919183	0.0919183
1031	1117	1117	0	0	0
1032	300	300	76.7375	0.255792	0.255792
1033	1598	1598	3175.77	1.98734	1.98734
1034	616	616	237.785	0.386014	0.386014
1035	712	712	0	0	0
1036	832	832	169.976	0.204298	0.204298
1037	1091	1091	600.815	0.550702	0.550702
1038	1505	1505	261.013	0.17343	0.17343
1039	3289	3289	1163.74	0.353826	0.353826
1040	802	802	553.882	0.690626	0.690626
1041	1230	1230	0	0	0
1042	5385	5385	5949.45	1.10482	1.10482
1043	4530	4530	1116.25	0.246414	0.246414
1044	56634	56634	21386	0.377617	0.377617
1045	30431	30431	7408.26	0.243444	0.243444
1046	1317	1317	285.886	0.217074	0.217074
1047	1295	1295	2407.3	1.85892	1.85892
1048	885	885	263.44	0.297673	0.297673
1049	1754	1754	1145.94	0.653331	0.653331
1050	1224	1224	1218.22	0.995278	0.995278
1051	2060	2060	2066.91	1.00335	1.00335
1052	1760	1760	0	0	0
1053	2547	2547	642.72	0.252344	0.252344
1054	1677	1677	499.024	0.297569	0.297569
1055	943	943	1009.93	1.07097	1.07097
1056	636	636	0	0	0
1057	968	968	678.675	0.70111	0.70111
1058	1035	1035	1251.07	1.20876	1.20876
1059	960	960	454.813	0.473763	0.473763
1060	695	695	111.935	0.161057	0.161057
1061	651	651	93.3586	0.143408	0.143408
1062	2642	2642	211.531	0.0800648	0.0800648
1063	805	805	0	0	0
1064	578	578	74.0479	0.12811	0.12811
1065	1883	1883	2256.61	1.19841	1.19841
1066	1166	1166	610.231	0.523354	0.523354
1067	1611	1611	531.49	0.329913	0.329913
1068	1021	1021	200.093	0.195978	0.195978
1069	1395	1395	1080.79	0.774762	0.774762
1070	945	945	0	0	0
1071	731	731	142.29	0.194651	0.194651
1072	1113	1113	23.7785	0.0213643	0.0213643
1073	689	689	283.015	0.410762	0.410762
1074	762	762	0	0	0
1075	874	874	367.496	0.420475	0.420475
1076	1497	1497	797.818	0.532945	0.532945
1077	642	642	0	0	0
1078	484	484	0	0	0
1079	631	631	1231.06	1.95097	1.95097
1080	2447	2447	0	0	0
1081	488	488	0	0	0
1082	636	636	115.919	0.182263	0.182263
1083	490	490	0	0	0
1084	1411	1411	0	0	0
1085	2296	2296	2248.36	0.979251	0.979251
1086	839	839	0	0	0
1087	1493	1493	418.628	0.280394	0.280394
1088	4452	4452	7468.37	1.67753	1.67753
1089	2218	2218	1080.01	0.486931	0.486931
1090	3895	3895	2702.99	0.693963	0.693963
1091	2040	2040	2797.61	1.37138	1.37138
1092	2568	2568	0	0	0
1093	2351	2351	0	0	0
1094	3184	3184	1230.67	0.386516	0.386516
1095	1619	1619	0	0	0
1096	2437	2437	751.822	0.308503	0.308503
1097	4354	4354	0	0	0
1098	1645	1645	1078.97	0.655906	0.655906
1099	4145	4145	0	0	0
1100	1662	1662	913.616	0.549709	0.549709
1101	1320	1320	52.2862	0.0396108	0.0396108
1102	841	841	1903.97	2.26394	2.26394
1103	878	878	1722.7	1.96207	1.96207
1104	1482	1482	411.833	0.27789	0.27789
1105	355	355	0	0	0
1106	642	642	0	0	0
1107	470	470	888.771	1.891	1.891
1108	1719	1719	0	0	0
1109	505	505	0	0	0
1110	831	831	0	0	0
1111	2211	2211	474.141	0.214447	0.214447
1112	701	701	0	0	0
1113	816	816	0	0	0
1114	1360	1360	1568.48	1.1533	1.1533
1115	786	786	346.887	0.441332	0.441332
1116	601	601	0	0	0
1117	994	994	750.076	0.754604	0.754604
1118	718	718	20.7829	0.0289455	0.0289455
1119	535	535	0	0	0
1120	443	443	70.2686	0.15862	0.15862
1121	1165	1165	260.08	0.223245	0.223245
1122	1342	1342	349.93	0.260752	0.260752
1123	1306	1306	335.978	0.257258	0.257258
1124	1000	1000	275.047	0.275047	0.275047
1125	609	609	252.089	0.41394	0.41394
1126	1173	1173	1212.12	1.03335	1.03335
1127	835	835	0	0	0
1128	1020	1020	148.317	0.145409	0.145409
1129	588	588	0	0	0
1130	583	583	101.039	0.173308	0.173308
1131	362	362	0	0	0
1132	1001	1001	417.065	0.416648	0.416648
1133	749	749	338.284	0.451647	0.451647
1134	1058	1058	365.122	0.345106	0.345106
1135	2556	2556	2011.74	0.787067	0.787067
1136	1017	1017	854.623	0.840337	0.840337
1137	941	941	197.614	0.210004	0.210004
1138	1455	1455	869.741	0.59776	0.59776
1139	686	686	738.164	1.07604	1.07604
1140	608	608	10.3083	0.0169544	0.0169544
1141	2882	2882	504.656	0.175106	0.175106
1142	499	499	376.184	0.753876	0.753876
1143	1089	1089	1053.94	0.967805	0.967805
1144	2306	2306	2899.54	1.25739	1.25739
1145	1385	1385	882.929	0.637494	0.637494
1146	862	862	260.862	0.302624	0.302624
1147	1213	1213	1576.59	1.29974	1.29974
1148	681	681	86.6563	0.127249	0.127249
1149	730	730	506.929	0.694424	0.694424
1150	416	416	196.904	0.473326	0.473326
1151	741	741	508.114	0.685713	0.685713
1152	1016	1016	1142.49	1.12449	1.12449
1153	1974	1974	658.792	0.333734	0.333734
1154	1975	1975	399.783	0.202422	0.202422
1155	1006	1006	335.387	0.333387	0.333387
1156	656	656	198.168	0.302086	0.302086
1157	1267	1267	525.614	0.414849	0.414849
1158	1095	1095	0	0	0
1159	1606	1606	1500.93	0.934575	0.934575
1160	1599	1599	4404.14	2.75431	2.75431
1161	585	585	1070.11	1.82925	1.82925
1162	661	661	97.0955	0.146892	0.146892
1163	934	934	0	0	0
1164	869	869	136.622	0.157218	0.157218
1165	1069	1069	1449.99	1.3564	1.3564
1166	2557	2557	1705.46	0.666977	0.666977
1167	1699	1699	1494.73	0.879768	0.879768
1168	1017	1017	692.079	0.68051	0.68051
1169	434	434	150.762	0.347379	0.347379
1170	667	667	656.989	0.984992	0.984992
1171	1913	1913	400.205	0.209203	0.209203
1172	638	638	91.552	0.143498	0.143498
1173	865	865	167.088	0.193165	0.193165
1174	797	797	66.8969	0.0839359	0.0839359
1175	664	664	0	0	0
1176	1069	1069	814.555	0.761979	0.761979
1177	2258	2258	2922.86	1.29445	1.29445
1178	751	751	363.032	0.483398	0.483398
1179	1473	1473	731.916	0.496888	0.496888
1180	677	677	55.4203	0.0818616	0.0818616
1181	885	885	530.385	0.599306	0.599306
1182	1123	1123	653.953	0.582327	0.582327
1183	981	981	180.685	0.184184	0.184184
1184	821	821	198.193	0.241405	0.241405
1185	1317	1317	566.747	0.430332	0.430332
1186	701	701	408.549	0.582809	0.582809
1187	1270	1270	759.575	0.598091	0.598091
1188	691	691	769.396	1.11345	1.11345
1189	1054	1054	1401.7	1.32988	1.32988
1190	1280	1280	348.574	0.272324	0.272324
1191	383	383	237.809	0.620912	0.620912
1192	745	745	398.76	0.535249	0.535249
1193	662	662	685.03	1.03479	1.03479
1194	722	722	305.27	0.422812	0.422812
1195	1105	1105	419.525	0.379661	0.379661
1196	1426	1426	2007.69	1.40791	1.40791
1197	970	970	789.434	0.813849	0.813849
1198	540	540	25.7298	0.0476478	0.0476478
1199	512	512	322.474	0.629832	0.629832
1200	1683	1683	608.499	0.361556	0.361556
1201	796	796	284.669	0.357624	0.357624
1202	648	648	36.8017	0.0567927	0.0567927
1203	1113	1113	358.042	0.321691	0.321691
1204	1292	1292	118.892	0.092022	0.092022
1205	1179	1179	379.519	0.321899	0.321899
1206	3378	3378	4801.17	1.4213	1.4213
1207	983	983	396.872	0.403736	0.403736
1208	1035	1035	474.403	0.458361	0.458361
1209	1433	1433	1153.45	0.804918	0.804918
1210	662	662	909.825	1.37436	1.37436
1211	2424	2424	377.872	0.155888	0.155888
1212	675	675	87.6691	0.12988	0.12988
1213	552	552	304.645	0.551893	0.551893
1214	879	879	697.338	0.793331	0.793331
1215	850	850	0	0	0
1216	851	851	1147.31	1.34819	1.34819
1217	893	893	39.1545	0.043846	0.043846
1218	649	649	0	0	0
1219	1218	1218	529.389	0.434638	0.434638
1220	944	944	127.371	0.134927	0.134927
1221	2003	2003	4549.68	2.27143	2.27143
1222	1335	1335	1071.72	0.802784	0.802784
1223	971	971	307.397	0.316578	0.316578
1224	1262	1262	242.238	0.191948	0.191948
1225	915	915	118.892	0.129937	0.129937
1226	677	677	234.609	0.346542	0.346542
1227	886	886	350.003	0.395037	0.395037
1228	2086	2086	761.02	0.364823	0.364823
1229	850	850	133.754	0.157358	0.157358
1230	2157	2157	0	0	0
1231	2338	2338	1002.09	0.428612	0.428612
1232	1672	1672	1295.71	0.774944	0.774944
1233	2463	2463	309.067	0.125484	0.125484
1234	946	946	1014.71	1.07264	1.07264
1235	1462	1462	639.395	0.437343	0.437343
1236	627	627	0	0	0
1237	1168	1168	871.833	0.746433	0.746433
1238	640	640	290.217	0.453464	0.453464
1239	408	408	383.365	0.939619	0.939619
1240	681	681	1443.23	2.11928	2.11928
1241	4498	4498	1710.96	0.380382	0.380382
1242	1049	1049	325.242	0.310049	0.310049
1243	1033	1033	1982.36	1.91903	1.91903
1244	1575	1575	2049.42	1.30122	1.30122
1245	786	786	560.954	0.713682	0.713682
1246	679	679	259.042	0.381505	0.381505
1247	1964	1964	1014.78	0.516688	0.516688
1248	772	772	428.06	0.554482	0.554482
1249	432	432	99.3965	0.230085	0.230085
1250	1457	1457	429.945	0.295089	0.295089
1251	3467	3467	976.312	0.281601	0.281601
1252	892	892	1730.27	1.93976	1.93976
1253	1126	1126	209.052	0.185659	0.185659
1254	1262	1262	251.484	0.199274	0.199274
1255	641	641	296.801	0.463028	0.463028
1256	57302	57302	4407.27	0.0769131	0.0769131
1257	2872	2872	2396.5	0.834436	0.834436
1258	4786	4786	1296.47	0.270889	0.270889
1259	507	507	60.3715	0.119076	0.119076
1260	4550	4550	1533.79	0.337096	0.337096
1261	7117	7117	1851.62	0.260169	0.260169
1262	13949	13949	5155.25	0.369579	0.369579
1263	774	774	515.153	0.665573	0.665573
1264	1041	1041	159.487	0.153205	0.153205
1265	1830	1830	614.369	0.335721	0.335721
1266	1058	1058	0	0	0
1267	1923	1923	1131.49	0.588398	0.588398
1268	839	839	142.245	0.169542	0.169542
1269	1469	1469	531.657	0.361918	0.361918
1270	3122	3122	2072.94	0.663977	0.663977
1271	2441	2441	1433.55	0.587279	0.587279
1272	480	480	0	0	0
1273	4055	4055	3317.96	0.81824	0.81824
1274	982	982	277.096	0.282175	0.282175
1275	829	829	133.213	0.160692	0.160692
1276	2466	2466	2295.27	0.930767	0.930767
1277	614	614	0	0	0
1278	3562	3562	410.077	0.115126	0.115126
1279	878	878	356.677	0.406238	0.406238
1280	938	938	1069.09	1.13975	1.13975
1281	980	980	411.626	0.420027	0.420027
1282	505	505	95.1366	0.188389	0.188389
1283	1583	1583	523.534	0.330723	0.330723
1284	922	922	73.2659	0.0794641	0.0794641
1285	469	469	118.892	0.253502	0.253502
1286	709	709	106.179	0.149759	0.149759
1287	1170	1170	340.421	0.290958	0.290958
1288	770	770	284.747	0.369802	0.369802
1289	983	983	1732.55	1.76251	1.76251
1290	469	469	173.388	0.369697	0.369697
1291	1252	1252	222.64	0.177828	0.177828
1292	1429	1429	1106.57	0.774369	0.774369
1293	686	686	0	0	0
1294	444	444	21.281	0.0479302	0.0479302
1295	600	600	625.059	1.04176	1.04176
1296	481	481	248.683	0.517012	0.517012
1297	457	457	272.272	0.595782	0.595782
1298	702	702	245.221	0.349317	0.349317
1299	586	586	0	0	0
1300	711	711	1351.17	1.90038	1.90038
1301	835	835	0	0	0
1302	1760	1760	790.088	0.448913	0.448913
1303	1942	1942	0	0	0
1304	1535	1535	377.462	0.245904	0.245904
1305	710	710	547.692	0.771397	0.771397
1306	912	912	507.625	0.556606	0.556606
1307	930	930	347.634	0.373801	0.373801
1308	972	972	137.138	0.141089	0.141089
1309	604	604	78.2708	0.129587	0.129587
1310	332	332	141.332	0.425698	0.425698
1311	1381	1381	155.309	0.112461	0.112461
1312	866	866	587.651	0.678581	0.678581
1313	561	561	274.332	0.489006	0.489006
1314	1071	1071	451.424	0.421498	0.421498
1315	868	868	473.973	0.546052	0.546052
1316	1916	1916	1232.09	0.643051	0.643051
1317	1059	1059	239.668	0.226315	0.226315
1318	1423	1423	478.837	0.336498	0.336498
1319	367	367	0	0	0
1320	2573	2573	166.449	0.0646908	0.0646908
1321	2804	2804	2218.75	0.791279	0.791279
1322	979	979	661.065	0.675245	0.675245
1323	1558	1558	787.75	0.505616	0.505616
1324	1426	1426	973.695	0.682815	0.682815
1325	1201	1201	276.153	0.229936	0.229936
1326	957	957	0	0	0
1327	872	872	195.194	0.223846	0.223846
1328	1710	1710	321.423	0.187967	0.187967
1329	823	823	118.892	0.144462	0.144462
1330	519	519	784.538	1.51163	1.51163
1331	1692	1692	1650.76	0.975628	0.975628
1332	569	569	85.5327	0.150321	0.150321
1333	977	977	768.183	0.786267	0.786267
1334	770	770	575.577	0.747502	0.747502
1335	712	712	0	0	0
1336	1006	1006	408.746	0.406308	0.406308
1337	667	667	118.892	0.178249	0.178249
1338	2593	2593	825.714	0.31844	0.31844
1339	793	793	658.614	0.830535	0.830535
1340	1362	1362	136.698	0.100365	0.100365
1341	1637	1637	494.655	0.302171	0.302171
1342	983	983	510.56	0.51939	0.51939
1343	1357	1357	657.496	0.484522	0.484522
1344	2678	2678	1417.86	0.529446	0.529446
1345	1325	1325	648.339	0.489313	0.489313
1346	1425	1425	64.3131	0.045132	0.045132
1347	1914	1914	400.249	0.209116	0.209116
1348	813	813	231.153	0.284321	0.284321
1349	1478	1478	1417.9	0.959334	0.959334
1350	579	579	1140.12	1.96912	1.96912
1351	586	586	133.527	0.227862	0.227862
1352	514	514	295.198	0.574315	0.574315
1353	426	426	557.761	1.3093	1.3093
1354	1253	1253	1633.19	1.30343	1.30343
1355	1637	1637	174.066	0.106332	0.106332
1356	27839	27839	6899.27	0.247827	0.247827
1357	410	410	0	0	0
1358	2154	2154	612.672	0.284435	0.284435
1359	750	750	942.472	1.25663	1.25663
1360	622	622	338.861	0.544793	0.544793
1361	1467	1467	2839	1.93524	1.93524
1362	1094	1094	1254.76	1.14695	1.14695
1363	1617	1617	226.706	0.140201	0.140201
1364	770	770	212.493	0.275965	0.275965
1365	565	565	118.892	0.210429	0.210429
1366	1087	1087	2804.93	2.58043	2.58043
1367	3365	3365	238.984	0.0710205	0.0710205
1368	1111	1111	2321.54	2.08959	2.08959
1369	853	853	1236.39	1.44946	1.44946
1370	1329	1329	2779.39	2.09134	2.09134
1371	696	696	151.015	0.216975	0.216975
1372	867	867	620.376	0.715543	0.715543
1373	2151	2151	2402.61	1.11697	1.11697
1374	1543	1543	855.587	0.554496	0.554496
1375	1199	1199	1364.67	1.13817	1.13817
1376	665	665	782.755	1.17708	1.17708
1377	797	797	233.512	0.292989	0.292989
1378	1095	1095	884.64	0.80789	0.80789
1379	1112	1112	365.594	0.328772	0.328772
1380	1540	1540	733.96	0.476597	0.476597
1381	1467	1467	350.475	0.238906	0.238906
1382	890	890	87.6482	0.0984811	0.0984811
1383	585	585	88.1785	0.150733	0.150733
1384	674	674	520.666	0.772501	0.772501
1385	1066	1066	2177.52	2.04271	2.04271
1386	665	665	73.1857	0.110054	0.110054
1387	614	614	1229.81	2.00296	2.00296
1388	497	497	0	0	0
1389	1251	1251	713.813	0.570594	0.570594
1390	401	401	566.192	1.41195	1.41195
1391	793	793	154.397	0.1947	0.1947
1392	281	281	361.825	1.28763	1.28763
1393	4809	4809	2059.01	0.428159	0.428159
1394	2028	2028	3345.77	1.64979	1.64979
1395	1771	1771	1037.65	0.585914	0.585914
1396	1752	1752	66.3228	0.0378555	0.0378555
1397	2050	2050	2276.39	1.11043	1.11043
1398	633	633	166.103	0.262406	0.262406
1399	2203	2203	443.497	0.201315	0.201315
1400	1167	1167	469.594	0.402394	0.402394
1401	2160	2160	613.011	0.283801	0.283801
1402	1292	1292	118.892	0.092022	0.092022
1403	1574	1574	925.623	0.588071	0.588071
1404	919	919	705.225	0.767383	0.767383
1405	3144	3144	347.423	0.110503	0.110503
1406	936	936	431.777	0.461301	0.461301
1407	1486	1486	2594.45	1.74593	1.74593
1408	752	752	483.76	0.643298	0.643298
1409	645	645	717.165	1.11188	1.11188
1410	1113	1113	1208.12	1.08546	1.08546
1411	1325	1325	850.466	0.641861	0.641861
1412	1234	1234	1429.45	1.15839	1.15839
1413	2007	2007	70.2903	0.0350226	0.0350226
1414	881	881	0	0	0
1415	1425	1425	105.502	0.0740365	0.0740365
1416	362	362	0	0	0
1417	771	771	118.909	0.154227	0.154227
1418	649	649	176.836	0.272475	0.272475
1419	927	927	0	0	0
1420	1012	1012	222.904	0.220261	0.220261
1421	803	803	692.021	0.861794	0.861794
1422	2578	2578	4304.37	1.66966	1.66966
1423	3847	3847	3350.07	0.870826	0.870826
1424	1124	1124	529.992	0.471523	0.471523
1425	1237	1237	806.751	0.652183	0.652183
1426	3657	3657	1109.22	0.303314	0.303314
1427	1627	1627	392.113	0.241004	0.241004
1428	817	817	1277.53	1.56368	1.56368
1429	1553	1553	3350.44	2.1574	2.1574
1430	1475	1475	356.703	0.241833	0.241833
1431	1091	1091	663.855	0.608483	0.608483
1432	521	521	542.244	1.04077	1.04077
1433	1123	1123	224.786	0.200166	0.200166
1434	790	790	314.508	0.398111	0.398111
1435	450	450	0	0	0
1436	371	371	183.595	0.494866	0.494866
1437	994	994	0	0	0
1438	1351	1351	456.81	0.338128	0.338128
1439	2247	2247	1058.72	0.47117	0.47117
1440	1107	1107	814.177	0.735481	0.735481
1441	641	641	330.943	0.516292	0.516292
1442	2088	2088	483.383	0.231505	0.231505
1443	768	768	493.266	0.642274	0.642274
1444	561	561	991.267	1.76696	1.76696
1445	645	645	0	0	0
1446	1231	1231	1228.06	0.997611	0.997611
1447	1630	1630	2686.93	1.64842	1.64842
1448	1384	1384	3779.02	2.7305	2.7305
1449	5662	5662	1800.22	0.317948	0.317948
1450	966	966	911.305	0.94338	0.94338
1451	1409	1409	547.887	0.388848	0.388848
1452	710	710	886.783	1.24899	1.24899
1453	665	665	60.3689	0.0907802	0.0907802
1454	1136	1136	1695.76	1.49274	1.49274
1455	1057	1057	490.232	0.463795	0.463795
1456	385	385	356.683	0.926449	0.926449
1457	1865	1865	1423.41	0.763224	0.763224
1458	874	874	214.895	0.245875	0.245875
1459	2917	2917	176.468	0.0604962	0.0604962
1460	1606	1606	1252.3	0.779762	0.779762
1461	488	488	187.086	0.383372	0.383372
1462	1063	1063	262.949	0.247365	0.247365
1463	1235	1235	190.604	0.154335	0.154335
1464	1061	1061	490.842	0.462623	0.462623
1465	1073	1073	853.901	0.795807	0.795807
1466	1665	1665	2065.87	1.24076	1.24076
1467	1628	1628	1656.81	1.0177	1.0177
1468	1598	1598	276.834	0.173238	0.173238
1469	312	312	0	0	0
1470	2442	2442	1631.24	0.667995	0.667995
1471	548	548	446.414	0.814623	0.814623
1472	509	509	197.168	0.387364	0.387364
1473	1946	1946	445.641	0.229003	0.229003
1474	1645	1645	175.302	0.106567	0.106567
1475	1803	1803	1361.9	0.755353	0.755353
1476	1020	1020	281.118	0.275606	0.275606
1477	929	929	444.839	0.478836	0.478836
1478	926	926	79.2536	0.085587	0.085587
1479	1980	1980	592.724	0.299356	0.299356
1480	1098	1098	1592.99	1.45081	1.45081
1481	983	983	2036.06	2.07127	2.07127
1482	878	878	258.671	0.294614	0.294614
1483	786	786	1113.22	1.41631	1.41631
1484	396	396	747.604	1.88789	1.88789
1485	699	699	108.663	0.155455	0.155455
1486	608	608	481.542	0.79201	0.79201
1487	1152	1152	764.9	0.663975	0.663975
1488	1318	1318	1240.02	0.940836	0.940836
1489	1021	1021	318.016	0.311475	0.311475
1490	1175	1175	652.965	0.555715	0.555715
1491	1150	1150	405.712	0.352793	0.352793
1492	1179	1179	1958.38	1.66105	1.66105
1493	1059	1059	266.933	0.252061	0.252061
1494	1595	1595	599.107	0.375616	0.375616
1495	1003	1003	181.815	0.181271	0.181271
1496	523	523	341.739	0.65342	0.65342
1497	1433	1433	1778.79	1.2413	1.2413
1498	601	601	0	0	0
1499	771	771	177.342	0.230015	0.230015
1500	2798	2798	1232.67	0.440555	0.440555
1501	418	418	192.989	0.461695	0.461695
1502	1180	1180	185.711	0.157382	0.157382
1503	1174	1174	467.447	0.398166	0.398166
1504	858	858	659.61	0.768776	0.768776
1505	610	610	80.3556	0.13173	0.13173
1506	1136	1136	167.86	0.147764	0.147764
1507	583	583	706.817	1.21238	1.21238
1508	838	838	341.692	0.407747	0.407747
1509	1465	1465	381.397	0.260339	0.260339
1510	1001	1001	274.416	0.274142	0.274142
1511	1173	1173	384.774	0.328026	0.328026
1512	1315	1315	496.337	0.377443	0.377443
1513	1008	1008	619.673	0.614755	0.614755
1514	1382	1382	1004.49	0.72684	0.72684
1515	1143	1143	94.0954	0.0823232	0.0823232
1516	1607	1607	709.117	0.441268	0.441268
1517	4524	4524	2536.79	0.560741	0.560741
1518	881	881	725.195	0.82315	0.82315
1519	1204	1204	118.892	0.0987478	0.0987478
1520	747	747	714.559	0.956571	0.956571
1521	618	618	0	0	0
1522	523	523	236.713	0.452606	0.452606
1523	1158	1158	290.949	0.251251	0.251251
1524	1137	1137	636.88	0.56014	0.56014
1525	957	957	32.6388	0.0341053	0.0341053
1526	769	769	322.228	0.419022	0.419022
1527	737	737	1422.08	1.92955	1.92955
1528	1152	1152	486.797	0.422567	0.422567
1529	758	758	114.41	0.150937	0.150937
1530	700	700	471.222	0.673175	0.673175
1531	616	616	573.646	0.931244	0.931244
1532	1266	1266	986.837	0.779492	0.779492
1533	1392	1392	264.394	0.189938	0.189938
1534	1023	1023	0	0	0
1535	800	800	71.7781	0.0897226	0.0897226
1536	557	557	267.479	0.480214	0.480214
1537	599	599	68.8269	0.114903	0.114903
1538	1524	1524	104.498	0.0685686	0.0685686
1539	966	966	220.923	0.228699	0.228699
1540	417	417	788.629	1.8912	1.8912
1541	1470	1470	433.401	0.29483	0.29483
1542	1260	1260	1572.31	1.24787	1.24787
1543	1023	1023	1013.54	0.990749	0.990749
1544	1623	1623	2175.67	1.34053	1.34053
1545	846	846	1698.73	2.00795	2.00795
1546	1109	1109	56.7947	0.0512126	0.0512126
1547	1159	1159	1978.08	1.70672	1.70672
1548	736	736	267.628	0.363625	0.363625
1549	634	634	115.855	0.182737	0.182737
1550	823	823	134.745	0.163724	0.163724
1551	829	829	300.65	0.362666	0.362666
1552	826	826	403.182	0.488114	0.488114
1553	1105	1105	838.553	0.758871	0.758871
1554	746	746	1097.44	1.4711	1.4711
1555	1041	1041	465.686	0.447345	0.447345
1556	1212	1212	1619.76	1.33643	1.33643
1557	809	809	356.693	0.440906	0.440906
1558	872	872	91.1508	0.104531	0.104531
1559	1383	1383	662.947	0.479354	0.479354
1560	1151	1151	632.241	0.549297	0.549297
1561	764	764	0	0	0
1562	921	921	681.596	0.740061	0.740061
1563	1038	1038	483.39	0.465693	0.465693
1564	439	439	426.561	0.971666	0.971666
1565	1660	1660	3630.34	2.18695	2.18695
1566	783	783	0	0	0
1567	1308	1308	65.6469	0.0501888	0.0501888
1568	996	996	351.222	0.352632	0.352632
1569	877	877	203.49	0.23203	0.23203
1570	896	896	435.967	0.48657	0.48657
1571	698	698	108.583	0.155563	0.155563
1572	1166	1166	839.881	0.72031	0.72031
1573	1253	1253	409.169	0.326552	0.326552
1574	2745	2745	418.701	0.152532	0.152532
1575	834	834	777.986	0.932837	0.932837
1576	1808	1808	606.986	0.335722	0.335722
1577	1375	1375	433.848	0.315526	0.315526
1578	915	915	342.873	0.374725	0.374725
1579	853	853	399.685	0.468564	0.468564
1580	1392	1392	642.033	0.46123	0.46123
1581	1693	1693	1618.66	0.956091	0.956091
1582	1698	1698	1227.26	0.722769	0.722769
1583	1735	1735	356.677	0.205578	0.205578
1584	1216	1216	202.261	0.166333	0.166333
1585	1975	1975	153.207	0.0775734	0.0775734
1586	598	598	300.906	0.503187	0.503187
1587	446	446	98.0629	0.219872	0.219872
1588	479	479	843.239	1.76042	1.76042
1589	804	804	286.174	0.355937	0.355937
1590	1291	1291	220.679	0.170936	0.170936
1591	704	704	162.514	0.230844	0.230844
1592	1634	1634	0	0	0
1593	4099	4099	1697.57	0.414142	0.414142
1594	1295	1295	476.895	0.368259	0.368259
1595	1563	1563	1315.1	0.841392	0.841392
1596	2475	2475	2128	0.859797	0.859797
1597	2754	2754	442.309	0.160606	0.160606
1598	802	802	668.809	0.833926	0.833926
1599	711	711	168.199	0.236566	0.236566
1600	1051	1051	349.031	0.332094	0.332094
1601	815	815	474.026	0.581627	0.581627
1602	1016	1016	1063.06	1.04632	1.04632
1603	345	345	66.3321	0.192267	0.192267
1604	911	911	1893.49	2.07848	2.07848
1605	1012	1012	1122.8	1.10949	1.10949
1606	828	828	2012.8	2.43092	2.43092
1607	1387	1387	165.47	0.119301	0.119301
1608	811	811	118.892	0.1466	0.1466
1609	1068	1068	423.95	0.396957	0.396957
1610	1109	1109	696.982	0.628478	0.628478
1611	1068	1068	373.861	0.350057	0.350057
1612	822	822	0	0	0
1613	718	718	201.581	0.280754	0.280754
1614	2725	2725	709.752	0.260459	0.260459
1615	1816	1816	421.008	0.231832	0.231832
1616	597	597	127.513	0.21359	0.21359
1617	1429	1429	497.843	0.348385	0.348385
1618	2479	2479	748.099	0.301775	0.301775
1619	11055	11055	3904.94	0.353229	0.353229
1620	595	595	727.015	1.22187	1.22187
1621	803	803	440.381	0.54842	0.54842
1622	2415	2415	624.879	0.258749	0.258749
1623	3294	3294	1697.47	0.515321	0.515321
1624	1575	1575	877.707	0.557274	0.557274
1625	725	725	556.37	0.767407	0.767407
1626	575	575	459.156	0.798531	0.798531
1627	2943	2943	888.302	0.301835	0.301835
1628	5342	5342	2465.59	0.461547	0.461547
1629	5860	5860	2508.1	0.428003	0.428003
1630	425	425	126.819	0.298397	0.298397
1631	4135	4135	3440.14	0.831957	0.831957
1632	465	465	180.625	0.38844	0.38844
1633	831	831	118.892	0.143071	0.143071
1634	3432	3432	729.995	0.212703	0.212703
1635	1222	1222	265.834	0.21754	0.21754
1636	1141	1141	1034.91	0.907018	0.907018
1637	1916	1916	94.5913	0.0493692	0.0493692
1638	929	929	978.509	1.05329	1.05329
1639	481	481	0	0	0
1640	954	954	1437.11	1.50641	1.50641
1641	1620	1620	615.537	0.379961	0.379961
1642	782	782	178.163	0.22783	0.22783
1643	644	644	292.715	0.454526	0.454526
1644	1084	1084	237.785	0.219359	0.219359
1645	1077	1077	422.736	0.392512	0.392512
1646	548	548	0	0	0
1647	849	849	118.892	0.140038	0.140038
1648	2341	2341	1215.68	0.519298	0.519298
1649	834	834	0	0	0
1650	565	565	282.45	0.499912	0.499912
1651	644	644	600.806	0.932929	0.932929
1652	2469	2469	2340.04	0.94777	0.94777
1653	1035	1035	475.588	0.459506	0.459506
1654	501	501	247.804	0.494619	0.494619
1655	468	468	125.28	0.267692	0.267692
1656	1096	1096	256.88	0.23438	0.23438
1657	960	960	1311.78	1.36643	1.36643
1658	308	308	675.492	2.19316	2.19316
1659	681	681	166.819	0.244962	0.244962
1660	1031	1031	1309.62	1.27024	1.27024
1661	640	640	533.678	0.833871	0.833871
1662	374	374	195.053	0.521532	0.521532
1663	1367	1367	3755.06	2.74694	2.74694
1664	990	990	204.83	0.206899	0.206899
1665	690	690	811.715	1.1764	1.1764
1666	1071	1071	118.892	0.111011	0.111011
1667	789	789	529.65	0.671293	0.671293
1668	1120	1120	0	0	0
1669	995	995	303.559	0.305084	0.305084
1670	926	926	160.82	0.173671	0.173671
1671	1387	1387	118.892	0.0857191	0.0857191
1672	2509	2509	118.892	0.0473864	0.0473864
1673	1290	1290	543.746	0.421508	0.421508
1674	587	587	0	0	0
1675	494	494	356.704	0.722072	0.722072
1676	751	751	357.557	0.476108	0.476108
1677	678	678	329.927	0.486618	0.486618
1678	456	456	0	0	0
1679	922	922	464.645	0.503953	0.503953
1680	1535	1535	1554.85	1.01293	1.01293
1681	2153	2153	741.709	0.3445	0.3445
1682	1022	1022	253.342	0.247889	0.247889
1683	572	572	186.241	0.325596	0.325596
1684	1150	1150	398.952	0.346915	0.346915
1685	1026	1026	687.919	0.670486	0.670486
1686	773	773	794.675	1.02804	1.02804
1687	837	837	498.823	0.595966	0.595966
1688	906	906	0	0	0
1689	587	587	286.213	0.487586	0.487586
1690	639	639	1408.73	2.20459	2.20459
1691	428	428	91.6434	0.21412	0.21412
1692	4631	4631	6164.25	1.33108	1.33108
1693	1311	1311	456.245	0.348013	0.348013
1694	1068	1068	410.948	0.384782	0.384782
1695	969	969	980.831	1.01221	1.01221
1696	1155	1155	2529.3	2.18987	2.18987
1697	1090	1090	0	0	0
1698	1447	1447	695.313	0.480521	0.480521
1699	1578	1578	0	0	0
1700	1838	1838	758.892	0.41289	0.41289
1701	991	991	182.735	0.184395	0.184395
1702	764	764	0	0	0
1703	918	918	142.042	0.15473	0.15473
1704	1315	1315	732.127	0.55675	0.55675
1705	505	505	1173.8	2.32436	2.32436
1706	2140	2140	58.6908	0.0274256	0.0274256
1707	578	578	223.74	0.387093	0.387093
1708	366	366	0	0	0
1709	622	622	1124.05	1.80715	1.80715
1710	599	599	0	0	0
1711	1097	1097	387.421	0.353164	0.353164
1712	602	602	527.39	0.876063	0.876063
1713	1652	1652	427.118	0.258546	0.258546
1714	3963	3963	1107.87	0.279554	0.279554
1715	1671	1671	909.409	0.544231	0.544231
1716	1580	1580	2674.19	1.69252	1.69252
1717	2018	2018	424.135	0.210176	0.210176
1718	742	742	0	0	0
1719	1496	1496	694.201	0.464038	0.464038
1720	1023	1023	706.673	0.690785	0.690785
1721	1116	1116	1846.24	1.65433	1.65433
1722	766	766	0	0	0
1723	1156	1156	286.607	0.24793	0.24793
1724	1771	1771	1610.74	0.90951	0.90951
1725	1152	1152	1305.8	1.13351	1.13351
1726	1229	1229	250.107	0.203504	0.203504
1727	1178	1178	148.791	0.126308	0.126308
1728	1132	1132	642.082	0.56721	0.56721
1729	1073	1073	0	0	0
1730	1373	1373	358.788	0.261317	0.261317
1731	862	862	259.459	0.300996	0.300996
1732	605	605	0	0	0
1733	591	591	270.311	0.45738	0.45738
1734	524	524	517.568	0.987726	0.987726
1735	1309	1309	766.449	0.585522	0.585522
1736	525	525	474.731	0.90425	0.90425
1737	987	987	700.197	0.709419	0.709419
1738	1938	1938	0	0	0
1739	2410	2410	4108.27	1.70468	1.70468
1740	398	398	997.152	2.50541	2.50541
1741	982	982	241.633	0.246062	0.246062
1742	4772	4772	0	0	0
1743	2471	2471	2436.89	0.986196	0.986196
1744	8227	8227	2301.67	0.279771	0.279771
1745	7889	7889	1792.66	0.227235	0.227235
1746	6854	6854	3740.8	0.545783	0.545783
1747	9747	9747	3366.32	0.34537	0.34537
1748	1179	1179	692.516	0.587376	0.587376
1749	1787	1787	3253.59	1.8207	1.8207
1750	2497	2497	2394.25	0.958851	0.958851
1751	690	690	1489.99	2.1594	2.1594
1752	1737	1737	2156.91	1.24175	1.24175
1753	971	971	767.53	0.790453	0.790453
1754	774	774	322.555	0.416738	0.416738
1755	634	634	120.623	0.190257	0.190257
1756	2250	2250	0	0	0
1757	1128	1128	262.575	0.232779	0.232779
1758	396	396	574.992	1.452	1.452
1759	557	557	0	0	0
1760	935	935	245.984	0.263085	0.263085
1761	892	892	607.137	0.680647	0.680647
1762	1190	1190	98.8311	0.0830514	0.0830514
1763	1452	1452	349.164	0.240471	0.240471
1764	951	951	1756.03	1.84651	1.84651
1765	632	632	392.293	0.620717	0.620717
1766	620	620	0	0	0
1767	1631	1631	244.022	0.149615	0.149615
1768	1154	1154	264.193	0.228937	0.228937
1769	716	716	802.244	1.12045	1.12045
1770	1648	1648	1696.54	1.02946	1.02946
1771	4522	4522	3501.71	0.774371	0.774371
1772	8724	8724	5542.37	0.635301	0.635301
1773	11234	11234	5646.09	0.502589	0.502589
1774	986	986	237.809	0.241185	0.241185
1775	9737	9737	7361.77	0.756062	0.756062
1776	1607	1607	594.516	0.369954	0.369954
1777	717	717	361.71	0.504476	0.504476
1778	930	930	2097.1	2.25495	2.25495
1779	1110	1110	214.972	0.193668	0.193668
1780	866	866	981.884	1.13381	1.13381
1781	400	400	926.645	2.31661	2.31661
1782	836	836	438.893	0.524992	0.524992
1783	689	689	697.58	1.01245	1.01245
1784	888	888	329.544	0.371109	0.371109
1785	694	694	525.985	0.757903	0.757903
1786	1378	1378	1725.2	1.25196	1.25196
1787	989	989	426.694	0.43144	0.43144
1788	722	722	0	0	0
1789	930	930	463.247	0.498115	0.498115
1790	553	553	263.173	0.4759	0.4759
1791	794	794	899.135	1.13241	1.13241
1792	1568	1568	2371.54	1.51246	1.51246
1793	1923	1923	1319.38	0.686105	0.686105
1794	729	729	79.4489	0.108983	0.108983
1795	687	687	318.748	0.463971	0.463971
1796	1013	1013	413.167	0.407865	0.407865
1797	662	662	0	0	0
1798	1184	1184	0	0	0
1799	2357	2357	296.095	0.125624	0.125624
1800	1222	1222	325.285	0.26619	0.26619
1801	755	755	356.706	0.472458	0.472458
1802	940	940	254.069	0.270286	0.270286
1803	1184	1184	338.005	0.285478	0.285478
1804	976	976	235.803	0.241602	0.241602
1805	1432	1432	1150.25	0.803246	0.803246
1806	2814	2814	4055.5	1.44119	1.44119
1807	1237	1237	1527.59	1.23492	1.23492
1808	1570	1570	580.827	0.369953	0.369953
1809	1517	1517	0	0	0
1810	1158	1158	390.152	0.336919	0.336919
1811	484	484	109.975	0.227222	0.227222
1812	833	833	0	0	0
1813	1617	1617	559.757	0.34617	0.34617
1814	1132	1132	0	0	0
1815	1080	1080	360.356	0.333663	0.333663
1816	675	675	324.235	0.480349	0.480349
1817	453	453	989.752	2.18488	2.18488
1818	1210	1210	686.431	0.567298	0.567298
1819	635	635	154.273	0.242949	0.242949
1820	508	508	385.169	0.758207	0.758207
1821	759	759	620.831	0.817959	0.817959
1822	1207	1207	0	0	0
1823	1460	1460	1116.76	0.764904	0.764904
1824	989	989	0	0	0
1825	675	675	0	0	0
1826	1229	1229	1405.94	1.14397	1.14397
1827	638	638	1132.29	1.77474	1.77474
1828	673	673	170.137	0.252804	0.252804
1829	950	950	118.892	0.12515	0.12515
1830	903	903	0	0	0
1831	503	503	559.408	1.11214	1.11214
1832	1688	1688	713.371	0.422613	0.422613
1833	303	303	60.8918	0.200963	0.200963
1834	779	779	378.892	0.486383	0.486383
1835	728	728	211.194	0.290102	0.290102
1836	1391	1391	0	0	0
1837	986	986	669.28	0.678783	0.678783
1838	1018	1018	465.914	0.457676	0.457676
1839	3699	3699	535.473	0.144761	0.144761
1840	403	403	380.224	0.943483	0.943483
1841	1262	1262	0	0	0
1842	1440	1440	717.186	0.498046	0.498046
1843	865	865	940.424	1.0872	1.0872
1844	1609	1609	1052	0.653822	0.653822
1845	1948	1948	1149.57	0.590126	0.590126
1846	686	686	8.91693	0.0129984	0.0129984
1847	498	498	84.2369	0.16915	0.16915
1848	1841	1841	144.662	0.078578	0.078578
1849	329	329	76.2893	0.231882	0.231882
1850	925	925	551.543	0.596263	0.596263
1851	745	745	0	0	0
1852	768	768	724.31	0.943112	0.943112
1853	1272	1272	607.373	0.477494	0.477494
1854	624	624	1210.83	1.94044	1.94044
1855	520	520	60.437	0.116225	0.116225
1856	503	503	947.732	1.88416	1.88416
1857	1076	1076	223.248	0.20748	0.20748
1858	974	974	0	0	0
1859	685	685	298.17	0.435285	0.435285
1860	879	879	2148.29	2.44402	2.44402
1861	1177	1177	275.653	0.234199	0.234199
1862	829	829	4058.83	4.89606	4.89606
1863	763	763	2172.03	2.84669	2.84669
1864	764	764	335.123	0.438642	0.438642
1865	455	455	224.926	0.494343	0.494343
1866	911	911	0	0	0
1867	1142	1142	0	0	0
1868	856	856	1112.71	1.29989	1.29989
1869	1119	1119	119.058	0.106397	0.106397
1870	814	814	0	0	0
1871	798	798	645.487	0.80888	0.80888
1872	1023	1023	500.334	0.489085	0.489085
1873	577	577	76.2371	0.132127	0.132127
1874	834	834	0	0	0
1875	1431	1431	0	0	0
1876	1947	1947	566.576	0.290999	0.290999
1877	599	599	412.568	0.688761	0.688761
1878	895	895	0	0	0
1879	633	633	163.397	0.258131	0.258131
1880	835	835	527.68	0.631952	0.631952
1881	2211	2211	2659.62	1.2029	1.2029
1882	1191	1191	339.036	0.284665	0.284665
1883	966	966	265.187	0.27452	0.27452
1884	381	381	0	0	0
1885	880	880	789.931	0.897649	0.897649
1886	895	895	530.026	0.592208	0.592208
1887	1903	1903	0	0	0
1888	2092	2092	840.653	0.401842	0.401842
1889	693	693	7.92616	0.0114375	0.0114375
1890	594	594	120.118	0.202219	0.202219
1891	1199	1199	557.908	0.465311	0.465311
1892	474	474	0	0	0
1893	1444	1444	834.831	0.578138	0.578138
1894	896	896	532.635	0.594459	0.594459
1895	545	545	247.62	0.454348	0.454348
1896	1118	1118	904.409	0.808953	0.808953
1897	2284	2284	800.802	0.350614	0.350614
1898	929	929	105.272	0.113318	0.113318
1899	803	803	389.821	0.485456	0.485456
1900	1030	1030	0	0	0
1901	1314	1314	292.618	0.222693	0.222693
1902	2306	2306	1856.36	0.805013	0.805013
1903	661	661	210.523	0.318491	0.318491
1904	577	577	45.5754	0.0789869	0.0789869
1905	1406	1406	671.762	0.477783	0.477783
1906	1002	1002	736.316	0.734847	0.734847
1907	847	847	520.559	0.614591	0.614591
1908	993	993	599.612	0.603838	0.603838
1909	330	330	0	0	0
1910	840	840	1019.1	1.21321	1.21321
1911	909	909	661.796	0.728048	0.728048
1912	657	657	587.562	0.894311	0.894311
1913	362	362	56.8508	0.157047	0.157047
1914	490	490	504.214	1.02901	1.02901
1915	351	351	62.4185	0.177831	0.177831
1916	850	850	0	0	0
1917	1005	1005	304.462	0.302947	0.302947
1918	2187	2187	1423.38	0.650835	0.650835
1919	918	918	255.14	0.27793	0.27793
1920	1102	1102	422.008	0.382947	0.382947
1921	2379	2379	1096.48	0.460901	0.460901
1922	1316	1316	1409.23	1.07084	1.07084
1923	684	684	1852.2	2.70789	2.70789
1924	372	372	0	0	0
1925	1578	1578	933.333	0.591466	0.591466
1926	674	674	742.099	1.10104	1.10104
1927	1169	1169	1778.19	1.52112	1.52112
1928	1913	1913	589.943	0.308386	0.308386
1929	2819	2819	1054.51	0.374072	0.374072
1930	1106	1106	0	0	0
1931	1357	1357	308.849	0.227597	0.227597
1932	937	937	651.396	0.695194	0.695194
1933	767	767	83.6871	0.10911	0.10911
1934	1097	1097	625.963	0.570614	0.570614
1935	2608	2608	588.454	0.225634	0.225634
1936	554	554	116.85	0.21092	0.21092
1937	1590	1590	273.938	0.172288	0.172288
1938	806	806	610.102	0.75695	0.75695
1939	643	643	132.034	0.20534	0.20534
1940	1776	1776	1641.47	0.92425	0.92425
1941	1490	1490	1276.19	0.856504	0.856504
1942	527	527	635.488	1.20586	1.20586
1943	1283	1283	2263.58	1.76429	1.76429
1944	1659	1659	2559.71	1.54292	1.54292
1945	589	589	118.892	0.201855	0.201855
1946	436	436	448.845	1.02946	1.02946
1947	493	493	218.952	0.444121	0.444121
1948	1703	1703	135.573	0.0796084	0.0796084
1949	1072	1072	1111.1	1.03648	1.03648
1950	1875	1875	698.391	0.372475	0.372475
1951	1336	1336	2829.55	2.11792	2.11792
1952	1648	1648	0	0	0
1953	827	827	30.186	0.0365005	0.0365005
1954	1068	1068	952.055	0.891437	0.891437
1955	1821	1821	639	0.350906	0.350906
1956	18274	18274	0	0	0
1957	2299	2299	793.574	0.345182	0.345182
1958	9066	9066	6811.93	0.751371	0.751371
1959	4622	4622	1767.57	0.382424	0.382424
1960	3593	3593	0	0	0
1961	2558	2558	4043.54	1.58074	1.58074
1962	2524	2524	0	0	0
1963	770	770	1001.95	1.30123	1.30123
1964	1187	1187	475.601	0.400675	0.400675
1965	689	689	0	0	0
1966	1807	1807	1185.72	0.656184	0.656184
1967	1246	1246	543.468	0.43617	0.43617
1968	667	667	203.979	0.305815	0.305815
1969	1508	1508	1949.33	1.29266	1.29266
1970	463	463	22.7877	0.0492175	0.0492175
1971	1325	1325	719.324	0.542886	0.542886
1972	400	400	597.493	1.49373	1.49373
1973	736	736	159.925	0.21729	0.21729
1974	843	843	165.38	0.196181	0.196181
1975	1301	1301	383.598	0.294849	0.294849
1976	1488	1488	434.485	0.291993	0.291993
1977	2122	2122	461.704	0.21758	0.21758
1978	478	478	349.84	0.731882	0.731882
1979	1270	1270	229.77	0.180921	0.180921
1980	819	819	999.529	1.22043	1.22043
1981	1208	1208	576.486	0.477223	0.477223
1982	889	889	282.301	0.317549	0.317549
1983	815	815	365.368	0.448304	0.448304
1984	468	468	473.616	1.012	1.012
1985	854	854	547.671	0.641301	0.641301
1986	520	520	0	0	0
1987	1073	1073	957.879	0.892711	0.892711
1988	431	431	0	0	0
1989	1184	1184	5.44313	0.00459724	0.00459724
1990	1534	1534	682.464	0.444892	0.444892
1991	621	621	0	0	0
1992	1211	1211	917.316	0.757487	0.757487
1993	521	521	321.424	0.616936	0.616936
1994	309	309	287.425	0.930178	0.930178
1995	2145	2145	519.649	0.242261	0.242261
1996	1236	1236	1157.32	0.936339	0.936339
1997	968	968	0	0	0
1998	1577	1577	0	0	0
1999	524	524	117.473	0.224185	0.224185
2000	621	621	262.91	0.423366	0.423366
2001	341	341	506.738	1.48603	1.48603
2002	612	612	0	0	0
2003	679	679	0	0	0
2004	2141	2141	0	0	0
2005	710	710	668.761	0.941917	0.941917
2006	1281	1281	435.291	0.339806	0.339806
2007	1499	1499	260.961	0.17409	0.17409
2008	433	433	646.775	1.49371	1.49371
2009	3386	3386	1813.94	0.535719	0.535719
2010	1222	1222	992.73	0.812381	0.812381
2011	1167	1167	752.009	0.644395	0.644395
2012	728	728	0	0	0
2013	905	905	541.011	0.597802	0.597802
2014	1040	1040	0	0	0
2015	2327	2327	598.863	0.257354	0.257354
2016	2002	2002	317.857	0.15877	0.15877
2017	1639	1639	687.447	0.419431	0.419431
2018	576	576	0	0	0
2019	1949	1949	1596.33	0.819052	0.819052
2020	682	682	409.695	0.600726	0.600726
2021	322	322	29.6898	0.0922044	0.0922044
2022	510	510	130.782	0.256435	0.256435
2023	500	500	0	0	0
2024	812	812	262.772	0.32361	0.32361
2025	684	684	429.35	0.627704	0.627704
2026	1003	1003	203.011	0.202404	0.202404
2027	516	516	0	0	0
2028	774	774	438.812	0.566941	0.566941
2029	992	992	0	0	0
2030	1393	1393	0	0	0
2031	8779	8779	1083.63	0.123435	0.123435
2032	642	642	103.022	0.160471	0.160471
2033	1891	1891	394.267	0.208497	0.208497
2034	612	612	679.178	1.10977	1.10977
2035	2565	2565	1099.72	0.428742	0.428742
2036	1127	1127	957.613	0.849701	0.849701
2037	927	927	584.266	0.630276	0.630276
2038	704	704	92.3459	0.131173	0.131173
2039	1183	1183	666.085	0.563047	0.563047
2040	636	636	277.382	0.436136	0.436136
2041	1504	1504	940.659	0.625438	0.625438
2042	1061	1061	329.57	0.310623	0.310623
2043	892	892	1139.9	1.27791	1.27791
2044	654	654	0	0	0
2045	601	601	181.22	0.301531	0.301531
2046	1259	1259	2022.38	1.60634	1.60634
2047	396	396	115.061	0.290558	0.290558
2048	748	748	816.482	1.09155	1.09155
2049	1446	1446	1846.36	1.27687	1.27687
2050	1056	1056	1169.66	1.10763	1.10763
2051	1901	1901	1017.68	0.535342	0.535342
2052	2769	2769	1225.41	0.442544	0.442544
2053	374	374	675.742	1.8068	1.8068
2054	462	462	145.1	0.314069	0.314069
2055	1251	1251	356.677	0.285114	0.285114
2056	1489	1489	0	0	0
2057	383	383	1581.67	4.12969	4.12969
2058	1943	1943	454.408	0.233869	0.233869
2059	1129	1129	2103.5	1.86316	1.86316
2060	1588	1588	1518.6	0.956294	0.956294
2061	449	449	0	0	0
2062	922	922	0	0	0
2063	631	631	537.288	0.851486	0.851486
2064	585	585	1032.87	1.76559	1.76559
2065	1381	1381	656.684	0.475514	0.475514
2066	669	669	411.197	0.614645	0.614645
2067	644	644	340.825	0.529231	0.529231
2068	667	667	264.063	0.395897	0.395897
2069	506	506	0	0	0
2070	2792	2792	945.839	0.338768	0.338768
2071	2889	2889	1291.56	0.447061	0.447061
2072	1195	1195	598.275	0.500649	0.500649
2073	490	490	0	0	0
2074	438	438	0	0	0
2075	1798	1798	0	0	0
2076	1629	1629	0	0	0
2077	1879	1879	0	0	0
2078	626	626	0	0	0
2079	2105	2105	0	0	0
2080	587	587	0	0	0
2081	6829	6829	0	0	0
2082	2539	2539	0	0	0
2083	13259	13259	0	0	0
2084	1642	1642	0	0	0
2085	5954	5954	118.892	0.0199685	0.0199685
2086	4683	4683	0	0	0
2087	2224	2224	0	0	0
2088	4927	4927	0	0	0
2089	11281	11281	118.892	0.0105392	0.0105392
2090	2550	2550	0	0	0
2091	2283	2283	0	0	0
2092	3146	3146	0	0	0
2093	6121	6121	0	0	0
2094	7791	7791	0	0	0
2095	20592	20592	0	0	0
2096	2594	2594	0	0	0
2097	6182	6182	0	0	0
2098	1547	1547	0	0	0
2099	1195	1195	0	0	0
2100	4318	4318	0	0	0
2101	1666	1666	0	0	0
2102	8278	8278	0	0	0
2103	6029	6029	0	0	0
2104	2052	2052	0	0	0
2105	7637	7637	0	0	0
2106	2463	2463	0	0	0
2107	6308	6308	118.892	0.0188479	0.0188479
2108	8387	8387	0	0	0
2109	11252	11252	118.892	0.0105663	0.0105663
2110	443	443	57.4647	0.129717	0.129717
2111	1164	1164	0	0	0
