1	753	753	0	0	0
2	2974	2974	221.902	0.0746141	0.0746141
3	1070	1070	0	0	0
4	571	571	0	0	0
5	807	807	208.185	0.257975	0.257975
6	1159	1159	671.499	0.579378	0.579378
7	693	693	283.117	0.408538	0.408538
8	831	831	0	0	0
9	744	744	110.951	0.149128	0.149128
10	1743	1743	11.0822	0.00635814	0.00635814
11	1120	1120	279.58	0.249625	0.249625
12	459	459	0	0	0
13	1458	1458	164.466	0.112803	0.112803
14	756	756	0	0	0
15	757	757	185.495	0.24504	0.24504
16	1136	1136	377.655	0.332443	0.332443
17	5886	5886	564.996	0.0959898	0.0959898
18	412	412	0	0	0
19	616	616	130.846	0.212412	0.212412
20	2838	2838	615.927	0.217029	0.217029
21	705	705	0	0	0
22	1039	1039	110.951	0.106786	0.106786
23	2368	2368	491.49	0.207555	0.207555
24	502	502	20.975	0.0417828	0.0417828
25	615	615	5.54112	0.00900995	0.00900995
26	947	947	449.568	0.474729	0.474729
27	2062	2062	91.2984	0.0442766	0.0442766
28	1047	1047	319.804	0.305448	0.305448
29	885	885	485.784	0.548908	0.548908
30	1662	1662	61.0813	0.0367517	0.0367517
31	844	844	0	0	0
32	536	536	267.413	0.498906	0.498906
33	851	851	49.3267	0.0579633	0.0579633
34	411	411	146.098	0.35547	0.35547
35	650	650	117.752	0.181157	0.181157
36	1205	1205	14.3155	0.01188	0.01188
37	448	448	81.508	0.181937	0.181937
38	1077	1077	0	0	0
39	1252	1252	63.4959	0.0507156	0.0507156
40	1942	1942	236.514	0.121789	0.121789
41	968	968	0	0	0
42	2527	2527	0	0	0
43	998	998	285.37	0.285942	0.285942
44	968	968	82.4324	0.0851575	0.0851575
45	692	692	66.8005	0.0965326	0.0965326
46	787	787	67.9482	0.0863383	0.0863383
47	1493	1493	0	0	0
48	1152	1152	19.8947	0.0172697	0.0172697
49	686	686	65.0403	0.0948109	0.0948109
50	1117	1117	110.951	0.0993295	0.0993295
51	1436	1436	246.388	0.171579	0.171579
52	1593	1593	243.239	0.152692	0.152692
53	1548	1548	532.376	0.343912	0.343912
54	865	865	64.3789	0.0744264	0.0744264
55	704	704	10006.7	14.2141	14.2141
56	858	858	0	0	0
57	8769	8769	1111.32	0.126733	0.126733
58	7558	7558	1377.81	0.182298	0.182298
59	468	468	94.4825	0.201886	0.201886
60	1297	1297	173.495	0.133766	0.133766
61	601	601	0	0	0
62	1199	1199	139.117	0.116028	0.116028
63	495	495	0	0	0
64	718	718	0	0	0
65	403	403	209.079	0.518805	0.518805
66	627	627	0	0	0
67	957	957	221.902	0.231873	0.231873
68	318	318	28.6455	0.0900801	0.0900801
69	345	345	0	0	0
70	734	734	110.951	0.15116	0.15116
71	441	441	158.885	0.360283	0.360283
72	1477	1477	1230.71	0.833247	0.833247
73	474	474	245.717	0.518391	0.518391
74	412	412	42.437	0.103002	0.103002
75	969	969	101.576	0.104825	0.104825
76	857	857	187.923	0.219279	0.219279
77	442	442	210.98	0.477331	0.477331
78	1372	1372	319.208	0.232659	0.232659
79	749	749	98.8282	0.131947	0.131947
80	823	823	0	0	0
81	1297	1297	414.163	0.319324	0.319324
82	738	738	0	0	0
83	1036	1036	0	0	0
84	771	771	201.551	0.261415	0.261415
85	989	989	0	0	0
86	862	862	94.568	0.109708	0.109708
87	1086	1086	343.846	0.316617	0.316617
88	1063	1063	0	0	0
89	490	490	0	0	0
90	658	658	0	0	0
91	1101	1101	113.193	0.102809	0.102809
92	428	428	0	0	0
93	1136	1136	331.384	0.291712	0.291712
94	717	717	86.1558	0.120161	0.120161
95	1256	1256	37.4938	0.0298518	0.0298518
96	1185	1185	121.549	0.102573	0.102573
97	1219	1219	25.3972	0.0208345	0.0208345
98	1020	1020	0	0	0
99	1685	1685	204.143	0.121153	0.121153
100	433	433	0	0	0
101	404	404	96.0772	0.237815	0.237815
102	589	589	0	0	0
103	1059	1059	110.951	0.10477	0.10477
104	930	930	0	0	0
105	1156	1156	67.4312	0.0583315	0.0583315
106	1223	1223	269.077	0.220014	0.220014
107	502	502	126.792	0.252574	0.252574
108	4888	4888	1298.38	0.265626	0.265626
109	1083	1083	425.427	0.392823	0.392823
110	528	528	0	0	0
111	720	720	104.58	0.14525	0.14525
112	758	758	110.951	0.146373	0.146373
113	984	984	110.951	0.112755	0.112755
114	947	947	122.475	0.129329	0.129329
115	973	973	0	0	0
116	514	514	110.951	0.215858	0.215858
117	1092	1092	200.792	0.183876	0.183876
118	2093	2093	667.267	0.318809	0.318809
119	684	684	510.123	0.745794	0.745794
120	1034	1034	240.374	0.23247	0.23247
121	1470	1470	557.066	0.378957	0.378957
122	867	867	105.332	0.12149	0.12149
123	658	658	76.3348	0.11601	0.11601
124	660	660	0	0	0
125	1276	1276	0	0	0
126	623	623	108.258	0.17377	0.17377
127	3055	3055	443.869	0.145292	0.145292
128	755	755	392.945	0.520457	0.520457
129	1130	1130	0	0	0
130	1991	1991	338.682	0.170106	0.170106
131	915	915	257.104	0.280988	0.280988
132	1155	1155	153.485	0.132887	0.132887
133	764	764	507.587	0.66438	0.66438
134	1118	1118	26.7821	0.0239553	0.0239553
135	1162	1162	278.793	0.239925	0.239925
136	731	731	97.1004	0.132832	0.132832
137	1205	1205	93.5154	0.0776061	0.0776061
138	531	531	0	0	0
139	775	775	67.8901	0.0876001	0.0876001
140	461	461	404.965	0.878449	0.878449
141	1138	1138	61.0606	0.053656	0.053656
142	1054	1054	229.492	0.217734	0.217734
143	1424	1424	311.828	0.21898	0.21898
144	1096	1096	118.703	0.108305	0.108305
145	1330	1330	6748.34	5.07394	5.07394
146	886	886	18121.3	20.4529	20.4529
147	864	864	96.206	0.11135	0.11135
148	713	713	171.394	0.240384	0.240384
149	2430	2430	1096.35	0.451174	0.451174
150	962	962	103.67	0.107765	0.107765
151	1268	1268	205.857	0.162348	0.162348
152	1298	1298	238.223	0.183531	0.183531
153	310	310	0	0	0
154	437	437	0	0	0
155	808	808	234.91	0.290731	0.290731
156	8524	8524	847.579	0.0994344	0.0994344
157	8077	8077	855.579	0.105928	0.105928
158	19056	19056	2588.24	0.135823	0.135823
159	6486	6486	823.5	0.126966	0.126966
160	6962	6962	4427.32	0.635926	0.635926
161	12458	12458	3897.82	0.312877	0.312877
162	30196	30196	15950.7	0.528239	0.528239
163	861	861	0	0	0
164	12524	12524	1911.8	0.152651	0.152651
165	19642	19642	2502.88	0.127425	0.127425
166	26100	26100	4137.23	0.158515	0.158515
167	7514	7514	1034.37	0.137659	0.137659
168	6912	6912	0	0	0
169	1650	1650	118.472	0.0718013	0.0718013
170	1073	1073	110.951	0.103403	0.103403
171	1712	1712	188.987	0.11039	0.11039
172	1778	1778	625.618	0.351866	0.351866
173	10224	10224	5508.21	0.538753	0.538753
174	2794	2794	391.115	0.139984	0.139984
175	776	776	1580.23	2.03638	2.03638
176	3753	3753	331.323	0.0882822	0.0882822
177	3969	3969	675.972	0.170313	0.170313
178	4946	4946	936.637	0.189373	0.189373
179	6399	6399	833.862	0.130311	0.130311
180	7161	7161	1275.92	0.178177	0.178177
181	1517	1517	61.1868	0.0403341	0.0403341
182	2759	2759	385.636	0.139774	0.139774
183	2367	2367	416.92	0.176138	0.176138
184	604	604	64.8106	0.107302	0.107302
185	809	809	138.024	0.170611	0.170611
186	1206	1206	170.83	0.14165	0.14165
187	2380	2380	304.873	0.128098	0.128098
188	934	934	149.568	0.160137	0.160137
189	735	735	6090.23	8.28602	8.28602
190	1603	1603	144.226	0.0899723	0.0899723
191	585	585	63.3299	0.108256	0.108256
192	845	845	106.173	0.125649	0.125649
193	2857	2857	0	0	0
194	1218	1218	187.369	0.153834	0.153834
195	1078	1078	0	0	0
196	1120	1120	212.25	0.189509	0.189509
197	1778	1778	87.2867	0.0490926	0.0490926
198	1196	1196	104.723	0.0875609	0.0875609
199	1568	1568	357.756	0.22816	0.22816
200	2855	2855	252.745	0.0885271	0.0885271
201	290	290	0	0	0
202	2057	2057	546.102	0.265485	0.265485
203	1182	1182	191.048	0.161631	0.161631
204	1041	1041	153.027	0.147	0.147
205	794	794	221.88	0.279446	0.279446
206	802	802	21.1624	0.026387	0.026387
207	708	708	0	0	0
208	2179	2179	515.914	0.236766	0.236766
209	687	687	110.951	0.161501	0.161501
210	559	559	161.775	0.2894	0.2894
211	1649	1649	0	0	0
212	544	544	55.7507	0.102483	0.102483
213	1138	1138	348.531	0.306266	0.306266
214	518	518	0	0	0
215	1201	1201	301.601	0.251125	0.251125
216	682	682	85.625	0.12555	0.12555
217	1248	1248	96.3884	0.0772343	0.0772343
218	687	687	0	0	0
219	1205	1205	251.813	0.208973	0.208973
220	924	924	110.423	0.119505	0.119505
221	1431	1431	69.3773	0.0484817	0.0484817
222	912	912	229.762	0.251932	0.251932
223	585	585	110.951	0.18966	0.18966
224	823	823	62.6842	0.0761656	0.0761656
225	1426	1426	69.2939	0.0485932	0.0485932
226	640	640	221.895	0.346711	0.346711
227	974	974	194.9	0.200103	0.200103
228	1396	1396	644.438	0.461632	0.461632
229	1113	1113	231.036	0.207579	0.207579
230	663	663	183.451	0.276699	0.276699
231	2485	2485	212.708	0.0855969	0.0855969
232	1118	1118	273.843	0.24494	0.24494
233	18795	18795	3098.21	0.164842	0.164842
234	1174	1174	0	0	0
235	1299	1299	391.905	0.301698	0.301698
236	1151	1151	221.902	0.192791	0.192791
237	774	774	231.238	0.298758	0.298758
238	440	440	0	0	0
239	1160	1160	38.173	0.0329078	0.0329078
240	775	775	66.2717	0.0855119	0.0855119
241	1084	1084	86.0078	0.079343	0.079343
242	1098	1098	46.0062	0.0419	0.0419
243	766	766	190.283	0.248411	0.248411
244	1160	1160	257.397	0.221894	0.221894
245	990	990	33.016	0.0333495	0.0333495
246	1524	1524	0	0	0
247	436	436	0	0	0
248	2615	2615	569.045	0.217608	0.217608
249	951	951	21.087	0.0221735	0.0221735
250	465	465	0	0	0
251	823	823	162.28	0.197181	0.197181
252	765	765	146.916	0.192047	0.192047
253	436	436	0	0	0
254	1042	1042	134.117	0.128711	0.128711
255	625	625	365.105	0.584168	0.584168
256	2876	2876	274.523	0.095453	0.095453
257	1900	1900	564.682	0.297201	0.297201
258	1492	1492	221.902	0.148728	0.148728
259	1025	1025	123.658	0.120642	0.120642
260	1011	1011	0	0	0
261	1137	1137	280.264	0.246495	0.246495
262	1041	1041	239.691	0.230251	0.230251
263	715	715	62.761	0.0877777	0.0877777
264	495	495	0	0	0
265	831	831	110.515	0.132991	0.132991
266	1059	1059	193.659	0.18287	0.18287
267	1881	1881	1152.49	0.612699	0.612699
268	1114	1114	45.3459	0.0407055	0.0407055
269	949	949	2008.77	2.11673	2.11673
270	682	682	361.606	0.530214	0.530214
271	356	356	114.471	0.321547	0.321547
272	685	685	221.895	0.323934	0.323934
273	375	375	28.0403	0.0747742	0.0747742
274	846	846	153.592	0.181551	0.181551
275	785	785	12.6191	0.0160753	0.0160753
276	479	479	0	0	0
277	1706	1706	76.668	0.0449402	0.0449402
278	1438	1438	664.5	0.4621	0.4621
279	916	916	0	0	0
280	1077	1077	82.9932	0.0770596	0.0770596
281	931	931	0	0	0
282	1475	1475	0	0	0
283	1864	1864	263.232	0.141219	0.141219
284	699	699	4908.18	7.02172	7.02172
285	620	620	173.817	0.280349	0.280349
286	477	477	0	0	0
287	560	560	0	0	0
288	599	599	21.8511	0.0364792	0.0364792
289	659	659	37.1825	0.0564227	0.0564227
290	951	951	205.178	0.21575	0.21575
291	1588	1588	15477.4	9.74648	9.74648
292	672	672	28.1695	0.0419189	0.0419189
293	1629	1629	214.422	0.131628	0.131628
294	728	728	0	0	0
295	968	968	68.1857	0.0704398	0.0704398
296	1967	1967	597.406	0.303714	0.303714
297	1723	1723	0	0	0
298	613	613	0	0	0
299	352	352	199.046	0.565471	0.565471
300	772	772	146.654	0.189966	0.189966
301	1626	1626	193.384	0.118932	0.118932
302	1454	1454	110.951	0.0763075	0.0763075
303	954	954	136.403	0.14298	0.14298
304	649	649	9607.37	14.8033	14.8033
305	2827	2827	665.777	0.235507	0.235507
306	445	445	0	0	0
307	659	659	481.967	0.731362	0.731362
308	843	843	32.0932	0.0380702	0.0380702
309	709	709	31.3724	0.0442488	0.0442488
310	968	968	76.5997	0.0791319	0.0791319
311	382	382	88.8595	0.232617	0.232617
312	1056	1056	187.013	0.177096	0.177096
313	718	718	218.342	0.304098	0.304098
314	1206	1206	155.991	0.129346	0.129346
315	1484	1484	185.849	0.125235	0.125235
316	2056	2056	98.7082	0.0480098	0.0480098
317	597	597	0	0	0
318	803	803	56.8509	0.0707982	0.0707982
319	374	374	158.587	0.424029	0.424029
320	1583	1583	194.531	0.122888	0.122888
321	872	872	82.4324	0.0945326	0.0945326
322	739	739	77.2748	0.104567	0.104567
323	1928	1928	88.5002	0.0459026	0.0459026
324	779	779	50.233	0.064484	0.064484
325	940	940	65.0401	0.0691916	0.0691916
326	583	583	41.7678	0.0716429	0.0716429
327	948	948	0	0	0
328	841	841	0	0	0
329	1193	1193	167.607	0.140492	0.140492
330	795	795	190.955	0.240195	0.240195
331	2044	2044	477.157	0.233443	0.233443
332	567	567	99.4002	0.175309	0.175309
333	896	896	7.00656	0.00781982	0.00781982
334	1276	1276	121.01	0.0948358	0.0948358
335	1047	1047	5935.89	5.66943	5.66943
336	1586	1586	549.065	0.346195	0.346195
337	1109	1109	107.815	0.0972184	0.0972184
338	1559	1559	0	0	0
339	761	761	0.61568	0.000809041	0.000809041
340	558	558	0	0	0
341	1089	1089	110.951	0.101883	0.101883
342	793	793	188.093	0.237192	0.237192
343	945	945	23.9169	0.0253089	0.0253089
344	1804	1804	167.67	0.0929434	0.0929434
345	2094	2094	188.833	0.090178	0.090178
346	3696	3696	359.294	0.0972115	0.0972115
347	367	367	121.664	0.331508	0.331508
348	3157	3157	692.272	0.219282	0.219282
349	1322	1322	150.536	0.11387	0.11387
350	701	701	153.823	0.219434	0.219434
351	1387	1387	110.183	0.0794398	0.0794398
352	534	534	0	0	0
353	1555	1555	128.953	0.0829278	0.0829278
354	740	740	157.893	0.213369	0.213369
355	639	639	171.506	0.268397	0.268397
356	706	706	383.792	0.543615	0.543615
357	724	724	278.084	0.384094	0.384094
358	956	956	134.194	0.14037	0.14037
359	771	771	124.697	0.161734	0.161734
360	1985	1985	699.53	0.352408	0.352408
361	1749	1749	0	0	0
362	1533	1533	260.828	0.170142	0.170142
363	581	581	711.429	1.22449	1.22449
364	1289	1289	182.219	0.141364	0.141364
365	632	632	532.492	0.842551	0.842551
366	1412	1412	95.1748	0.0674043	0.0674043
367	2550	2550	442.802	0.173648	0.173648
368	483	483	950.998	1.96894	1.96894
369	1469	1469	0	0	0
370	338	338	162.605	0.481078	0.481078
371	715	715	69.4136	0.097082	0.097082
372	681	681	0	0	0
373	594	594	221.884	0.373541	0.373541
374	1817	1817	550.729	0.303098	0.303098
375	1118	1118	255.975	0.228958	0.228958
376	986	986	114.175	0.115796	0.115796
377	750	750	51.3097	0.0684129	0.0684129
378	515	515	42.4847	0.0824945	0.0824945
379	1205	1205	115.542	0.0958856	0.0958856
380	1014	1014	316.005	0.311642	0.311642
381	980	980	140.464	0.14333	0.14333
382	948	948	0	0	0
383	560	560	0	0	0
384	3432	3432	228.983	0.0667199	0.0667199
385	701	701	16.0688	0.0229227	0.0229227
386	2336	2336	221.902	0.0949924	0.0949924
387	876	876	225.373	0.257275	0.257275
388	515	515	73.7925	0.143286	0.143286
389	1645	1645	90923	55.2724	55.2724
390	1624	1624	309.855	0.190797	0.190797
391	3319	3319	624.101	0.188039	0.188039
392	887	887	0	0	0
393	1250	1250	54.1447	0.0433158	0.0433158
394	778	778	123.959	0.159331	0.159331
395	522	522	0	0	0
396	654	654	266.135	0.406935	0.406935
397	2069	2069	221.902	0.107251	0.107251
398	495	495	339.489	0.685837	0.685837
399	740	740	272.787	0.368632	0.368632
400	2271	2271	280.385	0.123463	0.123463
401	362	362	0	0	0
402	850	850	69.4351	0.0816883	0.0816883
403	959	959	0	0	0
404	1346	1346	166.354	0.123592	0.123592
405	976	976	108.733	0.111406	0.111406
406	2237	2237	376.44	0.168279	0.168279
407	484	484	156.859	0.324089	0.324089
408	1382	1382	333.548	0.241352	0.241352
409	458	458	155.276	0.339031	0.339031
410	1327	1327	110.951	0.0836105	0.0836105
411	757	757	0	0	0
412	460	460	0	0	0
413	4713	4713	1442.66	0.306102	0.306102
414	1077	1077	144.933	0.134571	0.134571
415	993	993	116.671	0.117494	0.117494
416	552	552	0	0	0
417	1702	1702	0	0	0
418	871	871	290.31	0.333306	0.333306
419	911	911	0	0	0
420	1798	1798	528.9	0.29416	0.29416
421	807	807	237.537	0.294345	0.294345
422	1078	1078	0	0	0
423	777	777	110.951	0.142794	0.142794
424	1250	1250	109.156	0.0873248	0.0873248
425	767	767	118.603	0.154632	0.154632
426	1705	1705	0	0	0
427	553	553	111.938	0.202419	0.202419
428	2563	2563	421.446	0.164435	0.164435
429	535	535	0	0	0
430	1025	1025	0	0	0
431	1147	1147	0	0	0
432	1804	1804	250.306	0.13875	0.13875
433	761	761	136.202	0.178978	0.178978
434	1763	1763	57.0474	0.0323581	0.0323581
435	1254	1254	0	0	0
436	878	878	0	0	0
437	1222	1222	89.7138	0.0734155	0.0734155
438	1020	1020	94.3782	0.0925276	0.0925276
439	1115	1115	0	0	0
440	1099	1099	0	0	0
441	978	978	260.237	0.266091	0.266091
442	472	472	0	0	0
443	703	703	332.853	0.473476	0.473476
444	1625	1625	12688.8	7.80851	7.80851
445	1074	1074	149.567	0.139261	0.139261
446	1476	1476	332.829	0.225494	0.225494
447	1440	1440	211.039	0.146555	0.146555
448	835	835	0	0	0
449	832	832	0	0	0
450	899	899	1965.9	2.18677	2.18677
451	748	748	61.9796	0.0828604	0.0828604
452	1780	1780	84.5507	0.0475004	0.0475004
453	1328	1328	150.262	0.113149	0.113149
454	622	622	0	0	0
455	1244	1244	446.728	0.359106	0.359106
456	907	907	55.2271	0.0608898	0.0608898
457	559	559	50.3351	0.0900449	0.0900449
458	746	746	435.579	0.583886	0.583886
459	745	745	215.676	0.289497	0.289497
460	872	872	46.1848	0.0529642	0.0529642
461	795	795	110.951	0.139561	0.139561
462	1191	1191	6104.41	5.12545	5.12545
463	687	687	0	0	0
464	1029	1029	428.558	0.41648	0.41648
465	535	535	0	0	0
466	639	639	0	0	0
467	769	769	0	0	0
468	2280	2280	251.043	0.110107	0.110107
469	2526	2526	0	0	0
470	1035	1035	0	0	0
471	1275	1275	160.639	0.125992	0.125992
472	641	641	0	0	0
473	469	469	0	0	0
474	1883	1883	2256.21	1.1982	1.1982
475	1044	1044	148.487	0.142228	0.142228
476	453	453	0	0	0
477	940	940	108.702	0.11564	0.11564
478	695	695	0	0	0
479	495	495	191.836	0.387547	0.387547
480	495	495	204.912	0.413964	0.413964
481	964	964	10711.3	11.1113	11.1113
482	2681	2681	127005	47.3721	47.3721
483	726	726	0	0	0
484	773	773	266.425	0.344664	0.344664
485	2017	2017	0	0	0
486	1040	1040	0	0	0
487	408	408	0	0	0
488	2851	2851	254.166	0.0891499	0.0891499
489	675	675	136.792	0.202655	0.202655
490	890	890	0	0	0
491	1197	1197	42.9038	0.0358428	0.0358428
492	808	808	0	0	0
493	779	779	31.6112	0.0405793	0.0405793
494	995	995	96.3884	0.0968727	0.0968727
495	2225	2225	420.458	0.18897	0.18897
496	818	818	0	0	0
497	1323	1323	0	0	0
498	1893	1893	0	0	0
499	1880	1880	661.82	0.352032	0.352032
500	1162	1162	161	0.138554	0.138554
501	724	724	0	0	0
502	1294	1294	224.869	0.173778	0.173778
503	910	910	0	0	0
504	1429	1429	483.85	0.338594	0.338594
505	1777	1777	450.054	0.253266	0.253266
506	401	401	0	0	0
507	749	749	84.7677	0.113174	0.113174
508	2359	2359	253.635	0.107518	0.107518
509	739	739	162.088	0.219334	0.219334
510	1619	1619	363.331	0.224417	0.224417
511	1432	1432	0	0	0
512	1032	1032	266.016	0.257767	0.257767
513	2097	2097	195.702	0.0933246	0.0933246
514	962	962	95.6475	0.0994257	0.0994257
515	462	462	0	0	0
516	731	731	123.544	0.169006	0.169006
517	1520	1520	341.198	0.224472	0.224472
518	579	579	0	0	0
519	927	927	110.951	0.119688	0.119688
520	1944	1944	212.784	0.109457	0.109457
521	2495	2495	362.968	0.145478	0.145478
522	7583	7583	1481.01	0.195306	0.195306
523	951	951	0	0	0
524	1071	1071	235.073	0.219489	0.219489
525	1185	1185	147.749	0.124683	0.124683
526	2340	2340	348.524	0.148942	0.148942
527	726	726	143.662	0.197881	0.197881
528	1261	1261	0	0	0
529	830	830	0	0	0
530	839	839	208.309	0.248283	0.248283
531	1118	1118	88.5487	0.0792028	0.0792028
532	3994	3994	646.97	0.161985	0.161985
533	384	384	38.2147	0.0995175	0.0995175
534	1454	1454	406.493	0.279569	0.279569
535	1745	1745	0	0	0
536	590	590	115.756	0.196197	0.196197
537	1101	1101	137.336	0.124738	0.124738
538	900	900	0	0	0
539	1444	1444	208.628	0.144479	0.144479
540	1136	1136	77.7728	0.068462	0.068462
541	766	766	0	0	0
542	675	675	213.162	0.315796	0.315796
543	571	571	106.006	0.18565	0.18565
544	637	637	92.3404	0.144961	0.144961
545	576	576	0	0	0
546	2281	2281	0	0	0
547	701	701	0	0	0
548	1690	1690	0	0	0
549	759	759	0	0	0
550	3216	3216	974.926	0.303149	0.303149
551	955	955	0	0	0
552	1033	1033	224.873	0.21769	0.21769
553	756	756	207.578	0.274574	0.274574
554	1256	1256	150.225	0.119606	0.119606
555	744	744	862.754	1.15962	1.15962
556	2087	2087	260.204	0.124678	0.124678
557	1319	1319	0	0	0
558	912	912	96.1719	0.105452	0.105452
559	852	852	129.501	0.151996	0.151996
560	515	515	65.7165	0.127605	0.127605
561	1574	1574	169.764	0.107855	0.107855
562	949	949	108.971	0.114828	0.114828
563	2363	2363	197.441	0.0835552	0.0835552
564	934	934	440.162	0.471266	0.471266
565	828	828	101.527	0.122617	0.122617
566	2174	2174	0	0	0
567	980	980	0	0	0
568	1366	1366	511.265	0.374279	0.374279
569	429	429	224.238	0.5227	0.5227
570	1021	1021	170.791	0.167278	0.167278
571	859	859	78.79	0.0917229	0.0917229
572	480	480	0	0	0
573	844	844	5.07969	0.00601859	0.00601859
574	511	511	0	0	0
575	744	744	70.2827	0.094466	0.094466
576	828	828	0	0	0
577	981	981	0	0	0
578	702	702	0	0	0
579	822	822	0	0	0
580	1106	1106	0	0	0
581	680	680	0	0	0
582	1000	1000	321.084	0.321084	0.321084
583	864	864	0	0	0
584	533	533	0	0	0
585	1684	1684	195.17	0.115896	0.115896
586	1348	1348	176.56	0.13098	0.13098
587	924	924	0	0	0
588	709	709	0	0	0
589	817	817	151.276	0.185161	0.185161
590	1241	1241	221.902	0.178809	0.178809
591	1079	1079	0	0	0
592	1684	1684	215.19	0.127785	0.127785
593	816	816	205.994	0.252443	0.252443
594	1014	1014	254.882	0.251363	0.251363
595	755	755	236.061	0.312664	0.312664
596	487	487	0	0	0
597	2508	2508	324.465	0.129372	0.129372
598	1508	1508	13.7118	0.00909271	0.00909271
599	1541	1541	217.048	0.140849	0.140849
600	635	635	0	0	0
601	3845	3845	358.174	0.0931531	0.0931531
602	905	905	70.9036	0.0783465	0.0783465
603	703	703	0	0	0
604	347	347	71.3088	0.205501	0.205501
605	4150	4150	401.007	0.0966283	0.0966283
606	650	650	0	0	0
607	773	773	84.4139	0.109203	0.109203
608	4195	4195	705.957	0.168285	0.168285
609	1525	1525	71.7017	0.0470175	0.0470175
610	560	560	0	0	0
611	6377	6377	1809.91	0.283818	0.283818
612	5742	5742	1098.97	0.191391	0.191391
613	5111	5111	20037.4	3.92045	3.92045
614	4422	4422	0	0	0
615	836	836	0	0	0
616	5542	5542	1833.85	0.330901	0.330901
617	3260	3260	420.169	0.128886	0.128886
618	341	341	94.1385	0.276066	0.276066
619	1068	1068	91.3265	0.0855117	0.0855117
620	728	728	24132.2	33.1486	33.1486
621	23606	23606	6281.96	0.266117	0.266117
622	3796	3796	327.75	0.0863409	0.0863409
623	1787	1787	474.675	0.265627	0.265627
624	10492	10492	7728.25	0.736585	0.736585
625	4852	4852	1081.92	0.222985	0.222985
626	1060	1060	47.8982	0.045187	0.045187
627	550	550	201.182	0.365785	0.365785
628	1169	1169	0	0	0
629	834	834	72.724	0.087199	0.087199
630	1006	1006	5222.09	5.19094	5.19094
631	1174	1174	235.42	0.200528	0.200528
632	408	408	0	0	0
633	533	533	0	0	0
634	1962	1962	0	0	0
635	2469	2469	280.279	0.113519	0.113519
636	892	892	19.8947	0.0223035	0.0223035
637	447	447	0	0	0
638	907	907	110.951	0.122328	0.122328
639	711	711	54.3278	0.0764104	0.0764104
640	571	571	1089.22	1.90756	1.90756
641	2275	2275	0	0	0
642	786	786	53.2527	0.0677515	0.0677515
643	1024	1024	0	0	0
644	1554	1554	230.187	0.148126	0.148126
645	1016	1016	170.567	0.167881	0.167881
646	329	329	297.121	0.903103	0.903103
647	1396	1396	0	0	0
648	716	716	143.142	0.199919	0.199919
649	610	610	71.4222	0.117086	0.117086
650	1946	1946	92.5868	0.047578	0.047578
651	1009	1009	108.2	0.107235	0.107235
652	1062	1062	252.388	0.237653	0.237653
653	418	418	0	0	0
654	2075	2075	242.467	0.116852	0.116852
655	1065	1065	597.726	0.561245	0.561245
656	2767	2767	701.232	0.253427	0.253427
657	1897	1897	240.794	0.126934	0.126934
658	1049	1049	75.4914	0.0719651	0.0719651
659	799	799	0	0	0
660	726	726	0	0	0
661	2304	2304	237.697	0.103167	0.103167
662	4385	4385	79.0951	0.0180377	0.0180377
663	768	768	224.754	0.292649	0.292649
664	7961	7961	1666.55	0.209339	0.209339
665	2903	2903	508.014	0.174996	0.174996
666	5968	5968	1904.83	0.319175	0.319175
667	5012	5012	110.951	0.0221371	0.0221371
668	1215	1215	81.6709	0.0672188	0.0672188
669	393	393	0	0	0
670	2017	2017	209.615	0.103924	0.103924
671	1236	1236	108.083	0.087446	0.087446
672	1063	1063	204.362	0.19225	0.19225
673	619	619	934.812	1.5102	1.5102
674	1015	1015	9681.94	9.53886	9.53886
675	1674	1674	563.228	0.336456	0.336456
676	761	761	67.4514	0.0886352	0.0886352
677	1589	1589	0	0	0
678	1180	1180	332.826	0.282056	0.282056
679	576	576	99.4734	0.172697	0.172697
680	496	496	136.955	0.276118	0.276118
681	627	627	0	0	0
682	1441	1441	212.713	0.147615	0.147615
683	1266	1266	206.464	0.163084	0.163084
684	645	645	83.8681	0.130028	0.130028
685	559	559	163.033	0.291651	0.291651
686	1313	1313	604.777	0.460607	0.460607
687	2132	2132	0	0	0
688	486	486	73.9375	0.152135	0.152135
689	453	453	0	0	0
690	1164	1164	119.971	0.103068	0.103068
691	497	497	96.3923	0.193948	0.193948
692	820	820	75.6557	0.092263	0.092263
693	503	503	10.1594	0.0201976	0.0201976
694	449	449	0	0	0
695	1319	1319	27.5465	0.0208844	0.0208844
696	3125	3125	2289.45	0.732624	0.732624
697	771	771	76.9573	0.0998149	0.0998149
698	740	740	28.5256	0.0385481	0.0385481
699	1020	1020	55.414	0.0543275	0.0543275
700	932	932	26.6282	0.0285711	0.0285711
701	1591	1591	323.768	0.2035	0.2035
702	620	620	0	0	0
703	1944	1944	340.649	0.175231	0.175231
704	867	867	92.5868	0.10679	0.10679
705	1490	1490	354.122	0.237666	0.237666
706	541	541	187.012	0.345679	0.345679
707	4337	4337	1022.16	0.235684	0.235684
708	724	724	14.3155	0.0197728	0.0197728
709	1027	1027	306.322	0.298269	0.298269
710	1931	1931	360.954	0.186926	0.186926
711	2222	2222	379.154	0.170637	0.170637
712	750	750	0	0	0
713	769	769	221.893	0.288547	0.288547
714	726	726	0	0	0
715	947	947	396.297	0.418476	0.418476
716	1131	1131	135.695	0.119978	0.119978
717	877	877	0	0	0
718	1394	1394	393.167	0.282042	0.282042
719	1241	1241	4775.58	3.84817	3.84817
720	985	985	4040.6	4.10214	4.10214
721	720	720	146.927	0.204066	0.204066
722	1693	1693	161.838	0.0955925	0.0955925
723	1036	1036	0	0	0
724	1290	1290	36.1622	0.0280327	0.0280327
725	506	506	279.848	0.55306	0.55306
726	1261	1261	0	0	0
727	2368	2368	110.733	0.0467622	0.0467622
728	1514	1514	304.941	0.201414	0.201414
729	987	987	69.5858	0.0705023	0.0705023
730	1153	1153	115.772	0.100409	0.100409
731	1204	1204	241.517	0.200596	0.200596
732	1831	1831	409.397	0.223592	0.223592
733	1490	1490	261.355	0.175406	0.175406
734	750	750	0	0	0
735	1434	1434	7.73398	0.00539329	0.00539329
736	782	782	22.1659	0.0283452	0.0283452
737	696	696	178.878	0.257008	0.257008
738	1318	1318	92.0245	0.0698213	0.0698213
739	1723	1723	96.0076	0.0557212	0.0557212
740	860	860	89.2754	0.103809	0.103809
741	936	936	290.391	0.310247	0.310247
742	724	724	0	0	0
743	3052	3052	601.008	0.196923	0.196923
744	515	515	17.0862	0.0331771	0.0331771
745	1128	1128	334.5	0.296543	0.296543
746	760	760	33.901	0.0446065	0.0446065
747	1967	1967	431.234	0.219234	0.219234
748	608	608	208.912	0.343606	0.343606
749	1518	1518	145.619	0.0959285	0.0959285
750	645	645	88.7332	0.137571	0.137571
751	710	710	0	0	0
752	383	383	37.1259	0.0969345	0.0969345
753	1165	1165	38.6945	0.0332141	0.0332141
754	832	832	0	0	0
755	800	800	178.587	0.223234	0.223234
756	837	837	26.7813	0.0319968	0.0319968
757	1028	1028	110.951	0.107929	0.107929
758	823	823	157.64	0.191543	0.191543
759	836	836	98.5065	0.117831	0.117831
760	1408	1408	237.654	0.168788	0.168788
761	650	650	67.2629	0.103481	0.103481
762	530	530	228.593	0.431308	0.431308
763	1902	1902	350.058	0.184047	0.184047
764	920	920	69.9934	0.0760798	0.0760798
765	664	664	0	0	0
766	1040	1040	134.331	0.129165	0.129165
767	1503	1503	0	0	0
768	1128	1128	136.992	0.121447	0.121447
769	1933	1933	574.94	0.297434	0.297434
770	1091	1091	551.228	0.50525	0.50525
771	1833	1833	220.723	0.120416	0.120416
772	1204	1204	61.2144	0.0508425	0.0508425
773	723	723	8.77344	0.0121348	0.0121348
774	1706	1706	207.984	0.121913	0.121913
775	682	682	110.951	0.162685	0.162685
776	459	459	107.007	0.233131	0.233131
777	905	905	95.5371	0.105566	0.105566
778	359	359	6.46506	0.0180085	0.0180085
779	1620	1620	221.889	0.136968	0.136968
780	1932	1932	0	0	0
781	1385	1385	229.477	0.165688	0.165688
782	319	319	0	0	0
783	540	540	56.3384	0.10433	0.10433
784	1438	1438	235.324	0.163647	0.163647
785	673	673	0	0	0
786	2330	2330	182.158	0.0781794	0.0781794
787	2003	2003	143.704	0.0717443	0.0717443
788	3412	3412	418.293	0.122595	0.122595
789	4357	4357	361.474	0.082964	0.082964
790	3151	3151	0	0	0
791	1380	1380	58.5127	0.0424005	0.0424005
792	1406	1406	208.178	0.148064	0.148064
793	1153	1153	70.9036	0.0614949	0.0614949
794	808	808	121.859	0.150816	0.150816
795	635	635	0	0	0
796	568	568	265.363	0.467189	0.467189
797	762	762	154.306	0.202501	0.202501
798	41362	41362	7006.99	0.169406	0.169406
799	1277	1277	419.756	0.328705	0.328705
800	1245	1245	514.961	0.413623	0.413623
801	407	407	0	0	0
802	1142	1142	110.951	0.0971551	0.0971551
803	1252	1252	35.2019	0.0281165	0.0281165
804	1035	1035	281.277	0.271765	0.271765
805	1450	1450	3800.45	2.621	2.621
806	579	579	0	0	0
807	837	837	9720.37	11.6133	11.6133
808	371	371	20.2758	0.0546517	0.0546517
809	728	728	106.989	0.146963	0.146963
810	613	613	0	0	0
811	1212	1212	0	0	0
812	726	726	29.7521	0.0409808	0.0409808
813	594	594	142.774	0.240361	0.240361
814	660	660	54.0495	0.0818932	0.0818932
815	759	759	142.323	0.187514	0.187514
816	2223	2223	239.075	0.107546	0.107546
817	665	665	71.9269	0.108161	0.108161
818	631	631	106.625	0.168977	0.168977
819	359	359	91.538	0.254981	0.254981
820	909	909	273.388	0.300757	0.300757
821	652	652	0	0	0
822	2069	2069	2151.68	1.03996	1.03996
823	1359	1359	101.891	0.0749748	0.0749748
824	650	650	246.886	0.379825	0.379825
825	458	458	0	0	0
826	601	601	139.697	0.232441	0.232441
827	1052	1052	180.135	0.171231	0.171231
828	1711	1711	0	0	0
829	776	776	324.109	0.417666	0.417666
830	1186	1186	443.777	0.374179	0.374179
831	3310	3310	492.911	0.148916	0.148916
832	1879	1879	287.17	0.152831	0.152831
833	1310	1310	0	0	0
834	736	736	65.6543	0.0892041	0.0892041
835	634	634	278.294	0.43895	0.43895
836	1087	1087	54.1386	0.0498055	0.0498055
837	2129	2129	106.463	0.0500063	0.0500063
838	725	725	60.7047	0.0837306	0.0837306
839	2546	2546	268.582	0.105492	0.105492
840	3199	3199	282.84	0.0884151	0.0884151
841	1036	1036	340.549	0.328715	0.328715
842	380	380	17.7762	0.0467796	0.0467796
843	659	659	110.951	0.168363	0.168363
844	1612	1612	497.191	0.308431	0.308431
845	324	324	42.0849	0.129892	0.129892
846	1727	1727	80.0053	0.0463262	0.0463262
847	1286	1286	297.073	0.231005	0.231005
848	727	727	77.4545	0.10654	0.10654
849	492	492	0	0	0
850	640	640	495.431	0.774111	0.774111
851	1642	1642	221.88	0.135128	0.135128
852	803	803	160.957	0.200444	0.200444
853	2823	2823	315.373	0.111716	0.111716
854	2706	2706	644.898	0.238321	0.238321
855	1017	1017	212.72	0.209164	0.209164
856	429	429	25.5006	0.0594419	0.0594419
857	1938	1938	254.956	0.131556	0.131556
858	1119	1119	85.7736	0.076652	0.076652
859	884	884	96.8936	0.109608	0.109608
860	1491	1491	83.9494	0.0563041	0.0563041
861	1082	1082	148.943	0.137655	0.137655
862	1045	1045	0	0	0
863	971	971	81.2493	0.083676	0.083676
864	2154	2154	473.417	0.219785	0.219785
865	915	915	0	0	0
866	1794	1794	508.273	0.283318	0.283318
867	802	802	291.905	0.363971	0.363971
868	2769	2769	317.455	0.114646	0.114646
869	5965	5965	981.461	0.164537	0.164537
870	11190	11190	1850.23	0.165346	0.165346
871	669	669	0	0	0
872	7457	7457	891.815	0.119594	0.119594
873	1218	1218	160.272	0.131586	0.131586
874	13684	13684	1007.1	0.0735966	0.0735966
875	1558	1558	315.92	0.202773	0.202773
876	7188	7188	1222.04	0.170011	0.170011
877	4357	4357	420.516	0.096515	0.096515
878	8394	8394	1143.12	0.136182	0.136182
879	804	804	80.0053	0.0995091	0.0995091
880	1015	1015	0	0	0
881	2507	2507	530.824	0.211737	0.211737
882	596	596	101.204	0.169805	0.169805
883	16274	16274	2109.88	0.129647	0.129647
884	20877	20877	3757.11	0.179964	0.179964
885	1057	1057	115.26	0.109044	0.109044
886	475	475	77.6449	0.163463	0.163463
887	1860	1860	221.888	0.119294	0.119294
888	2564	2564	499.306	0.194737	0.194737
889	3118	3118	687.33	0.220439	0.220439
890	896	896	192.737	0.215108	0.215108
891	505	505	184.181	0.364715	0.364715
892	986	986	23.5513	0.0238857	0.0238857
893	1231	1231	347.77	0.28251	0.28251
894	893	893	0	0	0
895	953	953	175.828	0.1845	0.1845
896	2458	2458	631.924	0.257089	0.257089
897	621	621	0	0	0
898	1815	1815	48.3404	0.0266339	0.0266339
899	2826	2826	82.9573	0.029355	0.029355
900	1070	1070	336.761	0.31473	0.31473
901	6372	6372	176.09	0.027635	0.027635
902	2921	2921	329.776	0.112898	0.112898
903	11326	11326	1471.13	0.129889	0.129889
904	460	460	0	0	0
905	1778	1778	904.928	0.508958	0.508958
906	1430	1430	0	0	0
907	492	492	0	0	0
908	1120	1120	49.7367	0.0444078	0.0444078
909	1636	1636	672.136	0.410841	0.410841
910	568	568	0	0	0
911	1266	1266	318.575	0.251639	0.251639
912	1659	1659	163.079	0.0982993	0.0982993
913	2503	2503	332.247	0.132739	0.132739
914	1051	1051	50.3873	0.0479423	0.0479423
915	3861	3861	623.375	0.161454	0.161454
916	710	710	0	0	0
917	1636	1636	210.722	0.128803	0.128803
918	1574	1574	125.145	0.0795077	0.0795077
919	1150	1150	0	0	0
920	1440	1440	0	0	0
921	1892	1892	445.656	0.235548	0.235548
922	1217	1217	0	0	0
923	706	706	124.247	0.175987	0.175987
924	1020	1020	90.9274	0.0891445	0.0891445
925	4705	4705	1768.39	0.375854	0.375854
926	589	589	283.099	0.480644	0.480644
927	1708	1708	348.707	0.204161	0.204161
928	2467	2467	83.9078	0.0340121	0.0340121
929	1167	1167	0	0	0
930	943	943	260.323	0.276059	0.276059
931	604	604	15.1614	0.0251017	0.0251017
932	1334	1334	386.533	0.289755	0.289755
933	773	773	74.8229	0.0967955	0.0967955
934	2031	2031	154.701	0.0761696	0.0761696
935	1556	1556	347.693	0.223453	0.223453
936	1105	1105	0	0	0
937	1702	1702	414.439	0.243501	0.243501
938	887	887	0	0	0
939	1207	1207	110.951	0.091923	0.091923
940	1947	1947	113.337	0.0582113	0.0582113
941	878	878	221.883	0.252714	0.252714
942	1083	1083	279.511	0.258089	0.258089
943	3513	3513	609.465	0.173488	0.173488
944	840	840	0	0	0
945	898	898	0	0	0
946	950	950	379.274	0.399236	0.399236
947	1229	1229	188.529	0.153401	0.153401
948	766	766	256.085	0.334314	0.334314
949	2062	2062	9.00432	0.00436679	0.00436679
950	834	834	191.822	0.230002	0.230002
951	488	488	271.733	0.55683	0.55683
952	939	939	29.0768	0.0309658	0.0309658
953	1089	1089	0	0	0
954	1685	1685	183.286	0.108775	0.108775
955	468	468	140.483	0.300177	0.300177
956	451	451	32.2923	0.0716015	0.0716015
957	657	657	0	0	0
958	1099	1099	110.951	0.100956	0.100956
959	1221	1221	175.073	0.143385	0.143385
960	2318	2318	0	0	0
961	2095	2095	60.2957	0.0287808	0.0287808
962	564	564	0	0	0
963	756	756	244.621	0.323573	0.323573
964	589	589	112.751	0.191428	0.191428
965	1514	1514	130.779	0.0863795	0.0863795
966	1096	1096	66.9956	0.0611274	0.0611274
967	1727	1727	309.128	0.178997	0.178997
968	1549	1549	385.133	0.248633	0.248633
969	853	853	49.9766	0.0585892	0.0585892
970	680	680	53.3089	0.0783955	0.0783955
971	619	619	49.4104	0.0798229	0.0798229
972	832	832	39.7939	0.0478292	0.0478292
973	812	812	149.558	0.184185	0.184185
974	1074	1074	54.8945	0.0511122	0.0511122
975	1032	1032	317.858	0.308002	0.308002
976	949	949	165.075	0.173946	0.173946
977	611	611	67.1901	0.109967	0.109967
978	1840	1840	363.418	0.19751	0.19751
979	1381	1381	286.446	0.207419	0.207419
980	831	831	0	0	0
981	1682	1682	140.793	0.0837058	0.0837058
982	1457	1457	0	0	0
983	895	895	110.951	0.123968	0.123968
984	501	501	18.6243	0.0371743	0.0371743
985	329	329	0	0	0
986	1252	1252	102.433	0.0818153	0.0818153
987	1541	1541	0	0	0
988	1287	1287	0	0	0
989	1964	1964	102.421	0.052149	0.052149
990	971	971	965.399	0.994232	0.994232
991	1047	1047	217.213	0.207462	0.207462
992	900	900	221.884	0.246538	0.246538
993	1063	1063	91.2307	0.0858238	0.0858238
994	548	548	0	0	0
995	643	643	289.819	0.450729	0.450729
996	526	526	22240.5	42.2823	42.2823
997	530	530	0	0	0
998	754	754	89.8269	0.119134	0.119134
999	879	879	77540.6	88.2146	88.2146
1000	646	646	65.6222	0.101582	0.101582
1001	822	822	158.555	0.192889	0.192889
1002	2539	2539	172.535	0.067954	0.067954
1003	505	505	1611.64	3.19136	3.19136
1004	3841	3841	2035.03	0.529819	0.529819
1005	545	545	33793.3	62.0061	62.0061
1006	15062	15062	2250.84	0.149438	0.149438
1007	6641	6641	1417.67	0.213473	0.213473
1008	663	663	168.373	0.253956	0.253956
1009	5213	5213	4426.19	0.849068	0.849068
1010	990	990	135.086	0.13645	0.13645
1011	676	676	0	0	0
1012	1366	1366	294.845	0.215845	0.215845
1013	1888	1888	171.465	0.0908183	0.0908183
1014	727	727	3134	4.31086	4.31086
1015	734	734	75.6123	0.103014	0.103014
1016	1114	1114	314.25	0.282091	0.282091
1017	532	532	167.587	0.315013	0.315013
1018	1599	1599	487.459	0.304852	0.304852
1019	605	605	125.789	0.207916	0.207916
1020	583	583	0	0	0
1021	919	919	85.3757	0.0929007	0.0929007
1022	646	646	54.4453	0.0842807	0.0842807
1023	684	684	146.483	0.214156	0.214156
1024	456	456	206.626	0.453126	0.453126
1025	1542	1542	100.196	0.0649783	0.0649783
1026	1261	1261	819.488	0.649871	0.649871
1027	1262	1262	245.588	0.194602	0.194602
1028	1496	1496	0	0	0
1029	935	935	138.863	0.148517	0.148517
1030	620	620	164.639	0.265547	0.265547
1031	1117	1117	0	0	0
1032	300	300	19.857	0.0661899	0.0661899
1033	1598	1598	162.064	0.101417	0.101417
1034	616	616	0	0	0
1035	712	712	0	0	0
1036	832	832	204.947	0.24633	0.24633
1037	1091	1091	161.494	0.148024	0.148024
1038	1505	1505	110.951	0.0737217	0.0737217
1039	3289	3289	20001.3	6.08128	6.08128
1040	802	802	0	0	0
1041	1230	1230	0	0	0
1042	5385	5385	981.599	0.182284	0.182284
1043	4530	4530	354.51	0.0782583	0.0782583
1044	56634	56634	6958.66	0.122871	0.122871
1045	30431	30431	80974.4	2.66092	2.66092
1046	1317	1317	342.029	0.259703	0.259703
1047	1295	1295	177.963	0.137423	0.137423
1048	885	885	78.9904	0.0892547	0.0892547
1049	1754	1754	94.8809	0.054094	0.054094
1050	1224	1224	149.807	0.122392	0.122392
1051	2060	2060	236.086	0.114605	0.114605
1052	1760	1760	0	0	0
1053	2547	2547	114.184	0.0448307	0.0448307
1054	1677	1677	221.397	0.13202	0.13202
1055	943	943	130.327	0.138205	0.138205
1056	636	636	0	0	0
1057	968	968	128.548	0.132797	0.132797
1058	1035	1035	139.469	0.134753	0.134753
1059	960	960	171.585	0.178734	0.178734
1060	695	695	0	0	0
1061	651	651	191.96	0.29487	0.29487
1062	2642	2642	180.641	0.0683729	0.0683729
1063	805	805	0	0	0
1064	578	578	111.155	0.19231	0.19231
1065	1883	1883	189.785	0.100788	0.100788
1066	1166	1166	384.638	0.329878	0.329878
1067	1611	1611	616.435	0.382641	0.382641
1068	1021	1021	0	0	0
1069	1395	1395	222.544	0.15953	0.15953
1070	945	945	0	0	0
1071	731	731	248.368	0.339764	0.339764
1072	1113	1113	174.449	0.156738	0.156738
1073	689	689	83.2243	0.12079	0.12079
1074	762	762	0	0	0
1075	874	874	68.4419	0.0783088	0.0783088
1076	1497	1497	423.999	0.283232	0.283232
1077	642	642	0	0	0
1078	484	484	0	0	0
1079	631	631	52.1136	0.0825889	0.0825889
1080	2447	2447	0	0	0
1081	488	488	0	0	0
1082	636	636	84.1966	0.132385	0.132385
1083	490	490	0	0	0
1084	1411	1411	0	0	0
1085	2296	2296	315.529	0.137425	0.137425
1086	839	839	0	0	0
1087	1493	1493	211.556	0.141699	0.141699
1088	4452	4452	818.237	0.183791	0.183791
1089	2218	2218	436.501	0.1968	0.1968
1090	3895	3895	316.653	0.0812973	0.0812973
1091	2040	2040	304.83	0.149427	0.149427
1092	2568	2568	0	0	0
1093	2351	2351	0	0	0
1094	3184	3184	420.767	0.13215	0.13215
1095	1619	1619	0	0	0
1096	2437	2437	865.455	0.355131	0.355131
1097	4354	4354	0	0	0
1098	1645	1645	140.98	0.0857024	0.0857024
1099	4145	4145	0	0	0
1100	1662	1662	332.827	0.200257	0.200257
1101	1320	1320	412.775	0.312708	0.312708
1102	841	841	199.791	0.237564	0.237564
1103	878	878	132.344	0.150733	0.150733
1104	1482	1482	204.352	0.137889	0.137889
1105	355	355	0	0	0
1106	642	642	0	0	0
1107	470	470	73.3672	0.1561	0.1561
1108	1719	1719	0	0	0
1109	505	505	0	0	0
1110	831	831	0	0	0
1111	2211	2211	213.963	0.0967722	0.0967722
1112	701	701	0	0	0
1113	816	816	0	0	0
1114	1360	1360	9.69759	0.00713058	0.00713058
1115	786	786	241.5	0.307252	0.307252
1116	601	601	0	0	0
1117	994	994	554.701	0.558049	0.558049
1118	718	718	87.2867	0.121569	0.121569
1119	535	535	0	0	0
1120	443	443	99.3081	0.224172	0.224172
1121	1165	1165	368.934	0.316681	0.316681
1122	1342	1342	228.209	0.170052	0.170052
1123	1306	1306	248.411	0.190207	0.190207
1124	1000	1000	112.651	0.112651	0.112651
1125	609	609	113.185	0.185854	0.185854
1126	1173	1173	78.7991	0.0671774	0.0671774
1127	835	835	0	0	0
1128	1020	1020	0	0	0
1129	588	588	0	0	0
1130	583	583	0	0	0
1131	362	362	98.6702	0.27257	0.27257
1132	1001	1001	160.784	0.160624	0.160624
1133	749	749	108.643	0.145051	0.145051
1134	1058	1058	0	0	0
1135	2556	2556	314.46	0.123028	0.123028
1136	1017	1017	100.012	0.0983401	0.0983401
1137	941	941	156.977	0.166819	0.166819
1138	1455	1455	221.902	0.15251	0.15251
1139	686	686	110.951	0.161736	0.161736
1140	608	608	0	0	0
1141	2882	2882	332.313	0.115306	0.115306
1142	499	499	2.77074	0.00555259	0.00555259
1143	1089	1089	345.514	0.317276	0.317276
1144	2306	2306	1383.01	0.599744	0.599744
1145	1385	1385	435.617	0.314525	0.314525
1146	862	862	149.677	0.173639	0.173639
1147	1213	1213	461.627	0.380566	0.380566
1148	681	681	78.185	0.114809	0.114809
1149	730	730	67.661	0.0926863	0.0926863
1150	416	416	234.017	0.562541	0.562541
1151	741	741	0	0	0
1152	1016	1016	186.818	0.183876	0.183876
1153	1974	1974	221.262	0.112088	0.112088
1154	1975	1975	568.356	0.287775	0.287775
1155	1006	1006	129.796	0.129022	0.129022
1156	656	656	133.283	0.203175	0.203175
1157	1267	1267	217.823	0.17192	0.17192
1158	1095	1095	133.9	0.122283	0.122283
1159	1606	1606	408.867	0.254587	0.254587
1160	1599	1599	581.229	0.363495	0.363495
1161	585	585	0	0	0
1162	661	661	0	0	0
1163	934	934	0	0	0
1164	869	869	1825.28	2.10044	2.10044
1165	1069	1069	278.501	0.260525	0.260525
1166	2557	2557	403.545	0.15782	0.15782
1167	1699	1699	74.6449	0.0439346	0.0439346
1168	1017	1017	316.785	0.311489	0.311489
1169	434	434	167.689	0.386379	0.386379
1170	667	667	66.117	0.0991259	0.0991259
1171	1913	1913	125.56	0.0656352	0.0656352
1172	638	638	2772.77	4.34604	4.34604
1173	865	865	11.3131	0.0130788	0.0130788
1174	797	797	152.75	0.191656	0.191656
1175	664	664	0	0	0
1176	1069	1069	55.0992	0.0515427	0.0515427
1177	2258	2258	263.374	0.11664	0.11664
1178	751	751	270.034	0.359566	0.359566
1179	1473	1473	155.76	0.105743	0.105743
1180	677	677	153.344	0.226505	0.226505
1181	885	885	247.897	0.28011	0.28011
1182	1123	1123	306.26	0.272716	0.272716
1183	981	981	206.93	0.210938	0.210938
1184	821	821	7.77296	0.00946767	0.00946767
1185	1317	1317	0	0	0
1186	701	701	136.541	0.194781	0.194781
1187	1270	1270	193.838	0.152628	0.152628
1188	691	691	179.168	0.259289	0.259289
1189	1054	1054	106.669	0.101204	0.101204
1190	1280	1280	17.621	0.0137664	0.0137664
1191	383	383	110.951	0.28969	0.28969
1192	745	745	143.846	0.193082	0.193082
1193	662	662	80.7188	0.121932	0.121932
1194	722	722	139.428	0.193114	0.193114
1195	1105	1105	211.195	0.191126	0.191126
1196	1426	1426	69.7563	0.0489175	0.0489175
1197	970	970	95.6403	0.0985982	0.0985982
1198	540	540	55.7266	0.103197	0.103197
1199	512	512	0	0	0
1200	1683	1683	207.019	0.123006	0.123006
1201	796	796	289.181	0.363293	0.363293
1202	648	648	38.1559	0.0588825	0.0588825
1203	1113	1113	207.992	0.186875	0.186875
1204	1292	1292	343.032	0.265505	0.265505
1205	1179	1179	95.7003	0.0811708	0.0811708
1206	3378	3378	762.133	0.225617	0.225617
1207	983	983	78.983	0.080349	0.080349
1208	1035	1035	172.025	0.166208	0.166208
1209	1433	1433	74.0006	0.0516403	0.0516403
1210	662	662	27.471	0.041497	0.041497
1211	2424	2424	110.951	0.0457719	0.0457719
1212	675	675	0	0	0
1213	552	552	25.5711	0.0463244	0.0463244
1214	879	879	0	0	0
1215	850	850	278.767	0.327961	0.327961
1216	851	851	59.0957	0.0694427	0.0694427
1217	893	893	317.975	0.356075	0.356075
1218	649	649	0	0	0
1219	1218	1218	326.703	0.268229	0.268229
1220	944	944	1.80856	0.00191585	0.00191585
1221	2003	2003	514.612	0.256921	0.256921
1222	1335	1335	125.96	0.0943523	0.0943523
1223	971	971	223.52	0.230196	0.230196
1224	1262	1262	72.7885	0.0576771	0.0576771
1225	915	915	0	0	0
1226	677	677	188.551	0.27851	0.27851
1227	886	886	96.7914	0.109245	0.109245
1228	2086	2086	0	0	0
1229	850	850	0	0	0
1230	2157	2157	0	0	0
1231	2338	2338	140.736	0.0601952	0.0601952
1232	1672	1672	97.7444	0.0584596	0.0584596
1233	2463	2463	78.4884	0.031867	0.031867
1234	946	946	313.393	0.331282	0.331282
1235	1462	1462	89.9116	0.0614991	0.0614991
1236	627	627	0	0	0
1237	1168	1168	0	0	0
1238	640	640	0	0	0
1239	408	408	36.7873	0.090165	0.090165
1240	681	681	1341.89	1.97048	1.97048
1241	4498	4498	343.951	0.0764675	0.0764675
1242	1049	1049	271.52	0.258837	0.258837
1243	1033	1033	17.052	0.0165072	0.0165072
1244	1575	1575	196.262	0.124611	0.124611
1245	786	786	421.024	0.535654	0.535654
1246	679	679	161.825	0.238329	0.238329
1247	1964	1964	0	0	0
1248	772	772	69.9934	0.0906651	0.0906651
1249	432	432	137.987	0.319414	0.319414
1250	1457	1457	374.312	0.256906	0.256906
1251	3467	3467	499.473	0.144065	0.144065
1252	892	892	200.25	0.224496	0.224496
1253	1126	1126	221.902	0.197071	0.197071
1254	1262	1262	137.493	0.108949	0.108949
1255	641	641	168.566	0.262974	0.262974
1256	57302	57302	782.66	0.0136585	0.0136585
1257	2872	2872	223.64	0.0778692	0.0778692
1258	4786	4786	1029.59	0.215125	0.215125
1259	507	507	40.1757	0.0792421	0.0792421
1260	4550	4550	623.646	0.137065	0.137065
1261	7117	7117	1332.39	0.187213	0.187213
1262	13949	13949	2365.95	0.169614	0.169614
1263	774	774	110.951	0.143348	0.143348
1264	1041	1041	36.6806	0.035236	0.035236
1265	1830	1830	374.82	0.20482	0.20482
1266	1058	1058	0	0	0
1267	1923	1923	284.962	0.148186	0.148186
1268	839	839	39.2448	0.0467757	0.0467757
1269	1469	1469	98.653	0.0671565	0.0671565
1270	3122	3122	133.885	0.0428844	0.0428844
1271	2441	2441	333.545	0.136643	0.136643
1272	480	480	264.104	0.550217	0.550217
1273	4055	4055	500.444	0.123414	0.123414
1274	982	982	107.366	0.109334	0.109334
1275	829	829	109.26	0.131797	0.131797
1276	2466	2466	309.131	0.125357	0.125357
1277	614	614	0	0	0
1278	3562	3562	168.599	0.0473328	0.0473328
1279	878	878	110.951	0.126368	0.126368
1280	938	938	0	0	0
1281	980	980	0	0	0
1282	505	505	0	0	0
1283	1583	1583	281.043	0.177538	0.177538
1284	922	922	0	0	0
1285	469	469	0	0	0
1286	709	709	34.6342	0.0488494	0.0488494
1287	1170	1170	44.8377	0.0383228	0.0383228
1288	770	770	109.948	0.142789	0.142789
1289	983	983	102.11	0.103875	0.103875
1290	469	469	0	0	0
1291	1252	1252	98.4868	0.0786636	0.0786636
1292	1429	1429	333.146	0.233132	0.233132
1293	686	686	0	0	0
1294	444	444	0	0	0
1295	600	600	0	0	0
1296	481	481	195.802	0.407073	0.407073
1297	457	457	59.6295	0.13048	0.13048
1298	702	702	281.323	0.400746	0.400746
1299	586	586	0	0	0
1300	711	711	107.767	0.15157	0.15157
1301	835	835	0	0	0
1302	1760	1760	140.814	0.0800081	0.0800081
1303	1942	1942	0	0	0
1304	1535	1535	508.617	0.331347	0.331347
1305	710	710	46.8241	0.0659494	0.0659494
1306	912	912	130.261	0.14283	0.14283
1307	930	930	339.572	0.365131	0.365131
1308	972	972	231.633	0.238305	0.238305
1309	604	604	0	0	0
1310	332	332	0	0	0
1311	1381	1381	106.441	0.0770752	0.0770752
1312	866	866	207.081	0.239124	0.239124
1313	561	561	26.6505	0.0475054	0.0475054
1314	1071	1071	110.951	0.103596	0.103596
1315	868	868	0	0	0
1316	1916	1916	615.941	0.321472	0.321472
1317	1059	1059	106.704	0.100759	0.100759
1318	1423	1423	429.41	0.301764	0.301764
1319	367	367	0	0	0
1320	2573	2573	0	0	0
1321	2804	2804	572.823	0.204288	0.204288
1322	979	979	241.516	0.246697	0.246697
1323	1558	1558	332.834	0.213629	0.213629
1324	1426	1426	391.018	0.274206	0.274206
1325	1201	1201	169.239	0.140915	0.140915
1326	957	957	0	0	0
1327	872	872	21.425	0.02457	0.02457
1328	1710	1710	0	0	0
1329	823	823	84.4244	0.102581	0.102581
1330	519	519	76.0032	0.146442	0.146442
1331	1692	1692	354.626	0.20959	0.20959
1332	569	569	86.0327	0.1512	0.1512
1333	977	977	126.784	0.129769	0.129769
1334	770	770	87.2867	0.113359	0.113359
1335	712	712	0	0	0
1336	1006	1006	144.657	0.143795	0.143795
1337	667	667	0	0	0
1338	2593	2593	174.39	0.0672542	0.0672542
1339	793	793	200.371	0.252675	0.252675
1340	1362	1362	284.977	0.209234	0.209234
1341	1637	1637	362.932	0.221705	0.221705
1342	983	983	70.2263	0.0714408	0.0714408
1343	1357	1357	70.9885	0.0523128	0.0523128
1344	2678	2678	254.995	0.0952185	0.0952185
1345	1325	1325	150.289	0.113426	0.113426
1346	1425	1425	323.317	0.226889	0.226889
1347	1914	1914	221.9	0.115935	0.115935
1348	813	813	72.1785	0.0887804	0.0887804
1349	1478	1478	221.902	0.150137	0.150137
1350	579	579	90.624	0.156518	0.156518
1351	586	586	45.7792	0.0781215	0.0781215
1352	514	514	0	0	0
1353	426	426	173.796	0.407973	0.407973
1354	1253	1253	289.517	0.231059	0.231059
1355	1637	1637	192.777	0.117762	0.117762
1356	27839	27839	3793.16	0.136253	0.136253
1357	410	410	0	0	0
1358	2154	2154	160.793	0.0746485	0.0746485
1359	750	750	83.907	0.111876	0.111876
1360	622	622	199.388	0.32056	0.32056
1361	1467	1467	179.84	0.122591	0.122591
1362	1094	1094	187.917	0.17177	0.17177
1363	1617	1617	317.76	0.196512	0.196512
1364	770	770	103.973	0.13503	0.13503
1365	565	565	338.953	0.599917	0.599917
1366	1087	1087	299.218	0.275269	0.275269
1367	3365	3365	727.727	0.216264	0.216264
1368	1111	1111	245.089	0.220602	0.220602
1369	853	853	281.287	0.329762	0.329762
1370	1329	1329	18968.5	14.2727	14.2727
1371	696	696	150.229	0.215847	0.215847
1372	867	867	75.1086	0.0866305	0.0866305
1373	2151	2151	215.088	0.0999946	0.0999946
1374	1543	1543	29.5266	0.0191358	0.0191358
1375	1199	1199	150.147	0.125227	0.125227
1376	665	665	106.959	0.16084	0.16084
1377	797	797	1.41544	0.00177596	0.00177596
1378	1095	1095	240.045	0.219219	0.219219
1379	1112	1112	0	0	0
1380	1540	1540	184.585	0.119861	0.119861
1381	1467	1467	29.0768	0.0198206	0.0198206
1382	890	890	453.382	0.509418	0.509418
1383	585	585	100.636	0.172027	0.172027
1384	674	674	107.324	0.159234	0.159234
1385	1066	1066	441.022	0.413717	0.413717
1386	665	665	98.8607	0.148663	0.148663
1387	614	614	68.8212	0.112087	0.112087
1388	497	497	99.1072	0.199411	0.199411
1389	1251	1251	85.1629	0.0680759	0.0680759
1390	401	401	104.508	0.260618	0.260618
1391	793	793	68.286	0.086111	0.086111
1392	281	281	0	0	0
1393	4809	4809	297.436	0.0618498	0.0618498
1394	2028	2028	233.431	0.115104	0.115104
1395	1771	1771	411.05	0.232101	0.232101
1396	1752	1752	110.951	0.0633283	0.0633283
1397	2050	2050	458.686	0.223749	0.223749
1398	633	633	53.6744	0.0847936	0.0847936
1399	2203	2203	125.019	0.0567493	0.0567493
1400	1167	1167	97.7714	0.0837801	0.0837801
1401	2160	2160	559.402	0.258983	0.258983
1402	1292	1292	0	0	0
1403	1574	1574	565.884	0.35952	0.35952
1404	919	919	368.129	0.400576	0.400576
1405	3144	3144	383.116	0.121856	0.121856
1406	936	936	291.24	0.311153	0.311153
1407	1486	1486	77.1088	0.0518902	0.0518902
1408	752	752	114.706	0.152535	0.152535
1409	645	645	5438.13	8.43121	8.43121
1410	1113	1113	124.28	0.111662	0.111662
1411	1325	1325	184.443	0.139202	0.139202
1412	1234	1234	105.438	0.0854438	0.0854438
1413	2007	2007	330.689	0.164768	0.164768
1414	881	881	0	0	0
1415	1425	1425	221.884	0.155708	0.155708
1416	362	362	36.4521	0.100696	0.100696
1417	771	771	0	0	0
1418	649	649	0	0	0
1419	927	927	0	0	0
1420	1012	1012	114.095	0.112743	0.112743
1421	803	803	0	0	0
1422	2578	2578	571.037	0.221504	0.221504
1423	3847	3847	497.113	0.129221	0.129221
1424	1124	1124	404.945	0.360271	0.360271
1425	1237	1237	101.754	0.0822587	0.0822587
1426	3657	3657	754.227	0.206242	0.206242
1427	1627	1627	160.227	0.09848	0.09848
1428	817	817	228.299	0.279436	0.279436
1429	1553	1553	609.27	0.392318	0.392318
1430	1475	1475	0	0	0
1431	1091	1091	215.278	0.197322	0.197322
1432	521	521	0	0	0
1433	1123	1123	107.917	0.0960972	0.0960972
1434	790	790	233.703	0.295826	0.295826
1435	450	450	0	0	0
1436	371	371	0	0	0
1437	994	994	0	0	0
1438	1351	1351	304.004	0.225022	0.225022
1439	2247	2247	167.635	0.0746038	0.0746038
1440	1107	1107	230.228	0.207974	0.207974
1441	641	641	0	0	0
1442	2088	2088	315.794	0.151242	0.151242
1443	768	768	150.153	0.195512	0.195512
1444	561	561	182.938	0.326093	0.326093
1445	645	645	0	0	0
1446	1231	1231	165.689	0.134597	0.134597
1447	1630	1630	240.255	0.147396	0.147396
1448	1384	1384	1624.33	1.17365	1.17365
1449	5662	5662	441.176	0.0779187	0.0779187
1450	966	966	0	0	0
1451	1409	1409	107.611	0.0763742	0.0763742
1452	710	710	110.951	0.156269	0.156269
1453	665	665	0	0	0
1454	1136	1136	4062.52	3.57616	3.57616
1455	1057	1057	346.919	0.328211	0.328211
1456	385	385	0	0	0
1457	1865	1865	323.263	0.173331	0.173331
1458	874	874	19.8947	0.0227628	0.0227628
1459	2917	2917	663.173	0.227348	0.227348
1460	1606	1606	72.8464	0.0453589	0.0453589
1461	488	488	226.033	0.463182	0.463182
1462	1063	1063	190.282	0.179005	0.179005
1463	1235	1235	109.381	0.0885674	0.0885674
1464	1061	1061	524.618	0.494456	0.494456
1465	1073	1073	303.494	0.282846	0.282846
1466	1665	1665	201.164	0.120819	0.120819
1467	1628	1628	528.811	0.324822	0.324822
1468	1598	1598	518.83	0.324674	0.324674
1469	312	312	0	0	0
1470	2442	2442	62.3329	0.0255254	0.0255254
1471	548	548	29.0928	0.053089	0.053089
1472	509	509	0	0	0
1473	1946	1946	296.024	0.152119	0.152119
1474	1645	1645	262.755	0.15973	0.15973
1475	1803	1803	447.701	0.248309	0.248309
1476	1020	1020	86.6103	0.0849121	0.0849121
1477	929	929	224.318	0.241462	0.241462
1478	926	926	170.923	0.184582	0.184582
1479	1980	1980	205.532	0.103804	0.103804
1480	1098	1098	132.973	0.121104	0.121104
1481	983	983	222.897	0.226751	0.226751
1482	878	878	212.954	0.242544	0.242544
1483	786	786	200.133	0.254622	0.254622
1484	396	396	224.189	0.566134	0.566134
1485	699	699	0	0	0
1486	608	608	0	0	0
1487	1152	1152	193.375	0.16786	0.16786
1488	1318	1318	4705.52	3.5702	3.5702
1489	1021	1021	191.153	0.187221	0.187221
1490	1175	1175	855.498	0.728083	0.728083
1491	1150	1150	139.799	0.121564	0.121564
1492	1179	1179	0	0	0
1493	1059	1059	565.43	0.533928	0.533928
1494	1595	1595	261.325	0.16384	0.16384
1495	1003	1003	125.441	0.125066	0.125066
1496	523	523	91.0645	0.174119	0.174119
1497	1433	1433	157.389	0.109832	0.109832
1498	601	601	72.724	0.121005	0.121005
1499	771	771	77.4196	0.100415	0.100415
1500	2798	2798	305.258	0.109099	0.109099
1501	418	418	0	0	0
1502	1180	1180	189.743	0.160799	0.160799
1503	1174	1174	98.1542	0.0836067	0.0836067
1504	858	858	5.83814	0.00680436	0.00680436
1505	610	610	137.245	0.224991	0.224991
1506	1136	1136	0	0	0
1507	583	583	16.3778	0.0280923	0.0280923
1508	838	838	136.742	0.163176	0.163176
1509	1465	1465	289.772	0.197797	0.197797
1510	1001	1001	224.519	0.224295	0.224295
1511	1173	1173	851.152	0.72562	0.72562
1512	1315	1315	110.951	0.0843735	0.0843735
1513	1008	1008	210.677	0.209005	0.209005
1514	1382	1382	184.282	0.133344	0.133344
1515	1143	1143	237.932	0.208165	0.208165
1516	1607	1607	85.9376	0.053477	0.053477
1517	4524	4524	405.154	0.0895566	0.0895566
1518	881	881	99.5984	0.113052	0.113052
1519	1204	1204	0	0	0
1520	747	747	481.8	0.64498	0.64498
1521	618	618	0	0	0
1522	523	523	0	0	0
1523	1158	1158	464.515	0.401136	0.401136
1524	1137	1137	73.3309	0.0644951	0.0644951
1525	957	957	177.934	0.185929	0.185929
1526	769	769	212.505	0.276339	0.276339
1527	737	737	261.667	0.355044	0.355044
1528	1152	1152	502.712	0.436382	0.436382
1529	758	758	51.0575	0.0673582	0.0673582
1530	700	700	0	0	0
1531	616	616	80.9123	0.131351	0.131351
1532	1266	1266	221.902	0.175278	0.175278
1533	1392	1392	160.802	0.115519	0.115519
1534	1023	1023	0	0	0
1535	800	800	102.456	0.12807	0.12807
1536	557	557	87.4609	0.157021	0.157021
1537	599	599	225.715	0.376819	0.376819
1538	1524	1524	475.296	0.311874	0.311874
1539	966	966	212.179	0.219647	0.219647
1540	417	417	194.52	0.466476	0.466476
1541	1470	1470	168.161	0.114395	0.114395
1542	1260	1260	49.1795	0.0390313	0.0390313
1543	1023	1023	132.387	0.12941	0.12941
1544	1623	1623	395.554	0.243718	0.243718
1545	846	846	283.115	0.334651	0.334651
1546	1109	1109	292.877	0.264091	0.264091
1547	1159	1159	223.485	0.192826	0.192826
1548	736	736	204.955	0.278472	0.278472
1549	634	634	83.6553	0.131948	0.131948
1550	823	823	202.773	0.246382	0.246382
1551	829	829	86.3765	0.104194	0.104194
1552	826	826	200.058	0.242201	0.242201
1553	1105	1105	8.87877	0.00803509	0.00803509
1554	746	746	0	0	0
1555	1041	1041	0	0	0
1556	1212	1212	112.209	0.0925818	0.0925818
1557	809	809	110.951	0.137146	0.137146
1558	872	872	0	0	0
1559	1383	1383	0	0	0
1560	1151	1151	160.955	0.139839	0.139839
1561	764	764	118.862	0.155578	0.155578
1562	921	921	0	0	0
1563	1038	1038	360.853	0.347642	0.347642
1564	439	439	88.1946	0.200899	0.200899
1565	1660	1660	213.331	0.128513	0.128513
1566	783	783	108.608	0.138707	0.138707
1567	1308	1308	50.7959	0.0388347	0.0388347
1568	996	996	171.814	0.172504	0.172504
1569	877	877	19.8947	0.0226849	0.0226849
1570	896	896	99.1189	0.110624	0.110624
1571	698	698	4179.06	5.98719	5.98719
1572	1166	1166	319.785	0.274258	0.274258
1573	1253	1253	27.1201	0.0216441	0.0216441
1574	2745	2745	421.62	0.153596	0.153596
1575	834	834	185.889	0.222889	0.222889
1576	1808	1808	48.0484	0.0265754	0.0265754
1577	1375	1375	144.286	0.104935	0.104935
1578	915	915	33.92	0.037071	0.037071
1579	853	853	0	0	0
1580	1392	1392	230.278	0.16543	0.16543
1581	1693	1693	347.069	0.205002	0.205002
1582	1698	1698	169.627	0.0998984	0.0998984
1583	1735	1735	82.8581	0.0477568	0.0477568
1584	1216	1216	146.508	0.120483	0.120483
1585	1975	1975	283.77	0.143681	0.143681
1586	598	598	0	0	0
1587	446	446	208.315	0.467074	0.467074
1588	479	479	5.35626	0.0111822	0.0111822
1589	804	804	174.563	0.217118	0.217118
1590	1291	1291	73.3307	0.0568015	0.0568015
1591	704	704	0	0	0
1592	1634	1634	0	0	0
1593	4099	4099	649.515	0.158457	0.158457
1594	1295	1295	65.7765	0.0507927	0.0507927
1595	1563	1563	571.026	0.36534	0.36534
1596	2475	2475	648.166	0.261885	0.261885
1597	2754	2754	446.188	0.162014	0.162014
1598	802	802	0	0	0
1599	711	711	52.4016	0.0737013	0.0737013
1600	1051	1051	0	0	0
1601	815	815	210.424	0.25819	0.25819
1602	1016	1016	332.23	0.326998	0.326998
1603	345	345	144.051	0.417539	0.417539
1604	911	911	163.039	0.178967	0.178967
1605	1012	1012	64.6007	0.0638347	0.0638347
1606	828	828	110.951	0.133999	0.133999
1607	1387	1387	375.892	0.271011	0.271011
1608	811	811	221.881	0.27359	0.27359
1609	1068	1068	67.6124	0.0633075	0.0633075
1610	1109	1109	116.927	0.105435	0.105435
1611	1068	1068	65.3432	0.0611828	0.0611828
1612	822	822	0	0	0
1613	718	718	112.798	0.157101	0.157101
1614	2725	2725	0	0	0
1615	1816	1816	323.056	0.177894	0.177894
1616	597	597	194.854	0.326388	0.326388
1617	1429	1429	244.393	0.171024	0.171024
1618	2479	2479	804.944	0.324705	0.324705
1619	11055	11055	1395.28	0.126213	0.126213
1620	595	595	173.27	0.291209	0.291209
1621	803	803	0	0	0
1622	2415	2415	171.68	0.0710889	0.0710889
1623	3294	3294	562.412	0.170738	0.170738
1624	1575	1575	116.493	0.0739635	0.0739635
1625	725	725	125.493	0.173093	0.173093
1626	575	575	192.529	0.334833	0.334833
1627	2943	2943	119433	40.582	40.582
1628	5342	5342	967.217	0.181059	0.181059
1629	5860	5860	742.607	0.126725	0.126725
1630	425	425	221.887	0.522087	0.522087
1631	4135	4135	217.774	0.052666	0.052666
1632	465	465	4.15611	0.00893787	0.00893787
1633	831	831	0	0	0
1634	3432	3432	961.288	0.280096	0.280096
1635	1222	1222	35478.8	29.0334	29.0334
1636	1141	1141	123.228	0.108	0.108
1637	1916	1916	221.902	0.115815	0.115815
1638	929	929	327.692	0.352736	0.352736
1639	481	481	0	0	0
1640	954	954	339.714	0.356095	0.356095
1641	1620	1620	0	0	0
1642	782	782	229.373	0.293315	0.293315
1643	644	644	141.818	0.220215	0.220215
1644	1084	1084	87.2867	0.0805228	0.0805228
1645	1077	1077	0	0	0
1646	548	548	0	0	0
1647	849	849	332.839	0.392037	0.392037
1648	2341	2341	69.6901	0.0297694	0.0297694
1649	834	834	0	0	0
1650	565	565	0	0	0
1651	644	644	0	0	0
1652	2469	2469	473.352	0.191718	0.191718
1653	1035	1035	332.844	0.321588	0.321588
1654	501	501	162.305	0.323962	0.323962
1655	468	468	91.3725	0.19524	0.19524
1656	1096	1096	197.934	0.180597	0.180597
1657	960	960	61.102	0.0636479	0.0636479
1658	308	308	0	0	0
1659	681	681	126.553	0.185835	0.185835
1660	1031	1031	307.929	0.298671	0.298671
1661	640	640	0	0	0
1662	374	374	0	0	0
1663	1367	1367	249.13	0.182246	0.182246
1664	990	990	144.892	0.146356	0.146356
1665	690	690	155.772	0.225756	0.225756
1666	1071	1071	110.951	0.103596	0.103596
1667	789	789	87.3879	0.110758	0.110758
1668	1120	1120	0	0	0
1669	995	995	87.9283	0.0883701	0.0883701
1670	926	926	0	0	0
1671	1387	1387	77.2748	0.0557136	0.0557136
1672	2509	2509	0	0	0
1673	1290	1290	450.503	0.349227	0.349227
1674	587	587	0	0	0
1675	494	494	93.352	0.188972	0.188972
1676	751	751	0	0	0
1677	678	678	0	0	0
1678	456	456	110.951	0.243314	0.243314
1679	922	922	84.6789	0.0918426	0.0918426
1680	1535	1535	242.121	0.157734	0.157734
1681	2153	2153	276.192	0.128283	0.128283
1682	1022	1022	130.29	0.127485	0.127485
1683	572	572	170.592	0.298237	0.298237
1684	1150	1150	225.449	0.196043	0.196043
1685	1026	1026	0	0	0
1686	773	773	0	0	0
1687	837	837	221.675	0.264845	0.264845
1688	906	906	84.8596	0.093664	0.093664
1689	587	587	69.5107	0.118417	0.118417
1690	639	639	0	0	0
1691	428	428	86.0161	0.200972	0.200972
1692	4631	4631	811.461	0.175224	0.175224
1693	1311	1311	174.878	0.133393	0.133393
1694	1068	1068	53.4506	0.0500474	0.0500474
1695	969	969	80.6364	0.0832161	0.0832161
1696	1155	1155	263.445	0.228091	0.228091
1697	1090	1090	0	0	0
1698	1447	1447	97.0993	0.0671038	0.0671038
1699	1578	1578	0	0	0
1700	1838	1838	178.517	0.0971259	0.0971259
1701	991	991	354.594	0.357814	0.357814
1702	764	764	0	0	0
1703	918	918	1609.96	1.75377	1.75377
1704	1315	1315	0	0	0
1705	505	505	92.2189	0.182612	0.182612
1706	2140	2140	162.708	0.0760317	0.0760317
1707	578	578	104.951	0.181576	0.181576
1708	366	366	0	0	0
1709	622	622	0	0	0
1710	599	599	83.959	0.140165	0.140165
1711	1097	1097	94.568	0.0862061	0.0862061
1712	602	602	250.348	0.415861	0.415861
1713	1652	1652	221.9	0.134322	0.134322
1714	3963	3963	693.188	0.174915	0.174915
1715	1671	1671	628.051	0.375854	0.375854
1716	1580	1580	158.688	0.100435	0.100435
1717	2018	2018	38024.6	18.8427	18.8427
1718	742	742	190.526	0.256774	0.256774
1719	1496	1496	296.658	0.198301	0.198301
1720	1023	1023	242.029	0.236587	0.236587
1721	1116	1116	104.816	0.0939216	0.0939216
1722	766	766	0	0	0
1723	1156	1156	343.661	0.297285	0.297285
1724	1771	1771	102.562	0.0579122	0.0579122
1725	1152	1152	121.54	0.105504	0.105504
1726	1229	1229	110.951	0.0902775	0.0902775
1727	1178	1178	484.791	0.411537	0.411537
1728	1132	1132	18.9552	0.0167448	0.0167448
1729	1073	1073	0	0	0
1730	1373	1373	236.153	0.171998	0.171998
1731	862	862	912.936	1.05909	1.05909
1732	605	605	110.951	0.18339	0.18339
1733	591	591	206.539	0.349473	0.349473
1734	524	524	0	0	0
1735	1309	1309	138.388	0.10572	0.10572
1736	525	525	130.971	0.249469	0.249469
1737	987	987	221.887	0.22481	0.22481
1738	1938	1938	0	0	0
1739	2410	2410	114.572	0.0475404	0.0475404
1740	398	398	91.4032	0.229656	0.229656
1741	982	982	347.416	0.353784	0.353784
1742	4772	4772	0	0	0
1743	2471	2471	410.111	0.16597	0.16597
1744	8227	8227	8425.63	1.02414	1.02414
1745	7889	7889	1721.11	0.218166	0.218166
1746	6854	6854	1084.68	0.158255	0.158255
1747	9747	9747	798.626	0.0819356	0.0819356
1748	1179	1179	153.924	0.130555	0.130555
1749	1787	1787	171.944	0.0962193	0.0962193
1750	2497	2497	165.295	0.0661974	0.0661974
1751	690	690	0	0	0
1752	1737	1737	339.651	0.195539	0.195539
1753	971	971	135.013	0.139045	0.139045
1754	774	774	0	0	0
1755	634	634	181.862	0.286849	0.286849
1756	2250	2250	0	0	0
1757	1128	1128	253.424	0.224667	0.224667
1758	396	396	185.977	0.469639	0.469639
1759	557	557	212.226	0.381016	0.381016
1760	935	935	0	0	0
1761	892	892	0	0	0
1762	1190	1190	1047.52	0.880268	0.880268
1763	1452	1452	49.533	0.0341136	0.0341136
1764	951	951	330.682	0.347721	0.347721
1765	632	632	110.857	0.175407	0.175407
1766	620	620	0	0	0
1767	1631	1631	1039.31	0.637222	0.637222
1768	1154	1154	80.4636	0.0697259	0.0697259
1769	716	716	73.4555	0.102592	0.102592
1770	1648	1648	333.757	0.202523	0.202523
1771	4522	4522	1155.46	0.255519	0.255519
1772	8724	8724	1232.25	0.141248	0.141248
1773	11234	11234	2449.78	0.218069	0.218069
1774	986	986	201.618	0.204481	0.204481
1775	9737	9737	2003.95	0.205807	0.205807
1776	1607	1607	0	0	0
1777	717	717	107.361	0.149736	0.149736
1778	930	930	161.934	0.174123	0.174123
1779	1110	1110	297.036	0.2676	0.2676
1780	866	866	0	0	0
1781	400	400	0	0	0
1782	836	836	279.559	0.3344	0.3344
1783	689	689	0	0	0
1784	888	888	0	0	0
1785	694	694	0	0	0
1786	1378	1378	0	0	0
1787	989	989	73.1936	0.0740077	0.0740077
1788	722	722	0	0	0
1789	930	930	103.299	0.111075	0.111075
1790	553	553	60.8329	0.110005	0.110005
1791	794	794	38.259	0.0481851	0.0481851
1792	1568	1568	162.641	0.103725	0.103725
1793	1923	1923	173.471	0.0902083	0.0902083
1794	729	729	185.205	0.254054	0.254054
1795	687	687	151.388	0.220361	0.220361
1796	1013	1013	110.951	0.109527	0.109527
1797	662	662	178.759	0.270028	0.270028
1798	1184	1184	0	0	0
1799	2357	2357	0	0	0
1800	1222	1222	240.834	0.197082	0.197082
1801	755	755	221.878	0.293879	0.293879
1802	940	940	788.504	0.838834	0.838834
1803	1184	1184	110.951	0.0937087	0.0937087
1804	976	976	67.2311	0.0688843	0.0688843
1805	1432	1432	340.343	0.23767	0.23767
1806	2814	2814	412.238	0.146496	0.146496
1807	1237	1237	340.479	0.275246	0.275246
1808	1570	1570	0	0	0
1809	1517	1517	0	0	0
1810	1158	1158	214.344	0.185099	0.185099
1811	484	484	1004.58	2.07557	2.07557
1812	833	833	0	0	0
1813	1617	1617	0	0	0
1814	1132	1132	0	0	0
1815	1080	1080	454.253	0.420605	0.420605
1816	675	675	210.86	0.312386	0.312386
1817	453	453	108.524	0.239567	0.239567
1818	1210	1210	155.879	0.128825	0.128825
1819	635	635	175.824	0.276888	0.276888
1820	508	508	110.314	0.217154	0.217154
1821	759	759	193.128	0.254451	0.254451
1822	1207	1207	0	0	0
1823	1460	1460	1160.63	0.794953	0.794953
1824	989	989	0	0	0
1825	675	675	0	0	0
1826	1229	1229	191.26	0.155622	0.155622
1827	638	638	130.199	0.204073	0.204073
1828	673	673	203.533	0.302427	0.302427
1829	950	950	26.6239	0.0280251	0.0280251
1830	903	903	0	0	0
1831	503	503	615.685	1.22403	1.22403
1832	1688	1688	65.0547	0.0385395	0.0385395
1833	303	303	102.76	0.33914	0.33914
1834	779	779	331.318	0.425311	0.425311
1835	728	728	182.524	0.25072	0.25072
1836	1391	1391	0	0	0
1837	986	986	166.034	0.168392	0.168392
1838	1018	1018	59.8254	0.0587675	0.0587675
1839	3699	3699	91.8375	0.0248277	0.0248277
1840	403	403	0	0	0
1841	1262	1262	0	0	0
1842	1440	1440	289.666	0.201157	0.201157
1843	865	865	349.308	0.403824	0.403824
1844	1609	1609	433.754	0.26958	0.26958
1845	1948	1948	634.697	0.32582	0.32582
1846	686	686	0	0	0
1847	498	498	22.6331	0.045448	0.045448
1848	1841	1841	0	0	0
1849	329	329	140.793	0.427943	0.427943
1850	925	925	181.667	0.196396	0.196396
1851	745	745	0	0	0
1852	768	768	138.952	0.180927	0.180927
1853	1272	1272	0	0	0
1854	624	624	56.9988	0.0913443	0.0913443
1855	520	520	0	0	0
1856	503	503	0	0	0
1857	1076	1076	188.529	0.175213	0.175213
1858	974	974	132.655	0.136196	0.136196
1859	685	685	127.742	0.186484	0.186484
1860	879	879	65.281	0.0742674	0.0742674
1861	1177	1177	259.794	0.220726	0.220726
1862	829	829	110.951	0.133837	0.133837
1863	763	763	393.512	0.515743	0.515743
1864	764	764	141.958	0.185809	0.185809
1865	455	455	11.2999	0.0248349	0.0248349
1866	911	911	0	0	0
1867	1142	1142	0	0	0
1868	856	856	116.322	0.135891	0.135891
1869	1119	1119	37.3653	0.0333917	0.0333917
1870	814	814	0	0	0
1871	798	798	120.469	0.150964	0.150964
1872	1023	1023	640.345	0.625948	0.625948
1873	577	577	0	0	0
1874	834	834	0	0	0
1875	1431	1431	0	0	0
1876	1947	1947	568.937	0.292212	0.292212
1877	599	599	0	0	0
1878	895	895	0	0	0
1879	633	633	110.951	0.175278	0.175278
1880	835	835	18.0098	0.0215686	0.0215686
1881	2211	2211	399.297	0.180596	0.180596
1882	1191	1191	0	0	0
1883	966	966	96.206	0.0995922	0.0995922
1884	381	381	0	0	0
1885	880	880	30.9182	0.0351343	0.0351343
1886	895	895	149.761	0.167331	0.167331
1887	1903	1903	0	0	0
1888	2092	2092	221.902	0.106072	0.106072
1889	693	693	164.287	0.237066	0.237066
1890	594	594	145.62	0.245151	0.245151
1891	1199	1199	404.032	0.336974	0.336974
1892	474	474	0	0	0
1893	1444	1444	185.79	0.128663	0.128663
1894	896	896	23.011	0.025682	0.025682
1895	545	545	0	0	0
1896	1118	1118	172.838	0.154596	0.154596
1897	2284	2284	59.5704	0.0260816	0.0260816
1898	929	929	0	0	0
1899	803	803	50.5019	0.0628915	0.0628915
1900	1030	1030	0	0	0
1901	1314	1314	0	0	0
1902	2306	2306	215.026	0.0932463	0.0932463
1903	661	661	198.326	0.300039	0.300039
1904	577	577	0	0	0
1905	1406	1406	443.778	0.315632	0.315632
1906	1002	1002	361.471	0.36075	0.36075
1907	847	847	108.408	0.127991	0.127991
1908	993	993	61.6467	0.0620812	0.0620812
1909	330	330	0	0	0
1910	840	840	74.8879	0.0891523	0.0891523
1911	909	909	20.0874	0.0220984	0.0220984
1912	657	657	207.826	0.316325	0.316325
1913	362	362	150.573	0.415949	0.415949
1914	490	490	103.992	0.212229	0.212229
1915	351	351	110.951	0.3161	0.3161
1916	850	850	29.5546	0.0347701	0.0347701
1917	1005	1005	231.948	0.230794	0.230794
1918	2187	2187	182.103	0.0832659	0.0832659
1919	918	918	156.698	0.170696	0.170696
1920	1102	1102	190.956	0.173282	0.173282
1921	2379	2379	142.756	0.0600067	0.0600067
1922	1316	1316	250.943	0.190686	0.190686
1923	684	684	245.848	0.359427	0.359427
1924	372	372	0	0	0
1925	1578	1578	201.479	0.12768	0.12768
1926	674	674	221.902	0.329232	0.329232
1927	1169	1169	261.847	0.223992	0.223992
1928	1913	1913	302.178	0.15796	0.15796
1929	2819	2819	488.916	0.173436	0.173436
1930	1106	1106	0	0	0
1931	1357	1357	110.951	0.081762	0.081762
1932	937	937	159.401	0.170118	0.170118
1933	767	767	124.724	0.162613	0.162613
1934	1097	1097	110.951	0.10114	0.10114
1935	2608	2608	26225.2	10.0557	10.0557
1936	554	554	0	0	0
1937	1590	1590	102.257	0.0643125	0.0643125
1938	806	806	63.1078	0.0782975	0.0782975
1939	643	643	77.2191	0.120092	0.120092
1940	1776	1776	1036.33	0.58352	0.58352
1941	1490	1490	242.867	0.162998	0.162998
1942	527	527	97.6019	0.185203	0.185203
1943	1283	1283	74.5131	0.0580772	0.0580772
1944	1659	1659	307.078	0.185098	0.185098
1945	589	589	0	0	0
1946	436	436	125.49	0.28782	0.28782
1947	493	493	0	0	0
1948	1703	1703	110.951	0.0651504	0.0651504
1949	1072	1072	197.328	0.184074	0.184074
1950	1875	1875	295.456	0.157577	0.157577
1951	1336	1336	161.105	0.120587	0.120587
1952	1648	1648	0	0	0
1953	827	827	98.5121	0.11912	0.11912
1954	1068	1068	0	0	0
1955	1821	1821	110.951	0.0609287	0.0609287
1956	18274	18274	0	0	0
1957	2299	2299	870.136	0.378485	0.378485
1958	9066	9066	1618.67	0.178543	0.178543
1959	4622	4622	474.601	0.102683	0.102683
1960	3593	3593	0	0	0
1961	2558	2558	360.272	0.140841	0.140841
1962	2524	2524	0	0	0
1963	770	770	0	0	0
1964	1187	1187	0	0	0
1965	689	689	0	0	0
1966	1807	1807	595.898	0.329772	0.329772
1967	1246	1246	133.985	0.107532	0.107532
1968	667	667	0	0	0
1969	1508	1508	106.113	0.0703665	0.0703665
1970	463	463	0	0	0
1971	1325	1325	162.056	0.122306	0.122306
1972	400	400	0	0	0
1973	736	736	136.94	0.186059	0.186059
1974	843	843	110.951	0.131615	0.131615
1975	1301	1301	224.237	0.172357	0.172357
1976	1488	1488	37341.9	25.0953	25.0953
1977	2122	2122	0	0	0
1978	478	478	139.108	0.291022	0.291022
1979	1270	1270	116.001	0.0913391	0.0913391
1980	819	819	187.923	0.229454	0.229454
1981	1208	1208	103.308	0.0855195	0.0855195
1982	889	889	80.0509	0.090046	0.090046
1983	815	815	87.2867	0.1071	0.1071
1984	468	468	45.1456	0.096465	0.096465
1985	854	854	185.294	0.216972	0.216972
1986	520	520	0	0	0
1987	1073	1073	326.222	0.304028	0.304028
1988	431	431	41.4672	0.0962117	0.0962117
1989	1184	1184	0	0	0
1990	1534	1534	348.523	0.227199	0.227199
1991	621	621	272.454	0.438735	0.438735
1992	1211	1211	175.326	0.144777	0.144777
1993	521	521	69.4735	0.133346	0.133346
1994	309	309	3.23232	0.0104606	0.0104606
1995	2145	2145	110.951	0.0517255	0.0517255
1996	1236	1236	379.753	0.307244	0.307244
1997	968	968	0	0	0
1998	1577	1577	0	0	0
1999	524	524	150.735	0.287661	0.287661
2000	621	621	58.6573	0.0944562	0.0944562
2001	341	341	61.4016	0.180063	0.180063
2002	612	612	0	0	0
2003	679	679	0	0	0
2004	2141	2141	0	0	0
2005	710	710	495.222	0.697496	0.697496
2006	1281	1281	159.669	0.124644	0.124644
2007	1499	1499	201.878	0.134675	0.134675
2008	433	433	54.43	0.125704	0.125704
2009	3386	3386	110.951	0.0327676	0.0327676
2010	1222	1222	45.7133	0.0374086	0.0374086
2011	1167	1167	373.062	0.319676	0.319676
2012	728	728	0	0	0
2013	905	905	182.384	0.201529	0.201529
2014	1040	1040	0	0	0
2015	2327	2327	526.228	0.22614	0.22614
2016	2002	2002	84.6161	0.0422658	0.0422658
2017	1639	1639	295.84	0.1805	0.1805
2018	576	576	0	0	0
2019	1949	1949	305.198	0.156592	0.156592
2020	682	682	222.625	0.32643	0.32643
2021	322	322	332.824	1.03362	1.03362
2022	510	510	110.951	0.217551	0.217551
2023	500	500	0	0	0
2024	812	812	21.9628	0.0270478	0.0270478
2025	684	684	110.951	0.162209	0.162209
2026	1003	1003	152.895	0.152438	0.152438
2027	516	516	110.951	0.215022	0.215022
2028	774	774	0	0	0
2029	992	992	109.421	0.110303	0.110303
2030	1393	1393	0	0	0
2031	8779	8779	506.727	0.0577204	0.0577204
2032	642	642	0	0	0
2033	1891	1891	363.488	0.19222	0.19222
2034	612	612	34.9714	0.0571427	0.0571427
2035	2565	2565	307.802	0.120001	0.120001
2036	1127	1127	457.29	0.405759	0.405759
2037	927	927	147.985	0.159638	0.159638
2038	704	704	93.7199	0.133125	0.133125
2039	1183	1183	110.951	0.0937879	0.0937879
2040	636	636	0	0	0
2041	1504	1504	240.131	0.159661	0.159661
2042	1061	1061	116.602	0.109899	0.109899
2043	892	892	169.829	0.190391	0.190391
2044	654	654	5.21127	0.0079683	0.0079683
2045	601	601	0	0	0
2046	1259	1259	101.207	0.0803868	0.0803868
2047	396	396	62.9535	0.158974	0.158974
2048	748	748	257.546	0.344313	0.344313
2049	1446	1446	269.592	0.18644	0.18644
2050	1056	1056	123.881	0.117311	0.117311
2051	1901	1901	169.152	0.0889805	0.0889805
2052	2769	2769	119.105	0.0430138	0.0430138
2053	374	374	63.5099	0.169813	0.169813
2054	462	462	78.185	0.169232	0.169232
2055	1251	1251	0	0	0
2056	1489	1489	0	0	0
2057	383	383	346.691	0.905199	0.905199
2058	1943	1943	327.285	0.168443	0.168443
2059	1129	1129	9.69696	0.00858898	0.00858898
2060	1588	1588	130.614	0.0822505	0.0822505
2061	449	449	0	0	0
2062	922	922	0	0	0
2063	631	631	36.8014	0.0583224	0.0583224
2064	585	585	0	0	0
2065	1381	1381	160.021	0.115873	0.115873
2066	669	669	155.648	0.232658	0.232658
2067	644	644	0	0	0
2068	667	667	0	0	0
2069	506	506	0	0	0
2070	2792	2792	451.576	0.161739	0.161739
2071	2889	2889	375.845	0.130095	0.130095
2072	1195	1195	41.1697	0.0344516	0.0344516
2073	490	490	0	0	0
2074	438	438	0	0	0
2075	1798	1798	0	0	0
2076	1629	1629	0	0	0
2077	1879	1879	0	0	0
2078	626	626	0	0	0
2079	2105	2105	0	0	0
2080	587	587	0	0	0
2081	6829	6829	0	0	0
2082	2539	2539	0	0	0
2083	13259	13259	0	0	0
2084	1642	1642	0	0	0
2085	5954	5954	0	0	0
2086	4683	4683	0	0	0
2087	2224	2224	0	0	0
2088	4927	4927	0	0	0
2089	11281	11281	0	0	0
2090	2550	2550	0	0	0
2091	2283	2283	0	0	0
2092	3146	3146	0	0	0
2093	6121	6121	0	0	0
2094	7791	7791	0	0	0
2095	20592	20592	0	0	0
2096	2594	2594	0	0	0
2097	6182	6182	0	0	0
2098	1547	1547	0	0	0
2099	1195	1195	0	0	0
2100	4318	4318	0	0	0
2101	1666	1666	0	0	0
2102	8278	8278	0	0	0
2103	6029	6029	0	0	0
2104	2052	2052	0	0	0
2105	7637	7637	0	0	0
2106	2463	2463	0	0	0
2107	6308	6308	0	0	0
2108	8387	8387	0	0	0
2109	11252	11252	0	0	0
2110	443	443	0	0	0
2111	1164	1164	0	0	0
