1	753	753	105.738	0.140422	0.140422
2	2974	2974	392.139	0.131856	0.131856
3	1070	1070	0	0	0
4	571	571	46.9641	0.0822489	0.0822489
5	807	807	332.876	0.412486	0.412486
6	1159	1159	598.757	0.516615	0.516615
7	693	693	360.429	0.5201	0.5201
8	831	831	0	0	0
9	744	744	79.8525	0.107329	0.107329
10	1743	1743	483.76	0.277544	0.277544
11	1120	1120	1219.94	1.08923	1.08923
12	459	459	0	0	0
13	1458	1458	149.445	0.1025	0.1025
14	756	756	0	0	0
15	757	757	226.135	0.298726	0.298726
16	1136	1136	605.419	0.532939	0.532939
17	5886	5886	10905.6	1.8528	1.8528
18	412	412	482.389	1.17085	1.17085
19	616	616	0	0	0
20	2838	2838	5685.17	2.00323	2.00323
21	705	705	31.9625	0.0453369	0.0453369
22	1039	1039	0	0	0
23	2368	2368	1452.64	0.613446	0.613446
24	502	502	133.02	0.264981	0.264981
25	615	615	109.879	0.178665	0.178665
26	947	947	355.453	0.375346	0.375346
27	2062	2062	738.604	0.358198	0.358198
28	1047	1047	282.408	0.269731	0.269731
29	885	885	773.955	0.874525	0.874525
30	1662	1662	328.564	0.197692	0.197692
31	844	844	0	0	0
32	536	536	566.384	1.05669	1.05669
33	851	851	271.594	0.319147	0.319147
34	411	411	75.8782	0.184618	0.184618
35	650	650	177.339	0.272829	0.272829
36	1205	1205	1211.82	1.00566	1.00566
37	448	448	0	0	0
38	1077	1077	0	0	0
39	1252	1252	614.616	0.490907	0.490907
40	1942	1942	791.698	0.407672	0.407672
41	968	968	0	0	0
42	2527	2527	318.134	0.125894	0.125894
43	998	998	449.452	0.450352	0.450352
44	968	968	701.071	0.724246	0.724246
45	692	692	59.6337	0.0861758	0.0861758
46	787	787	140.473	0.178492	0.178492
47	1493	1493	0	0	0
48	1152	1152	89.7082	0.0778717	0.0778717
49	686	686	64.0336	0.0933434	0.0933434
50	1117	1117	211.476	0.189325	0.189325
51	1436	1436	493.086	0.343375	0.343375
52	1593	1593	4627.45	2.90486	2.90486
53	1548	1548	605.394	0.391081	0.391081
54	865	865	1605.12	1.85564	1.85564
55	704	704	626.262	0.889577	0.889577
56	858	858	166.419	0.193962	0.193962
57	8769	8769	3265.63	0.372406	0.372406
58	7558	7558	1548.74	0.204914	0.204914
59	468	468	227.339	0.485767	0.485767
60	1297	1297	305.189	0.235304	0.235304
61	601	601	200.24	0.333178	0.333178
62	1199	1199	285.467	0.238087	0.238087
63	495	495	0	0	0
64	718	718	0	0	0
65	403	403	878.804	2.18065	2.18065
66	627	627	0	0	0
67	957	957	0	0	0
68	318	318	0	0	0
69	345	345	0	0	0
70	734	734	382.145	0.520633	0.520633
71	441	441	0	0	0
72	1477	1477	507.863	0.343848	0.343848
73	474	474	45.3026	0.0955752	0.0955752
74	412	412	317.941	0.7717	0.7717
75	969	969	261.099	0.269452	0.269452
76	857	857	75.5382	0.0881426	0.0881426
77	442	442	342.04	0.773847	0.773847
78	1372	1372	256.125	0.18668	0.18668
79	749	749	696.223	0.929537	0.929537
80	823	823	0	0	0
81	1297	1297	558.386	0.430521	0.430521
82	738	738	0	0	0
83	1036	1036	0	0	0
84	771	771	426.055	0.552601	0.552601
85	989	989	0	0	0
86	862	862	735.117	0.852804	0.852804
87	1086	1086	813.988	0.749529	0.749529
88	1063	1063	122.105	0.114868	0.114868
89	490	490	0	0	0
90	658	658	340.363	0.517269	0.517269
91	1101	1101	1054.66	0.957912	0.957912
92	428	428	60.0054	0.140199	0.140199
93	1136	1136	598.849	0.527156	0.527156
94	717	717	1417.49	1.97697	1.97697
95	1256	1256	0	0	0
96	1185	1185	642.126	0.541879	0.541879
97	1219	1219	471.464	0.386763	0.386763
98	1020	1020	0	0	0
99	1685	1685	675.416	0.40084	0.40084
100	433	433	0	0	0
101	404	404	52.1784	0.129154	0.129154
102	589	589	61.668	0.104699	0.104699
103	1059	1059	355.835	0.33601	0.33601
104	930	930	0	0	0
105	1156	1156	471.516	0.407886	0.407886
106	1223	1223	861.547	0.704454	0.704454
107	502	502	122.708	0.244438	0.244438
108	4888	4888	9833.88	2.01184	2.01184
109	1083	1083	432.797	0.399628	0.399628
110	528	528	0	0	0
111	720	720	97.7953	0.135827	0.135827
112	758	758	758.936	1.00123	1.00123
113	984	984	0	0	0
114	947	947	100.959	0.106609	0.106609
115	973	973	785.615	0.807415	0.807415
116	514	514	422.952	0.822864	0.822864
117	1092	1092	601.643	0.550955	0.550955
118	2093	2093	2837.3	1.35561	1.35561
119	684	684	533.574	0.780079	0.780079
120	1034	1034	329.477	0.318643	0.318643
121	1470	1470	802.814	0.546132	0.546132
122	867	867	0	0	0
123	658	658	3510.48	5.33508	5.33508
124	660	660	0	0	0
125	1276	1276	233.187	0.182749	0.182749
126	623	623	105.463	0.169282	0.169282
127	3055	3055	1094.47	0.358255	0.358255
128	755	755	402.296	0.532842	0.532842
129	1130	1130	0	0	0
130	1991	1991	537.879	0.270155	0.270155
131	915	915	1438.31	1.57193	1.57193
132	1155	1155	338.763	0.293301	0.293301
133	764	764	200.333	0.262217	0.262217
134	1118	1118	454.565	0.406587	0.406587
135	1162	1162	579.111	0.498375	0.498375
136	731	731	400.448	0.547809	0.547809
137	1205	1205	851.694	0.7068	0.7068
138	531	531	3002.43	5.65429	5.65429
139	775	775	91.3689	0.117895	0.117895
140	461	461	2145.16	4.65328	4.65328
141	1138	1138	499.826	0.439214	0.439214
142	1054	1054	1316.21	1.24878	1.24878
143	1424	1424	455.257	0.319703	0.319703
144	1096	1096	65.2451	0.0595302	0.0595302
145	1330	1330	3567.76	2.68253	2.68253
146	886	886	427.924	0.482984	0.482984
147	864	864	38.6014	0.0446776	0.0446776
148	713	713	421.337	0.590935	0.590935
149	2430	2430	8220.27	3.38283	3.38283
150	962	962	273.99	0.284813	0.284813
151	1268	1268	671.7	0.529732	0.529732
152	1298	1298	1161.25	0.894648	0.894648
153	310	310	37.6979	0.121606	0.121606
154	437	437	301.886	0.690814	0.690814
155	808	808	105.738	0.130864	0.130864
156	8524	8524	1996.48	0.234218	0.234218
157	8077	8077	1770.67	0.219223	0.219223
158	19056	19056	7596.73	0.398653	0.398653
159	6486	6486	6103.78	0.941071	0.941071
160	6962	6962	19358.6	2.78061	2.78061
161	12458	12458	5554.82	0.445884	0.445884
162	30196	30196	17085.5	0.565821	0.565821
163	861	861	0	0	0
164	12524	12524	9311.4	0.743484	0.743484
165	19642	19642	4315.23	0.219694	0.219694
166	26100	26100	23875.1	0.914755	0.914755
167	7514	7514	1082.28	0.144036	0.144036
168	6912	6912	0	0	0
169	1650	1650	4360.18	2.64253	2.64253
170	1073	1073	1974.66	1.84032	1.84032
171	1712	1712	650.43	0.379924	0.379924
172	1778	1778	784.916	0.44146	0.44146
173	10224	10224	7224.29	0.706601	0.706601
174	2794	2794	807.913	0.28916	0.28916
175	776	776	249.363	0.321344	0.321344
176	3753	3753	626.152	0.166841	0.166841
177	3969	3969	1993.34	0.502228	0.502228
178	4946	4946	1839.35	0.371886	0.371886
179	6399	6399	2108.24	0.329464	0.329464
180	7161	7161	12315.7	1.71983	1.71983
181	1517	1517	1039.67	0.685344	0.685344
182	2759	2759	1288.15	0.466891	0.466891
183	2367	2367	861.702	0.364048	0.364048
184	604	604	140.84	0.233178	0.233178
185	809	809	374.392	0.462784	0.462784
186	1206	1206	0	0	0
187	2380	2380	1145.05	0.481112	0.481112
188	934	934	853.467	0.913776	0.913776
189	735	735	372.09	0.506245	0.506245
190	1603	1603	907.18	0.565927	0.565927
191	585	585	1826.06	3.12148	3.12148
192	845	845	166.054	0.196514	0.196514
193	2857	2857	0	0	0
194	1218	1218	490.342	0.40258	0.40258
195	1078	1078	0	0	0
196	1120	1120	1008.95	0.900851	0.900851
197	1778	1778	379.651	0.213527	0.213527
198	1196	1196	384.092	0.321147	0.321147
199	1568	1568	905.192	0.577291	0.577291
200	2855	2855	724.425	0.253739	0.253739
201	290	290	94.2936	0.32515	0.32515
202	2057	2057	715.61	0.34789	0.34789
203	1182	1182	540.116	0.456951	0.456951
204	1041	1041	257.156	0.247028	0.247028
205	794	794	1041.65	1.3119	1.3119
206	802	802	99.2394	0.12374	0.12374
207	708	708	0	0	0
208	2179	2179	602.266	0.276396	0.276396
209	687	687	259.289	0.377422	0.377422
210	559	559	377.817	0.67588	0.67588
211	1649	1649	169.292	0.102664	0.102664
212	544	544	277.481	0.510075	0.510075
213	1138	1138	1371.1	1.20483	1.20483
214	518	518	96.6327	0.18655	0.18655
215	1201	1201	69.7539	0.0580798	0.0580798
216	682	682	545.37	0.799662	0.799662
217	1248	1248	751.784	0.602391	0.602391
218	687	687	1146.68	1.66911	1.66911
219	1205	1205	452.887	0.37584	0.37584
220	924	924	805.749	0.872023	0.872023
221	1431	1431	1234.27	0.862523	0.862523
222	912	912	153.627	0.16845	0.16845
223	585	585	425.439	0.727246	0.727246
224	823	823	138.16	0.167874	0.167874
225	1426	1426	670.548	0.47023	0.47023
226	640	640	646.383	1.00997	1.00997
227	974	974	211.476	0.217121	0.217121
228	1396	1396	1064.74	0.76271	0.76271
229	1113	1113	3451.84	3.10138	3.10138
230	663	663	115.334	0.173958	0.173958
231	2485	2485	1193.4	0.480241	0.480241
232	1118	1118	745.812	0.667095	0.667095
233	18795	18795	6938.35	0.369159	0.369159
234	1174	1174	0	0	0
235	1299	1299	859.038	0.661307	0.661307
236	1151	1151	83.8246	0.0728276	0.0728276
237	774	774	484.274	0.625678	0.625678
238	440	440	38.867	0.0883341	0.0883341
239	1160	1160	938.404	0.808969	0.808969
240	775	775	181.328	0.233971	0.233971
241	1084	1084	567.695	0.523704	0.523704
242	1098	1098	614.385	0.559549	0.559549
243	766	766	0	0	0
244	1160	1160	244.582	0.210847	0.210847
245	990	990	290.328	0.29326	0.29326
246	1524	1524	388.827	0.255136	0.255136
247	436	436	0	0	0
248	2615	2615	412.694	0.157818	0.157818
249	951	951	217.332	0.22853	0.22853
250	465	465	201.362	0.433036	0.433036
251	823	823	1492.42	1.81339	1.81339
252	765	765	292.972	0.38297	0.38297
253	436	436	0	0	0
254	1042	1042	341.601	0.327832	0.327832
255	625	625	205.973	0.329557	0.329557
256	2876	2876	8268.04	2.87484	2.87484
257	1900	1900	774.85	0.407816	0.407816
258	1492	1492	2400.81	1.60912	1.60912
259	1025	1025	752.426	0.734074	0.734074
260	1011	1011	0	0	0
261	1137	1137	3186.55	2.8026	2.8026
262	1041	1041	502.995	0.483184	0.483184
263	715	715	419.415	0.586595	0.586595
264	495	495	0	0	0
265	831	831	33.535	0.0403549	0.0403549
266	1059	1059	811.32	0.766119	0.766119
267	1881	1881	3900.9	2.07385	2.07385
268	1114	1114	420.613	0.37757	0.37757
269	949	949	265.692	0.279971	0.279971
270	682	682	4641	6.80498	6.80498
271	356	356	449.789	1.26345	1.26345
272	685	685	1033.2	1.50833	1.50833
273	375	375	658.853	1.75694	1.75694
274	846	846	170.514	0.201553	0.201553
275	785	785	55.9999	0.0713375	0.0713375
276	479	479	360.09	0.751754	0.751754
277	1706	1706	453.709	0.265949	0.265949
278	1438	1438	1175.3	0.817318	0.817318
279	916	916	0	0	0
280	1077	1077	510.835	0.474313	0.474313
281	931	931	3.67784	0.00395042	0.00395042
282	1475	1475	232.846	0.157862	0.157862
283	1864	1864	862.702	0.462823	0.462823
284	699	699	288.827	0.4132	0.4132
285	620	620	126.297	0.203704	0.203704
286	477	477	299.776	0.628462	0.628462
287	560	560	124.157	0.221709	0.221709
288	599	599	287.504	0.479973	0.479973
289	659	659	94.2718	0.143053	0.143053
290	951	951	342.04	0.359664	0.359664
291	1588	1588	832.694	0.524366	0.524366
292	672	672	109.134	0.162402	0.162402
293	1629	1629	581.606	0.357033	0.357033
294	728	728	0	0	0
295	968	968	74.8861	0.0773617	0.0773617
296	1967	1967	556.593	0.282965	0.282965
297	1723	1723	0	0	0
298	613	613	0	0	0
299	352	352	69.3354	0.196976	0.196976
300	772	772	342.399	0.443522	0.443522
301	1626	1626	259.705	0.15972	0.15972
302	1454	1454	105.738	0.0727221	0.0727221
303	954	954	1016.65	1.06567	1.06567
304	649	649	942.614	1.45241	1.45241
305	2827	2827	856.069	0.302819	0.302819
306	445	445	163.308	0.366984	0.366984
307	659	659	44.9365	0.0681889	0.0681889
308	843	843	327.956	0.389034	0.389034
309	709	709	0	0	0
310	968	968	202.267	0.208953	0.208953
311	382	382	0	0	0
312	1056	1056	495.066	0.468813	0.468813
313	718	718	525.714	0.732193	0.732193
314	1206	1206	0	0	0
315	1484	1484	256.716	0.172989	0.172989
316	2056	2056	382.308	0.185948	0.185948
317	597	597	105.738	0.177115	0.177115
318	803	803	105.652	0.131571	0.131571
319	374	374	105.738	0.282722	0.282722
320	1583	1583	4132.96	2.61084	2.61084
321	872	872	105.738	0.121259	0.121259
322	739	739	0	0	0
323	1928	1928	285.444	0.148052	0.148052
324	779	779	0	0	0
325	940	940	227.192	0.241694	0.241694
326	583	583	136.368	0.233907	0.233907
327	948	948	224.9	0.237236	0.237236
328	841	841	105.738	0.125729	0.125729
329	1193	1193	512.17	0.429313	0.429313
330	795	795	28.5033	0.0358532	0.0358532
331	2044	2044	752.087	0.367949	0.367949
332	567	567	295.887	0.521847	0.521847
333	896	896	163.418	0.182386	0.182386
334	1276	1276	210.488	0.164959	0.164959
335	1047	1047	363.181	0.346878	0.346878
336	1586	1586	1449	0.913617	0.913617
337	1109	1109	90.2055	0.0813395	0.0813395
338	1559	1559	395.15	0.253464	0.253464
339	761	761	321.44	0.422392	0.422392
340	558	558	0	0	0
341	1089	1089	100.944	0.0926945	0.0926945
342	793	793	483.749	0.610024	0.610024
343	945	945	157.597	0.16677	0.16677
344	1804	1804	758.965	0.420712	0.420712
345	2094	2094	2889.96	1.38012	1.38012
346	3696	3696	1398.68	0.378432	0.378432
347	367	367	105.738	0.288114	0.288114
348	3157	3157	7474.02	2.36744	2.36744
349	1322	1322	302.953	0.229163	0.229163
350	701	701	549.09	0.783295	0.783295
351	1387	1387	1653.36	1.19204	1.19204
352	534	534	0	0	0
353	1555	1555	334.08	0.214843	0.214843
354	740	740	1607.45	2.17223	2.17223
355	639	639	25.2383	0.0394966	0.0394966
356	706	706	83.3571	0.11807	0.11807
357	724	724	303.022	0.418539	0.418539
358	956	956	202.464	0.211783	0.211783
359	771	771	121.408	0.157468	0.157468
360	1985	1985	890.045	0.448386	0.448386
361	1749	1749	660.669	0.377741	0.377741
362	1533	1533	849.316	0.554022	0.554022
363	581	581	386.135	0.664604	0.664604
364	1289	1289	179.954	0.139608	0.139608
365	632	632	301.696	0.477368	0.477368
366	1412	1412	97.4019	0.0689815	0.0689815
367	2550	2550	1491.32	0.58483	0.58483
368	483	483	48.8969	0.101236	0.101236
369	1469	1469	0	0	0
370	338	338	61.1574	0.180939	0.180939
371	715	715	142.816	0.199743	0.199743
372	681	681	212.623	0.312222	0.312222
373	594	594	105.738	0.17801	0.17801
374	1817	1817	7563.09	4.16241	4.16241
375	1118	1118	221.069	0.197736	0.197736
376	986	986	73.0547	0.0740919	0.0740919
377	750	750	128.605	0.171474	0.171474
378	515	515	180.289	0.350076	0.350076
379	1205	1205	590.595	0.49012	0.49012
380	1014	1014	376.06	0.370868	0.370868
381	980	980	489.372	0.499359	0.499359
382	948	948	171.01	0.18039	0.18039
383	560	560	284.451	0.507949	0.507949
384	3432	3432	712.95	0.207736	0.207736
385	701	701	122.967	0.175416	0.175416
386	2336	2336	827.213	0.354115	0.354115
387	876	876	525.159	0.599497	0.599497
388	515	515	94.2333	0.182977	0.182977
389	1645	1645	729.749	0.443616	0.443616
390	1624	1624	0	0	0
391	3319	3319	3368.06	1.01478	1.01478
392	887	887	63.5542	0.0716508	0.0716508
393	1250	1250	565.389	0.452311	0.452311
394	778	778	178.173	0.229014	0.229014
395	522	522	189.43	0.362892	0.362892
396	654	654	113.808	0.174019	0.174019
397	2069	2069	385.893	0.186512	0.186512
398	495	495	45.5414	0.0920029	0.0920029
399	740	740	263.898	0.356619	0.356619
400	2271	2271	312.36	0.137543	0.137543
401	362	362	0	0	0
402	850	850	801.498	0.942939	0.942939
403	959	959	2310.53	2.40931	2.40931
404	1346	1346	635.026	0.471787	0.471787
405	976	976	89.3465	0.0915435	0.0915435
406	2237	2237	789.213	0.3528	0.3528
407	484	484	88.2877	0.182413	0.182413
408	1382	1382	5600.73	4.05263	4.05263
409	458	458	1011.33	2.20815	2.20815
410	1327	1327	209.079	0.157558	0.157558
411	757	757	822.299	1.08626	1.08626
412	460	460	150.488	0.327148	0.327148
413	4713	4713	1701.05	0.360928	0.360928
414	1077	1077	343.76	0.319183	0.319183
415	993	993	516.227	0.519866	0.519866
416	552	552	481.739	0.872715	0.872715
417	1702	1702	0	0	0
418	871	871	2557.31	2.93606	2.93606
419	911	911	0	0	0
420	1798	1798	1471.73	0.818537	0.818537
421	807	807	2725.39	3.37719	3.37719
422	1078	1078	0	0	0
423	777	777	171.02	0.220103	0.220103
424	1250	1250	2804.72	2.24377	2.24377
425	767	767	387.181	0.504799	0.504799
426	1705	1705	0	0	0
427	553	553	358.022	0.647418	0.647418
428	2563	2563	424.989	0.165817	0.165817
429	535	535	171.829	0.321176	0.321176
430	1025	1025	365.631	0.356713	0.356713
431	1147	1147	0	0	0
432	1804	1804	767.717	0.425564	0.425564
433	761	761	0	0	0
434	1763	1763	604.803	0.343053	0.343053
435	1254	1254	0	0	0
436	878	878	0	0	0
437	1222	1222	319.45	0.261416	0.261416
438	1020	1020	156.394	0.153327	0.153327
439	1115	1115	370.314	0.33212	0.33212
440	1099	1099	0	0	0
441	978	978	503.269	0.51459	0.51459
442	472	472	105.738	0.224021	0.224021
443	703	703	105.738	0.15041	0.15041
444	1625	1625	1208.7	0.743818	0.743818
445	1074	1074	590.345	0.54967	0.54967
446	1476	1476	528.69	0.358191	0.358191
447	1440	1440	530.366	0.36831	0.36831
448	835	835	0	0	0
449	832	832	0	0	0
450	899	899	1249.05	1.38938	1.38938
451	748	748	0	0	0
452	1780	1780	1087.53	0.61097	0.61097
453	1328	1328	321.953	0.242434	0.242434
454	622	622	333.996	0.536971	0.536971
455	1244	1244	271.927	0.218591	0.218591
456	907	907	188.671	0.208017	0.208017
457	559	559	0	0	0
458	746	746	298.05	0.399531	0.399531
459	745	745	205.882	0.276352	0.276352
460	872	872	231.725	0.26574	0.26574
461	795	795	515.025	0.64783	0.64783
462	1191	1191	714.454	0.599877	0.599877
463	687	687	0	0	0
464	1029	1029	320.72	0.311681	0.311681
465	535	535	0	0	0
466	639	639	69.3065	0.108461	0.108461
467	769	769	0	0	0
468	2280	2280	908.961	0.398667	0.398667
469	2526	2526	0	0	0
470	1035	1035	247.907	0.239524	0.239524
471	1275	1275	418.75	0.328431	0.328431
472	641	641	257.374	0.401519	0.401519
473	469	469	44.0097	0.0938373	0.0938373
474	1883	1883	1605.21	0.852474	0.852474
475	1044	1044	268.932	0.257598	0.257598
476	453	453	135.838	0.299862	0.299862
477	940	940	59.487	0.063284	0.063284
478	695	695	0	0	0
479	495	495	324.327	0.655206	0.655206
480	495	495	105.738	0.213612	0.213612
481	964	964	202.27	0.209824	0.209824
482	2681	2681	825.026	0.307731	0.307731
483	726	726	0	0	0
484	773	773	633.271	0.819238	0.819238
485	2017	2017	0	0	0
486	1040	1040	64.5129	0.0620317	0.0620317
487	408	408	0	0	0
488	2851	2851	659.514	0.231327	0.231327
489	675	675	148.759	0.220384	0.220384
490	890	890	0	0	0
491	1197	1197	84.1927	0.0703364	0.0703364
492	808	808	839.932	1.03952	1.03952
493	779	779	324.57	0.41665	0.41665
494	995	995	251.402	0.252665	0.252665
495	2225	2225	1437.02	0.64585	0.64585
496	818	818	380.375	0.465006	0.465006
497	1323	1323	0	0	0
498	1893	1893	369.331	0.195103	0.195103
499	1880	1880	1842.39	0.979993	0.979993
500	1162	1162	238.569	0.205309	0.205309
501	724	724	115.193	0.159107	0.159107
502	1294	1294	572.493	0.442421	0.442421
503	910	910	288.224	0.31673	0.31673
504	1429	1429	2553.37	1.78682	1.78682
505	1777	1777	270.181	0.152043	0.152043
506	401	401	1378.18	3.43687	3.43687
507	749	749	182.82	0.244086	0.244086
508	2359	2359	800.143	0.339187	0.339187
509	739	739	874.171	1.18291	1.18291
510	1619	1619	329.995	0.203827	0.203827
511	1432	1432	0	0	0
512	1032	1032	534.239	0.517673	0.517673
513	2097	2097	772.617	0.368439	0.368439
514	962	962	610.029	0.634126	0.634126
515	462	462	0	0	0
516	731	731	173.514	0.237365	0.237365
517	1520	1520	542.325	0.356793	0.356793
518	579	579	0	0	0
519	927	927	321.193	0.346486	0.346486
520	1944	1944	467.042	0.240248	0.240248
521	2495	2495	430.117	0.172392	0.172392
522	7583	7583	2702.72	0.356419	0.356419
523	951	951	0	0	0
524	1071	1071	319.376	0.298204	0.298204
525	1185	1185	600.844	0.507042	0.507042
526	2340	2340	445.13	0.190226	0.190226
527	726	726	268.137	0.369335	0.369335
528	1261	1261	0	0	0
529	830	830	174.241	0.209929	0.209929
530	839	839	616.81	0.735173	0.735173
531	1118	1118	668.115	0.597598	0.597598
532	3994	3994	9406.63	2.35519	2.35519
533	384	384	1669.65	4.34804	4.34804
534	1454	1454	398.301	0.273935	0.273935
535	1745	1745	0	0	0
536	590	590	55.1102	0.0934071	0.0934071
537	1101	1101	429.549	0.390145	0.390145
538	900	900	0	0	0
539	1444	1444	269.767	0.186819	0.186819
540	1136	1136	81.4255	0.0716774	0.0716774
541	766	766	0	0	0
542	675	675	485.004	0.718524	0.718524
543	571	571	201.381	0.35268	0.35268
544	637	637	441.756	0.693495	0.693495
545	576	576	0	0	0
546	2281	2281	0	0	0
547	701	701	0	0	0
548	1690	1690	0	0	0
549	759	759	192.986	0.254263	0.254263
550	3216	3216	880.052	0.273648	0.273648
551	955	955	0	0	0
552	1033	1033	546.443	0.528987	0.528987
553	756	756	452.772	0.598904	0.598904
554	1256	1256	633.406	0.504304	0.504304
555	744	744	438.791	0.589772	0.589772
556	2087	2087	555.277	0.266065	0.266065
557	1319	1319	0	0	0
558	912	912	309.343	0.339192	0.339192
559	852	852	589.727	0.692168	0.692168
560	515	515	128.81	0.250117	0.250117
561	1574	1574	402.621	0.255795	0.255795
562	949	949	179.327	0.188964	0.188964
563	2363	2363	623.224	0.263743	0.263743
564	934	934	814.269	0.871808	0.871808
565	828	828	5444.1	6.575	6.575
566	2174	2174	0	0	0
567	980	980	346.623	0.353697	0.353697
568	1366	1366	1054.99	0.772322	0.772322
569	429	429	0	0	0
570	1021	1021	526.298	0.515473	0.515473
571	859	859	4.401	0.0051234	0.0051234
572	480	480	146.446	0.305096	0.305096
573	844	844	871.611	1.03271	1.03271
574	511	511	0	0	0
575	744	744	202.154	0.271712	0.271712
576	828	828	0	0	0
577	981	981	0	0	0
578	702	702	1853.62	2.64048	2.64048
579	822	822	105.738	0.128635	0.128635
580	1106	1106	0	0	0
581	680	680	0	0	0
582	1000	1000	426.678	0.426678	0.426678
583	864	864	380.296	0.440158	0.440158
584	533	533	448.615	0.84168	0.84168
585	1684	1684	822.091	0.488178	0.488178
586	1348	1348	564.721	0.418933	0.418933
587	924	924	213.041	0.230564	0.230564
588	709	709	306.947	0.432929	0.432929
589	817	817	601.111	0.735754	0.735754
590	1241	1241	315.375	0.25413	0.25413
591	1079	1079	0	0	0
592	1684	1684	575.186	0.341559	0.341559
593	816	816	3218.85	3.94467	3.94467
594	1014	1014	225.689	0.222573	0.222573
595	755	755	266.609	0.353124	0.353124
596	487	487	0	0	0
597	2508	2508	685.886	0.273479	0.273479
598	1508	1508	3815.1	2.52991	2.52991
599	1541	1541	630.667	0.409258	0.409258
600	635	635	0	0	0
601	3845	3845	997.178	0.259344	0.259344
602	905	905	819.494	0.905518	0.905518
603	703	703	0	0	0
604	347	347	583.607	1.68186	1.68186
605	4150	4150	2010.14	0.48437	0.48437
606	650	650	0	0	0
607	773	773	3324.46	4.30073	4.30073
608	4195	4195	2324.58	0.554131	0.554131
609	1525	1525	1046.73	0.686381	0.686381
610	560	560	0	0	0
611	6377	6377	18827.6	2.95243	2.95243
612	5742	5742	2437.24	0.424459	0.424459
613	5111	5111	10640	2.08179	2.08179
614	4422	4422	0	0	0
615	836	836	0	0	0
616	5542	5542	9943.63	1.79423	1.79423
617	3260	3260	2634.95	0.808267	0.808267
618	341	341	784.685	2.30113	2.30113
619	1068	1068	281.004	0.263112	0.263112
620	728	728	103.385	0.142013	0.142013
621	23606	23606	9410.7	0.398657	0.398657
622	3796	3796	1119.45	0.294902	0.294902
623	1787	1787	697.645	0.3904	0.3904
624	10492	10492	5156.62	0.491481	0.491481
625	4852	4852	11459	2.36172	2.36172
626	1060	1060	4534.45	4.27778	4.27778
627	550	550	490.771	0.892311	0.892311
628	1169	1169	0	0	0
629	834	834	484.521	0.58096	0.58096
630	1006	1006	250.136	0.248644	0.248644
631	1174	1174	135.583	0.115488	0.115488
632	408	408	1431.6	3.50883	3.50883
633	533	533	0	0	0
634	1962	1962	317.214	0.161679	0.161679
635	2469	2469	3217.18	1.30303	1.30303
636	892	892	105.738	0.11854	0.11854
637	447	447	132.861	0.297228	0.297228
638	907	907	137.919	0.152061	0.152061
639	711	711	422.952	0.59487	0.59487
640	571	571	1797.26	3.14757	3.14757
641	2275	2275	463.049	0.203538	0.203538
642	786	786	439.319	0.55893	0.55893
643	1024	1024	0	0	0
644	1554	1554	554.867	0.357057	0.357057
645	1016	1016	362.05	0.356349	0.356349
646	329	329	1754.73	5.33351	5.33351
647	1396	1396	0	0	0
648	716	716	193.01	0.269566	0.269566
649	610	610	81.064	0.132892	0.132892
650	1946	1946	396.108	0.20355	0.20355
651	1009	1009	330.226	0.327281	0.327281
652	1062	1062	433.722	0.408401	0.408401
653	418	418	320.998	0.767938	0.767938
654	2075	2075	696.565	0.335694	0.335694
655	1065	1065	1204.57	1.13105	1.13105
656	2767	2767	8314.63	3.00493	3.00493
657	1897	1897	872.861	0.460127	0.460127
658	1049	1049	165.881	0.158133	0.158133
659	799	799	607.731	0.760614	0.760614
660	726	726	0	0	0
661	2304	2304	1366.73	0.593197	0.593197
662	4385	4385	257.001	0.058609	0.058609
663	768	768	2106.26	2.74253	2.74253
664	7961	7961	1594.99	0.200351	0.200351
665	2903	2903	795.188	0.27392	0.27392
666	5968	5968	18546.8	3.1077	3.1077
667	5012	5012	273.113	0.0544917	0.0544917
668	1215	1215	3074.19	2.53019	2.53019
669	393	393	284.533	0.724001	0.724001
670	2017	2017	805.61	0.39941	0.39941
671	1236	1236	611.185	0.494486	0.494486
672	1063	1063	467.818	0.440093	0.440093
673	619	619	5242.75	8.46972	8.46972
674	1015	1015	613.505	0.604438	0.604438
675	1674	1674	992.363	0.59281	0.59281
676	761	761	132.945	0.174698	0.174698
677	1589	1589	114.483	0.072047	0.072047
678	1180	1180	361.436	0.306302	0.306302
679	576	576	428.47	0.743871	0.743871
680	496	496	250.093	0.504221	0.504221
681	627	627	279.921	0.446444	0.446444
682	1441	1441	697.356	0.483939	0.483939
683	1266	1266	2148.1	1.69676	1.69676
684	645	645	196.544	0.304719	0.304719
685	559	559	337.09	0.603023	0.603023
686	1313	1313	5490.87	4.18193	4.18193
687	2132	2132	0	0	0
688	486	486	364.402	0.749799	0.749799
689	453	453	0	0	0
690	1164	1164	581.442	0.499521	0.499521
691	497	497	3432.74	6.90692	6.90692
692	820	820	435.625	0.53125	0.53125
693	503	503	935.066	1.85898	1.85898
694	449	449	0	0	0
695	1319	1319	617.651	0.468272	0.468272
696	3125	3125	4119.42	1.31821	1.31821
697	771	771	86.5635	0.112274	0.112274
698	740	740	688.653	0.930613	0.930613
699	1020	1020	271.327	0.266007	0.266007
700	932	932	144.379	0.154914	0.154914
701	1591	1591	356.012	0.223766	0.223766
702	620	620	135.401	0.218388	0.218388
703	1944	1944	535.201	0.275309	0.275309
704	867	867	198.001	0.228375	0.228375
705	1490	1490	1666.87	1.11871	1.11871
706	541	541	87.1461	0.161083	0.161083
707	4337	4337	1104.01	0.254555	0.254555
708	724	724	88.4829	0.122214	0.122214
709	1027	1027	224.978	0.219064	0.219064
710	1931	1931	453.259	0.234728	0.234728
711	2222	2222	832.988	0.374882	0.374882
712	750	750	280.783	0.374378	0.374378
713	769	769	1412.3	1.83654	1.83654
714	726	726	96.7587	0.133276	0.133276
715	947	947	3731.78	3.94063	3.94063
716	1131	1131	340.186	0.300784	0.300784
717	877	877	186.418	0.212563	0.212563
718	1394	1394	208.886	0.149846	0.149846
719	1241	1241	6500.42	5.23805	5.23805
720	985	985	1353.28	1.37388	1.37388
721	720	720	201.486	0.279841	0.279841
722	1693	1693	675.774	0.399158	0.399158
723	1036	1036	0	0	0
724	1290	1290	146.966	0.113927	0.113927
725	506	506	176.787	0.349381	0.349381
726	1261	1261	0	0	0
727	2368	2368	750.964	0.31713	0.31713
728	1514	1514	211.476	0.13968	0.13968
729	987	987	1748.29	1.77131	1.77131
730	1153	1153	87.2066	0.0756345	0.0756345
731	1204	1204	713.138	0.592307	0.592307
732	1831	1831	1829.41	0.999129	0.999129
733	1490	1490	708.558	0.475542	0.475542
734	750	750	0	0	0
735	1434	1434	522.948	0.364678	0.364678
736	782	782	0	0	0
737	696	696	105.738	0.151922	0.151922
738	1318	1318	629.772	0.477824	0.477824
739	1723	1723	603.742	0.350402	0.350402
740	860	860	600.765	0.698564	0.698564
741	936	936	539.18	0.576047	0.576047
742	724	724	0	0	0
743	3052	3052	1586.48	0.519817	0.519817
744	515	515	90.2908	0.175322	0.175322
745	1128	1128	280.633	0.248788	0.248788
746	760	760	264.555	0.348098	0.348098
747	1967	1967	330.783	0.168166	0.168166
748	608	608	474.431	0.780315	0.780315
749	1518	1518	413.276	0.272251	0.272251
750	645	645	1994.48	3.09221	3.09221
751	710	710	0	0	0
752	383	383	245.633	0.641339	0.641339
753	1165	1165	543.165	0.466236	0.466236
754	832	832	1320.61	1.58727	1.58727
755	800	800	441.983	0.552479	0.552479
756	837	837	0	0	0
757	1028	1028	98.6653	0.0959779	0.0959779
758	823	823	382.707	0.465015	0.465015
759	836	836	942.758	1.1277	1.1277
760	1408	1408	516.413	0.366771	0.366771
761	650	650	283.388	0.435982	0.435982
762	530	530	729.069	1.3756	1.3756
763	1902	1902	4267.11	2.24349	2.24349
764	920	920	307.917	0.334692	0.334692
765	664	664	0	0	0
766	1040	1040	787.957	0.757651	0.757651
767	1503	1503	759.566	0.505367	0.505367
768	1128	1128	1433.36	1.27071	1.27071
769	1933	1933	9089.22	4.70213	4.70213
770	1091	1091	3809.9	3.49212	3.49212
771	1833	1833	460.61	0.251287	0.251287
772	1204	1204	532.249	0.442068	0.442068
773	723	723	86.5219	0.119671	0.119671
774	1706	1706	490.349	0.287426	0.287426
775	682	682	83.6873	0.122709	0.122709
776	459	459	4572.82	9.96257	9.96257
777	905	905	220.657	0.24382	0.24382
778	359	359	76.3152	0.212577	0.212577
779	1620	1620	486.507	0.300313	0.300313
780	1932	1932	880.173	0.455576	0.455576
781	1385	1385	618.782	0.446774	0.446774
782	319	319	0	0	0
783	540	540	712.256	1.31899	1.31899
784	1438	1438	3979.55	2.76742	2.76742
785	673	673	0	0	0
786	2330	2330	1130.4	0.48515	0.48515
787	2003	2003	394.363	0.196886	0.196886
788	3412	3412	1133.4	0.332181	0.332181
789	4357	4357	1743.11	0.400072	0.400072
790	3151	3151	0	0	0
791	1380	1380	246.846	0.178874	0.178874
792	1406	1406	3474.99	2.47155	2.47155
793	1153	1153	207.641	0.180088	0.180088
794	808	808	3495.9	4.32661	4.32661
795	635	635	0	0	0
796	568	568	278.403	0.490147	0.490147
797	762	762	313.396	0.411281	0.411281
798	41362	41362	25326.2	0.612306	0.612306
799	1277	1277	6732.53	5.27215	5.27215
800	1245	1245	1360.63	1.09288	1.09288
801	407	407	719.665	1.76822	1.76822
802	1142	1142	211.476	0.18518	0.18518
803	1252	1252	206.485	0.164924	0.164924
804	1035	1035	2003.71	1.93595	1.93595
805	1450	1450	427.072	0.294532	0.294532
806	579	579	606.608	1.04768	1.04768
807	837	837	561.791	0.671195	0.671195
808	371	371	913.391	2.46197	2.46197
809	728	728	99.3664	0.136492	0.136492
810	613	613	401.611	0.655157	0.655157
811	1212	1212	664.285	0.54809	0.54809
812	726	726	96.667	0.13315	0.13315
813	594	594	29.6596	0.0499319	0.0499319
814	660	660	127.584	0.193309	0.193309
815	759	759	211.476	0.278625	0.278625
816	2223	2223	852.685	0.383574	0.383574
817	665	665	374.821	0.56364	0.56364
818	631	631	137.203	0.217437	0.217437
819	359	359	124.724	0.347422	0.347422
820	909	909	235.165	0.258707	0.258707
821	652	652	175.516	0.269197	0.269197
822	2069	2069	1044.01	0.504597	0.504597
823	1359	1359	400.65	0.294813	0.294813
824	650	650	488.835	0.752054	0.752054
825	458	458	398.13	0.869279	0.869279
826	601	601	264.369	0.439881	0.439881
827	1052	1052	215.221	0.204582	0.204582
828	1711	1711	2047.41	1.19662	1.19662
829	776	776	190.686	0.245729	0.245729
830	1186	1186	663.469	0.559417	0.559417
831	3310	3310	2093.31	0.632421	0.632421
832	1879	1879	644.662	0.343088	0.343088
833	1310	1310	283.179	0.216168	0.216168
834	736	736	193.025	0.262262	0.262262
835	634	634	139.291	0.219702	0.219702
836	1087	1087	3153.28	2.9009	2.9009
837	2129	2129	577.522	0.271265	0.271265
838	725	725	50.0955	0.0690973	0.0690973
839	2546	2546	386.861	0.151948	0.151948
840	3199	3199	868.985	0.271643	0.271643
841	1036	1036	311.54	0.300714	0.300714
842	380	380	179.483	0.472323	0.472323
843	659	659	211.477	0.320905	0.320905
844	1612	1612	742.356	0.460519	0.460519
845	324	324	343.719	1.06086	1.06086
846	1727	1727	432.588	0.250485	0.250485
847	1286	1286	1094.44	0.851042	0.851042
848	727	727	387.71	0.533302	0.533302
849	492	492	135.168	0.274732	0.274732
850	640	640	348.374	0.544334	0.544334
851	1642	1642	1254.77	0.764173	0.764173
852	803	803	55.1769	0.0687135	0.0687135
853	2823	2823	625.287	0.221497	0.221497
854	2706	2706	4919.28	1.81792	1.81792
855	1017	1017	796.951	0.78363	0.78363
856	429	429	13.7919	0.032149	0.032149
857	1938	1938	1730.81	0.89309	0.89309
858	1119	1119	773.783	0.691495	0.691495
859	884	884	1781.04	2.01475	2.01475
860	1491	1491	261.129	0.175137	0.175137
861	1082	1082	315.041	0.291166	0.291166
862	1045	1045	295.305	0.282589	0.282589
863	971	971	538.285	0.554361	0.554361
864	2154	2154	1200.8	0.557473	0.557473
865	915	915	0	0	0
866	1794	1794	1252.71	0.698275	0.698275
867	802	802	130.397	0.16259	0.16259
868	2769	2769	1509.15	0.545016	0.545016
869	5965	5965	1386.46	0.232432	0.232432
870	11190	11190	4292.3	0.383583	0.383583
871	669	669	349.52	0.522451	0.522451
872	7457	7457	2191.08	0.293829	0.293829
873	1218	1218	421.737	0.346254	0.346254
874	13684	13684	4010.27	0.293062	0.293062
875	1558	1558	408.082	0.261927	0.261927
876	7188	7188	1944.42	0.270509	0.270509
877	4357	4357	1873.35	0.429963	0.429963
878	8394	8394	2534.37	0.301927	0.301927
879	804	804	666.58	0.82908	0.82908
880	1015	1015	0	0	0
881	2507	2507	928.944	0.37054	0.37054
882	596	596	879.265	1.47528	1.47528
883	16274	16274	4910.49	0.301739	0.301739
884	20877	20877	7845.4	0.375792	0.375792
885	1057	1057	300.415	0.284215	0.284215
886	475	475	273.317	0.575405	0.575405
887	1860	1860	2440.68	1.31219	1.31219
888	2564	2564	584.009	0.227772	0.227772
889	3118	3118	1132.46	0.363199	0.363199
890	896	896	201.825	0.225251	0.225251
891	505	505	390.796	0.773853	0.773853
892	986	986	230.526	0.233799	0.233799
893	1231	1231	593.396	0.482044	0.482044
894	893	893	105.738	0.118408	0.118408
895	953	953	335.718	0.352275	0.352275
896	2458	2458	1462.06	0.594819	0.594819
897	621	621	913.816	1.47152	1.47152
898	1815	1815	827.991	0.456193	0.456193
899	2826	2826	519.735	0.183912	0.183912
900	1070	1070	439.841	0.411067	0.411067
901	6372	6372	2119.49	0.332626	0.332626
902	2921	2921	7431.03	2.544	2.544
903	11326	11326	2830.28	0.249892	0.249892
904	460	460	0	0	0
905	1778	1778	1200.03	0.674934	0.674934
906	1430	1430	0	0	0
907	492	492	196.1	0.398577	0.398577
908	1120	1120	681.321	0.608323	0.608323
909	1636	1636	7648.27	4.67498	4.67498
910	568	568	0	0	0
911	1266	1266	335.097	0.264689	0.264689
912	1659	1659	225.113	0.135692	0.135692
913	2503	2503	474.044	0.18939	0.18939
914	1051	1051	344.196	0.327494	0.327494
915	3861	3861	1024.34	0.265304	0.265304
916	710	710	147.242	0.207382	0.207382
917	1636	1636	1150.25	0.703087	0.703087
918	1574	1574	529.356	0.336312	0.336312
919	1150	1150	493.374	0.429021	0.429021
920	1440	1440	403.396	0.280136	0.280136
921	1892	1892	646.771	0.341845	0.341845
922	1217	1217	0	0	0
923	706	706	229.552	0.325145	0.325145
924	1020	1020	546.36	0.535647	0.535647
925	4705	4705	1678.19	0.356682	0.356682
926	589	589	219.751	0.373092	0.373092
927	1708	1708	0	0	0
928	2467	2467	537.474	0.217866	0.217866
929	1167	1167	309.182	0.264938	0.264938
930	943	943	135.073	0.143238	0.143238
931	604	604	198.763	0.329078	0.329078
932	1334	1334	1120.5	0.839957	0.839957
933	773	773	166.127	0.214912	0.214912
934	2031	2031	1045.25	0.51465	0.51465
935	1556	1556	3277.93	2.10664	2.10664
936	1105	1105	141.597	0.128142	0.128142
937	1702	1702	266.583	0.156629	0.156629
938	887	887	236.531	0.266664	0.266664
939	1207	1207	1167.51	0.967285	0.967285
940	1947	1947	306.664	0.157506	0.157506
941	878	878	218.831	0.249239	0.249239
942	1083	1083	312.041	0.288126	0.288126
943	3513	3513	1580.93	0.450022	0.450022
944	840	840	620.994	0.739279	0.739279
945	898	898	337.462	0.375793	0.375793
946	950	950	414.696	0.436522	0.436522
947	1229	1229	381.642	0.31053	0.31053
948	766	766	431.603	0.563451	0.563451
949	2062	2062	106.21	0.0515083	0.0515083
950	834	834	476.376	0.571194	0.571194
951	488	488	884.512	1.81252	1.81252
952	939	939	0	0	0
953	1089	1089	0	0	0
954	1685	1685	421.17	0.249953	0.249953
955	468	468	160.195	0.342297	0.342297
956	451	451	71.3557	0.158217	0.158217
957	657	657	73.3459	0.111638	0.111638
958	1099	1099	105.738	0.0962128	0.0962128
959	1221	1221	858.665	0.703247	0.703247
960	2318	2318	0	0	0
961	2095	2095	1157.55	0.552531	0.552531
962	564	564	313.264	0.555434	0.555434
963	756	756	408.298	0.540077	0.540077
964	589	589	260.415	0.44213	0.44213
965	1514	1514	461.801	0.30502	0.30502
966	1096	1096	921.853	0.841107	0.841107
967	1727	1727	498.183	0.288467	0.288467
968	1549	1549	337.506	0.217886	0.217886
969	853	853	53.967	0.0632673	0.0632673
970	680	680	256.154	0.376697	0.376697
971	619	619	451.032	0.728647	0.728647
972	832	832	96.5829	0.116085	0.116085
973	812	812	1934.72	2.38265	2.38265
974	1074	1074	295.44	0.275084	0.275084
975	1032	1032	477.058	0.462266	0.462266
976	949	949	390.44	0.411422	0.411422
977	611	611	250.75	0.410392	0.410392
978	1840	1840	893.582	0.485642	0.485642
979	1381	1381	454.316	0.328976	0.328976
980	831	831	0	0	0
981	1682	1682	518.144	0.308052	0.308052
982	1457	1457	279.343	0.191725	0.191725
983	895	895	370.702	0.414193	0.414193
984	501	501	221.378	0.441872	0.441872
985	329	329	556.36	1.69106	1.69106
986	1252	1252	325.466	0.259957	0.259957
987	1541	1541	0	0	0
988	1287	1287	0	0	0
989	1964	1964	1789.57	0.911187	0.911187
990	971	971	640.303	0.659426	0.659426
991	1047	1047	1076.47	1.02815	1.02815
992	900	900	6399.92	7.11103	7.11103
993	1063	1063	1635.36	1.53844	1.53844
994	548	548	0	0	0
995	643	643	372.757	0.579715	0.579715
996	526	526	240.69	0.457585	0.457585
997	530	530	0	0	0
998	754	754	627.21	0.831843	0.831843
999	879	879	958.843	1.09083	1.09083
1000	646	646	278.737	0.431482	0.431482
1001	822	822	278.461	0.33876	0.33876
1002	2539	2539	861.167	0.339176	0.339176
1003	505	505	0	0	0
1004	3841	3841	5194.49	1.35238	1.35238
1005	545	545	166.871	0.306185	0.306185
1006	15062	15062	49739.7	3.30233	3.30233
1007	6641	6641	2465.77	0.371295	0.371295
1008	663	663	344.888	0.520193	0.520193
1009	5213	5213	15199.5	2.91569	2.91569
1010	990	990	510.813	0.515973	0.515973
1011	676	676	166.44	0.246213	0.246213
1012	1366	1366	696.61	0.509963	0.509963
1013	1888	1888	726.301	0.384693	0.384693
1014	727	727	98.4043	0.135357	0.135357
1015	734	734	1945.04	2.64992	2.64992
1016	1114	1114	662.015	0.594269	0.594269
1017	532	532	172.553	0.324347	0.324347
1018	1599	1599	532.808	0.333213	0.333213
1019	605	605	244.019	0.403337	0.403337
1020	583	583	183.99	0.315591	0.315591
1021	919	919	182.123	0.198175	0.198175
1022	646	646	292.288	0.452458	0.452458
1023	684	684	230.004	0.336263	0.336263
1024	456	456	70.7768	0.155212	0.155212
1025	1542	1542	315.885	0.204854	0.204854
1026	1261	1261	2112.1	1.67494	1.67494
1027	1262	1262	801.686	0.63525	0.63525
1028	1496	1496	0	0	0
1029	935	935	388.926	0.415964	0.415964
1030	620	620	3228.8	5.20774	5.20774
1031	1117	1117	563.815	0.504758	0.504758
1032	300	300	205.271	0.684238	0.684238
1033	1598	1598	570.634	0.357093	0.357093
1034	616	616	191.249	0.310469	0.310469
1035	712	712	0	0	0
1036	832	832	78.2181	0.0940121	0.0940121
1037	1091	1091	505.857	0.463664	0.463664
1038	1505	1505	195.845	0.13013	0.13013
1039	3289	3289	962.898	0.292763	0.292763
1040	802	802	263.525	0.328585	0.328585
1041	1230	1230	0	0	0
1042	5385	5385	2171.12	0.403178	0.403178
1043	4530	4530	10191.5	2.24979	2.24979
1044	56634	56634	14776.3	0.260909	0.260909
1045	30431	30431	65437.4	2.15035	2.15035
1046	1317	1317	6969.68	5.29209	5.29209
1047	1295	1295	437.379	0.337744	0.337744
1048	885	885	339.065	0.383124	0.383124
1049	1754	1754	361.143	0.205897	0.205897
1050	1224	1224	320.051	0.261479	0.261479
1051	2060	2060	1395.34	0.677349	0.677349
1052	1760	1760	0	0	0
1053	2547	2547	831.636	0.326516	0.326516
1054	1677	1677	585.182	0.348946	0.348946
1055	943	943	408.196	0.43287	0.43287
1056	636	636	0	0	0
1057	968	968	662.333	0.684228	0.684228
1058	1035	1035	578.444	0.558883	0.558883
1059	960	960	3053.25	3.18047	3.18047
1060	695	695	91.946	0.132296	0.132296
1061	651	651	326.172	0.501031	0.501031
1062	2642	2642	740.167	0.280154	0.280154
1063	805	805	0	0	0
1064	578	578	456.788	0.790291	0.790291
1065	1883	1883	1161.87	0.617032	0.617032
1066	1166	1166	227.385	0.195013	0.195013
1067	1611	1611	424.324	0.263391	0.263391
1068	1021	1021	629.678	0.616727	0.616727
1069	1395	1395	363.403	0.260504	0.260504
1070	945	945	0	0	0
1071	731	731	307.867	0.421158	0.421158
1072	1113	1113	321.57	0.288922	0.288922
1073	689	689	349.612	0.50742	0.50742
1074	762	762	0	0	0
1075	874	874	51.0825	0.0584468	0.0584468
1076	1497	1497	763.74	0.51018	0.51018
1077	642	642	0	0	0
1078	484	484	0	0	0
1079	631	631	253.615	0.401926	0.401926
1080	2447	2447	0	0	0
1081	488	488	0	0	0
1082	636	636	230.339	0.362168	0.362168
1083	490	490	0	0	0
1084	1411	1411	0	0	0
1085	2296	2296	679.119	0.295783	0.295783
1086	839	839	0	0	0
1087	1493	1493	789.032	0.528488	0.528488
1088	4452	4452	2195.59	0.493169	0.493169
1089	2218	2218	1268.86	0.572073	0.572073
1090	3895	3895	614.603	0.157793	0.157793
1091	2040	2040	314.547	0.15419	0.15419
1092	2568	2568	0	0	0
1093	2351	2351	0	0	0
1094	3184	3184	2190.86	0.688085	0.688085
1095	1619	1619	0	0	0
1096	2437	2437	736.774	0.302328	0.302328
1097	4354	4354	0	0	0
1098	1645	1645	243.758	0.148181	0.148181
1099	4145	4145	0	0	0
1100	1662	1662	1467.04	0.882696	0.882696
1101	1320	1320	2673.37	2.02528	2.02528
1102	841	841	619.519	0.736645	0.736645
1103	878	878	0	0	0
1104	1482	1482	7305.25	4.92932	4.92932
1105	355	355	0	0	0
1106	642	642	0	0	0
1107	470	470	438.476	0.932927	0.932927
1108	1719	1719	0	0	0
1109	505	505	0	0	0
1110	831	831	0	0	0
1111	2211	2211	2525.45	1.14222	1.14222
1112	701	701	0	0	0
1113	816	816	0	0	0
1114	1360	1360	375.496	0.2761	0.2761
1115	786	786	1318.88	1.67796	1.67796
1116	601	601	0	0	0
1117	994	994	302.502	0.304328	0.304328
1118	718	718	1763.69	2.45639	2.45639
1119	535	535	0	0	0
1120	443	443	134.584	0.303802	0.303802
1121	1165	1165	633.501	0.543778	0.543778
1122	1342	1342	513.057	0.382308	0.382308
1123	1306	1306	585.325	0.448181	0.448181
1124	1000	1000	721.588	0.721588	0.721588
1125	609	609	839.531	1.37854	1.37854
1126	1173	1173	187.525	0.159868	0.159868
1127	835	835	0	0	0
1128	1020	1020	2771.02	2.71669	2.71669
1129	588	588	166.895	0.283836	0.283836
1130	583	583	0	0	0
1131	362	362	552.412	1.526	1.526
1132	1001	1001	257.49	0.257233	0.257233
1133	749	749	90.3984	0.120692	0.120692
1134	1058	1058	702.378	0.663873	0.663873
1135	2556	2556	1072.36	0.419545	0.419545
1136	1017	1017	584.985	0.575207	0.575207
1137	941	941	143.696	0.152706	0.152706
1138	1455	1455	105.738	0.0726721	0.0726721
1139	686	686	125.966	0.183624	0.183624
1140	608	608	3.18895	0.00524498	0.00524498
1141	2882	2882	703.369	0.244056	0.244056
1142	499	499	379.717	0.760956	0.760956
1143	1089	1089	261.617	0.240236	0.240236
1144	2306	2306	1314.84	0.570184	0.570184
1145	1385	1385	388.536	0.280531	0.280531
1146	862	862	466.893	0.541639	0.541639
1147	1213	1213	525.129	0.432918	0.432918
1148	681	681	98.7831	0.145056	0.145056
1149	730	730	630.741	0.864029	0.864029
1150	416	416	734.81	1.76637	1.76637
1151	741	741	172.606	0.232937	0.232937
1152	1016	1016	299.771	0.29505	0.29505
1153	1974	1974	3035.34	1.53766	1.53766
1154	1975	1975	420.985	0.213157	0.213157
1155	1006	1006	678.224	0.674179	0.674179
1156	656	656	101.372	0.15453	0.15453
1157	1267	1267	422.953	0.333822	0.333822
1158	1095	1095	125.047	0.114198	0.114198
1159	1606	1606	971.075	0.604655	0.604655
1160	1599	1599	667.638	0.417535	0.417535
1161	585	585	845.907	1.44599	1.44599
1162	661	661	3429.68	5.18863	5.18863
1163	934	934	0	0	0
1164	869	869	1518.81	1.74777	1.74777
1165	1069	1069	264.963	0.247861	0.247861
1166	2557	2557	641.613	0.250924	0.250924
1167	1699	1699	269.513	0.15863	0.15863
1168	1017	1017	422.953	0.415883	0.415883
1169	434	434	768.263	1.77019	1.77019
1170	667	667	315.838	0.47352	0.47352
1171	1913	1913	3041.64	1.58999	1.58999
1172	638	638	215.864	0.338345	0.338345
1173	865	865	237.048	0.274044	0.274044
1174	797	797	6315.03	7.9235	7.9235
1175	664	664	0	0	0
1176	1069	1069	146.409	0.136959	0.136959
1177	2258	2258	918.241	0.406661	0.406661
1178	751	751	349.131	0.464888	0.464888
1179	1473	1473	105.738	0.071784	0.071784
1180	677	677	165.924	0.245087	0.245087
1181	885	885	961.391	1.08632	1.08632
1182	1123	1123	164.101	0.146127	0.146127
1183	981	981	211.539	0.215637	0.215637
1184	821	821	0	0	0
1185	1317	1317	158.746	0.120536	0.120536
1186	701	701	315.741	0.450415	0.450415
1187	1270	1270	578.473	0.45549	0.45549
1188	691	691	322.99	0.467425	0.467425
1189	1054	1054	211.861	0.201007	0.201007
1190	1280	1280	217.709	0.170086	0.170086
1191	383	383	0	0	0
1192	745	745	505.202	0.678124	0.678124
1193	662	662	352.358	0.532262	0.532262
1194	722	722	1605.1	2.22313	2.22313
1195	1105	1105	342.608	0.310052	0.310052
1196	1426	1426	506.428	0.355139	0.355139
1197	970	970	206.683	0.213076	0.213076
1198	540	540	80.5227	0.149116	0.149116
1199	512	512	439.975	0.859325	0.859325
1200	1683	1683	484.209	0.287706	0.287706
1201	796	796	33.6672	0.0422955	0.0422955
1202	648	648	633.7	0.977932	0.977932
1203	1113	1113	2542.17	2.28407	2.28407
1204	1292	1292	636.649	0.492763	0.492763
1205	1179	1179	17.9156	0.0151956	0.0151956
1206	3378	3378	1675.51	0.496007	0.496007
1207	983	983	895.907	0.9114	0.9114
1208	1035	1035	92.4793	0.089352	0.089352
1209	1433	1433	208.464	0.145474	0.145474
1210	662	662	336.848	0.508834	0.508834
1211	2424	2424	1124.84	0.464045	0.464045
1212	675	675	69.4928	0.102952	0.102952
1213	552	552	106.247	0.192476	0.192476
1214	879	879	372.273	0.423518	0.423518
1215	850	850	389.852	0.45865	0.45865
1216	851	851	179.359	0.210762	0.210762
1217	893	893	419.407	0.469661	0.469661
1218	649	649	0	0	0
1219	1218	1218	443.252	0.363918	0.363918
1220	944	944	615.933	0.652472	0.652472
1221	2003	2003	835.623	0.417186	0.417186
1222	1335	1335	874.218	0.654845	0.654845
1223	971	971	580.717	0.598061	0.598061
1224	1262	1262	0	0	0
1225	915	915	67.8685	0.0741732	0.0741732
1226	677	677	53.0083	0.0782988	0.0782988
1227	886	886	326.462	0.368467	0.368467
1228	2086	2086	297.905	0.142812	0.142812
1229	850	850	36.7784	0.0432687	0.0432687
1230	2157	2157	0	0	0
1231	2338	2338	755.105	0.32297	0.32297
1232	1672	1672	834.386	0.499035	0.499035
1233	2463	2463	105.738	0.0429305	0.0429305
1234	946	946	636.238	0.672556	0.672556
1235	1462	1462	355.549	0.243193	0.243193
1236	627	627	0	0	0
1237	1168	1168	724.398	0.620204	0.620204
1238	640	640	0	0	0
1239	408	408	62.6684	0.153599	0.153599
1240	681	681	399.685	0.586908	0.586908
1241	4498	4498	1523.34	0.33867	0.33867
1242	1049	1049	31.8864	0.030397	0.030397
1243	1033	1033	365.531	0.353854	0.353854
1244	1575	1575	646.683	0.410592	0.410592
1245	786	786	275.788	0.350876	0.350876
1246	679	679	99.0269	0.145842	0.145842
1247	1964	1964	238.723	0.121549	0.121549
1248	772	772	164.154	0.212635	0.212635
1249	432	432	308.947	0.715156	0.715156
1250	1457	1457	262.567	0.180211	0.180211
1251	3467	3467	569.504	0.164264	0.164264
1252	892	892	235.54	0.264058	0.264058
1253	1126	1126	723.389	0.642441	0.642441
1254	1262	1262	216.708	0.171718	0.171718
1255	641	641	105.738	0.164958	0.164958
1256	57302	57302	3612.64	0.0630456	0.0630456
1257	2872	2872	877.186	0.305427	0.305427
1258	4786	4786	1897.65	0.396501	0.396501
1259	507	507	0	0	0
1260	4550	4550	1124.6	0.247164	0.247164
1261	7117	7117	2945.47	0.413863	0.413863
1262	13949	13949	12046.3	0.863598	0.863598
1263	774	774	211.476	0.273225	0.273225
1264	1041	1041	671.109	0.644678	0.644678
1265	1830	1830	1126.7	0.615684	0.615684
1266	1058	1058	211.476	0.199883	0.199883
1267	1923	1923	567.48	0.295101	0.295101
1268	839	839	319.749	0.381107	0.381107
1269	1469	1469	512.831	0.349102	0.349102
1270	3122	3122	650.56	0.208379	0.208379
1271	2441	2441	416.891	0.170787	0.170787
1272	480	480	962.644	2.00551	2.00551
1273	4055	4055	1005.57	0.247983	0.247983
1274	982	982	1513.1	1.54083	1.54083
1275	829	829	420.488	0.507223	0.507223
1276	2466	2466	621.565	0.252054	0.252054
1277	614	614	0	0	0
1278	3562	3562	632.522	0.177575	0.177575
1279	878	878	253.771	0.289033	0.289033
1280	938	938	429.295	0.45767	0.45767
1281	980	980	223.937	0.228507	0.228507
1282	505	505	0	0	0
1283	1583	1583	958.458	0.605469	0.605469
1284	922	922	0	0	0
1285	469	469	0	0	0
1286	709	709	494.096	0.696892	0.696892
1287	1170	1170	151.878	0.129811	0.129811
1288	770	770	104.779	0.136076	0.136076
1289	983	983	386.421	0.393104	0.393104
1290	469	469	74.4763	0.158798	0.158798
1291	1252	1252	100.729	0.0804543	0.0804543
1292	1429	1429	303.793	0.212591	0.212591
1293	686	686	105.738	0.154137	0.154137
1294	444	444	0	0	0
1295	600	600	300.256	0.500427	0.500427
1296	481	481	0	0	0
1297	457	457	100.618	0.220171	0.220171
1298	702	702	317.215	0.451873	0.451873
1299	586	586	0	0	0
1300	711	711	469.547	0.660404	0.660404
1301	835	835	0	0	0
1302	1760	1760	414.11	0.23529	0.23529
1303	1942	1942	0	0	0
1304	1535	1535	606.635	0.395202	0.395202
1305	710	710	1029.64	1.4502	1.4502
1306	912	912	211.365	0.231759	0.231759
1307	930	930	152.011	0.163452	0.163452
1308	972	972	1007.72	1.03675	1.03675
1309	604	604	1191.97	1.97346	1.97346
1310	332	332	0	0	0
1311	1381	1381	616.698	0.446559	0.446559
1312	866	866	896.79	1.03555	1.03555
1313	561	561	81.7895	0.145792	0.145792
1314	1071	1071	290.605	0.27134	0.27134
1315	868	868	338.415	0.389879	0.389879
1316	1916	1916	909.822	0.474855	0.474855
1317	1059	1059	105.738	0.0998469	0.0998469
1318	1423	1423	197.833	0.139025	0.139025
1319	367	367	105.738	0.288114	0.288114
1320	2573	2573	105.738	0.0410952	0.0410952
1321	2804	2804	511.782	0.182519	0.182519
1322	979	979	561.165	0.573202	0.573202
1323	1558	1558	581.212	0.37305	0.37305
1324	1426	1426	1673.19	1.17334	1.17334
1325	1201	1201	48.1784	0.0401152	0.0401152
1326	957	957	0	0	0
1327	872	872	179.295	0.205614	0.205614
1328	1710	1710	1020.69	0.596892	0.596892
1329	823	823	309.858	0.376498	0.376498
1330	519	519	102.48	0.197457	0.197457
1331	1692	1692	377.773	0.22327	0.22327
1332	569	569	618.061	1.08622	1.08622
1333	977	977	176.28	0.18043	0.18043
1334	770	770	241.194	0.313239	0.313239
1335	712	712	0	0	0
1336	1006	1006	291.502	0.289763	0.289763
1337	667	667	105.738	0.158528	0.158528
1338	2593	2593	807.908	0.311573	0.311573
1339	793	793	2795.42	3.52512	3.52512
1340	1362	1362	205.83	0.151123	0.151123
1341	1637	1637	246.407	0.150524	0.150524
1342	983	983	1712.71	1.74233	1.74233
1343	1357	1357	337.877	0.248988	0.248988
1344	2678	2678	1097.78	0.409925	0.409925
1345	1325	1325	264.791	0.199842	0.199842
1346	1425	1425	190.344	0.133575	0.133575
1347	1914	1914	557.542	0.291297	0.291297
1348	813	813	39.6851	0.0488131	0.0488131
1349	1478	1478	1163.12	0.786957	0.786957
1350	579	579	443.835	0.766555	0.766555
1351	586	586	72.9323	0.124458	0.124458
1352	514	514	304.991	0.593367	0.593367
1353	426	426	290.922	0.682916	0.682916
1354	1253	1253	318.264	0.254001	0.254001
1355	1637	1637	147.477	0.0900898	0.0900898
1356	27839	27839	6308.42	0.226604	0.226604
1357	410	410	320.893	0.782666	0.782666
1358	2154	2154	803.564	0.373057	0.373057
1359	750	750	282.795	0.37706	0.37706
1360	622	622	219.749	0.353294	0.353294
1361	1467	1467	477.166	0.325266	0.325266
1362	1094	1094	369.198	0.337476	0.337476
1363	1617	1617	1269.7	0.785222	0.785222
1364	770	770	80.8112	0.10495	0.10495
1365	565	565	278.598	0.493093	0.493093
1366	1087	1087	924.499	0.850505	0.850505
1367	3365	3365	3388.57	1.007	1.007
1368	1111	1111	369.411	0.332503	0.332503
1369	853	853	897.305	1.05194	1.05194
1370	1329	1329	596.18	0.448593	0.448593
1371	696	696	108.482	0.155866	0.155866
1372	867	867	179.117	0.206594	0.206594
1373	2151	2151	784.834	0.36487	0.36487
1374	1543	1543	436.526	0.282908	0.282908
1375	1199	1199	393.965	0.328578	0.328578
1376	665	665	208.835	0.314037	0.314037
1377	797	797	96.2332	0.120744	0.120744
1378	1095	1095	482.672	0.440796	0.440796
1379	1112	1112	211.476	0.190176	0.190176
1380	1540	1540	142.927	0.09281	0.09281
1381	1467	1467	369.09	0.251595	0.251595
1382	890	890	469.171	0.527159	0.527159
1383	585	585	160.459	0.274289	0.274289
1384	674	674	341.162	0.506175	0.506175
1385	1066	1066	440.181	0.412927	0.412927
1386	665	665	204.168	0.30702	0.30702
1387	614	614	80.0182	0.130323	0.130323
1388	497	497	0	0	0
1389	1251	1251	174.957	0.139853	0.139853
1390	401	401	606.079	1.51142	1.51142
1391	793	793	2020.34	2.54772	2.54772
1392	281	281	80.537	0.286609	0.286609
1393	4809	4809	11550.1	2.40178	2.40178
1394	2028	2028	625.293	0.30833	0.30833
1395	1771	1771	456.134	0.257557	0.257557
1396	1752	1752	238.119	0.135913	0.135913
1397	2050	2050	784.569	0.382717	0.382717
1398	633	633	95.1199	0.150268	0.150268
1399	2203	2203	323.639	0.146908	0.146908
1400	1167	1167	754.12	0.646204	0.646204
1401	2160	2160	1012.62	0.468806	0.468806
1402	1292	1292	159.226	0.12324	0.12324
1403	1574	1574	665.859	0.423036	0.423036
1404	919	919	1739.29	1.8926	1.8926
1405	3144	3144	603.982	0.192106	0.192106
1406	936	936	141.169	0.150821	0.150821
1407	1486	1486	326.794	0.219915	0.219915
1408	752	752	177.645	0.23623	0.23623
1409	645	645	225.339	0.349362	0.349362
1410	1113	1113	393.929	0.353935	0.353935
1411	1325	1325	2079.68	1.56957	1.56957
1412	1234	1234	487.306	0.394899	0.394899
1413	2007	2007	260.17	0.129631	0.129631
1414	881	881	0	0	0
1415	1425	1425	123.092	0.0863802	0.0863802
1416	362	362	0	0	0
1417	771	771	0	0	0
1418	649	649	227.949	0.351231	0.351231
1419	927	927	0	0	0
1420	1012	1012	219.852	0.217245	0.217245
1421	803	803	176.003	0.219182	0.219182
1422	2578	2578	1941.77	0.753209	0.753209
1423	3847	3847	1214.86	0.315793	0.315793
1424	1124	1124	1223.88	1.08886	1.08886
1425	1237	1237	221.145	0.178775	0.178775
1426	3657	3657	1389.2	0.379875	0.379875
1427	1627	1627	3206.75	1.97096	1.97096
1428	817	817	465.384	0.569625	0.569625
1429	1553	1553	1225.07	0.788844	0.788844
1430	1475	1475	211.477	0.143374	0.143374
1431	1091	1091	320.613	0.293871	0.293871
1432	521	521	48.1882	0.0924917	0.0924917
1433	1123	1123	63.7896	0.0568028	0.0568028
1434	790	790	306.027	0.387375	0.387375
1435	450	450	0	0	0
1436	371	371	102.76	0.27698	0.27698
1437	994	994	0	0	0
1438	1351	1351	492.377	0.364454	0.364454
1439	2247	2247	719.074	0.320015	0.320015
1440	1107	1107	307.165	0.277475	0.277475
1441	641	641	317.214	0.494874	0.494874
1442	2088	2088	474.543	0.227271	0.227271
1443	768	768	529.186	0.689045	0.689045
1444	561	561	241.929	0.431246	0.431246
1445	645	645	0	0	0
1446	1231	1231	375.091	0.304704	0.304704
1447	1630	1630	945.682	0.580173	0.580173
1448	1384	1384	1083.53	0.782901	0.782901
1449	5662	5662	1658.24	0.292872	0.292872
1450	966	966	446.241	0.461947	0.461947
1451	1409	1409	253.615	0.179996	0.179996
1452	710	710	317.214	0.446781	0.446781
1453	665	665	255.846	0.384731	0.384731
1454	1136	1136	2231.39	1.96425	1.96425
1455	1057	1057	342.269	0.323812	0.323812
1456	385	385	317.215	0.823934	0.823934
1457	1865	1865	1406.89	0.754365	0.754365
1458	874	874	1324.06	1.51494	1.51494
1459	2917	2917	5642.23	1.93426	1.93426
1460	1606	1606	733.953	0.457007	0.457007
1461	488	488	0	0	0
1462	1063	1063	614.372	0.577961	0.577961
1463	1235	1235	151.532	0.122698	0.122698
1464	1061	1061	757.965	0.714387	0.714387
1465	1073	1073	510.479	0.47575	0.47575
1466	1665	1665	345.226	0.207343	0.207343
1467	1628	1628	974.591	0.598643	0.598643
1468	1598	1598	2500.53	1.56479	1.56479
1469	312	312	0	0	0
1470	2442	2442	454.795	0.186239	0.186239
1471	548	548	0.8802	0.0016062	0.0016062
1472	509	509	11.0335	0.0216769	0.0216769
1473	1946	1946	574.284	0.29511	0.29511
1474	1645	1645	562.093	0.341698	0.341698
1475	1803	1803	515.416	0.285866	0.285866
1476	1020	1020	123.647	0.121222	0.121222
1477	929	929	422.953	0.455277	0.455277
1478	926	926	695.986	0.751605	0.751605
1479	1980	1980	317.214	0.160209	0.160209
1480	1098	1098	797.6	0.726412	0.726412
1481	983	983	483.193	0.491549	0.491549
1482	878	878	1350.41	1.53805	1.53805
1483	786	786	141.206	0.179651	0.179651
1484	396	396	422.286	1.06638	1.06638
1485	699	699	14.0092	0.0200417	0.0200417
1486	608	608	448.698	0.73799	0.73799
1487	1152	1152	459.046	0.398477	0.398477
1488	1318	1318	593.844	0.450565	0.450565
1489	1021	1021	0	0	0
1490	1175	1175	1813.35	1.54327	1.54327
1491	1150	1150	340.804	0.296351	0.296351
1492	1179	1179	486.451	0.412597	0.412597
1493	1059	1059	891.801	0.842116	0.842116
1494	1595	1595	420.962	0.263926	0.263926
1495	1003	1003	475.394	0.473972	0.473972
1496	523	523	224.518	0.429288	0.429288
1497	1433	1433	585.224	0.408391	0.408391
1498	601	601	39.3797	0.0655237	0.0655237
1499	771	771	100.053	0.129771	0.129771
1500	2798	2798	8627.53	3.08346	3.08346
1501	418	418	179.211	0.428734	0.428734
1502	1180	1180	225.177	0.190828	0.190828
1503	1174	1174	453.404	0.386205	0.386205
1504	858	858	267.87	0.312203	0.312203
1505	610	610	442.268	0.72503	0.72503
1506	1136	1136	146.283	0.12877	0.12877
1507	583	583	0	0	0
1508	838	838	248.273	0.296269	0.296269
1509	1465	1465	2725.59	1.86047	1.86047
1510	1001	1001	83.9956	0.0839117	0.0839117
1511	1173	1173	217.608	0.185514	0.185514
1512	1315	1315	329.523	0.250588	0.250588
1513	1008	1008	456.204	0.452583	0.452583
1514	1382	1382	646.692	0.467939	0.467939
1515	1143	1143	53.967	0.0472152	0.0472152
1516	1607	1607	268.292	0.166952	0.166952
1517	4524	4524	2064.48	0.456339	0.456339
1518	881	881	184.355	0.209257	0.209257
1519	1204	1204	98.0681	0.0814519	0.0814519
1520	747	747	133.449	0.178646	0.178646
1521	618	618	0	0	0
1522	523	523	230.497	0.440721	0.440721
1523	1158	1158	429.668	0.371044	0.371044
1524	1137	1137	362.446	0.318774	0.318774
1525	957	957	623.151	0.65115	0.65115
1526	769	769	537.988	0.699594	0.699594
1527	737	737	619.381	0.840408	0.840408
1528	1152	1152	220.277	0.191213	0.191213
1529	758	758	99.4877	0.13125	0.13125
1530	700	700	104.858	0.149797	0.149797
1531	616	616	121.188	0.196734	0.196734
1532	1266	1266	231.704	0.18302	0.18302
1533	1392	1392	1314.72	0.944481	0.944481
1534	1023	1023	0	0	0
1535	800	800	279.102	0.348878	0.348878
1536	557	557	141.225	0.253545	0.253545
1537	599	599	506.585	0.845718	0.845718
1538	1524	1524	2530.42	1.66038	1.66038
1539	966	966	124.435	0.128815	0.128815
1540	417	417	230.399	0.552516	0.552516
1541	1470	1470	514.671	0.350117	0.350117
1542	1260	1260	538.62	0.427476	0.427476
1543	1023	1023	396.345	0.387434	0.387434
1544	1623	1623	339.381	0.209107	0.209107
1545	846	846	406.686	0.480716	0.480716
1546	1109	1109	118.315	0.106686	0.106686
1547	1159	1159	281.488	0.242871	0.242871
1548	736	736	1444.45	1.96257	1.96257
1549	634	634	73.9304	0.116609	0.116609
1550	823	823	34.02	0.0413366	0.0413366
1551	829	829	749.482	0.90408	0.90408
1552	826	826	366.976	0.444281	0.444281
1553	1105	1105	231.704	0.209687	0.209687
1554	746	746	118.962	0.159467	0.159467
1555	1041	1041	332.564	0.319466	0.319466
1556	1212	1212	444.771	0.366972	0.366972
1557	809	809	421.977	0.521603	0.521603
1558	872	872	317.028	0.363565	0.363565
1559	1383	1383	418.217	0.302399	0.302399
1560	1151	1151	214.844	0.186659	0.186659
1561	764	764	700.819	0.917302	0.917302
1562	921	921	19.1441	0.0207862	0.0207862
1563	1038	1038	537.79	0.518102	0.518102
1564	439	439	143.535	0.326958	0.326958
1565	1660	1660	727.327	0.438148	0.438148
1566	783	783	345.207	0.440877	0.440877
1567	1308	1308	86.2201	0.0659175	0.0659175
1568	996	996	261.506	0.262557	0.262557
1569	877	877	25.085	0.0286031	0.0286031
1570	896	896	1908.82	2.13038	2.13038
1571	698	698	184.11	0.263768	0.263768
1572	1166	1166	143.898	0.123412	0.123412
1573	1253	1253	151.199	0.12067	0.12067
1574	2745	2745	90.0906	0.0328199	0.0328199
1575	834	834	450.052	0.53963	0.53963
1576	1808	1808	508.715	0.281369	0.281369
1577	1375	1375	1241.86	0.90317	0.90317
1578	915	915	131.269	0.143463	0.143463
1579	853	853	47.1955	0.0553289	0.0553289
1580	1392	1392	220.633	0.158501	0.158501
1581	1693	1693	214.991	0.126988	0.126988
1582	1698	1698	575.941	0.339188	0.339188
1583	1735	1735	1658.56	0.955944	0.955944
1584	1216	1216	1921.57	1.58024	1.58024
1585	1975	1975	187.899	0.0951389	0.0951389
1586	598	598	106.234	0.177648	0.177648
1587	446	446	127.044	0.284853	0.284853
1588	479	479	227.574	0.475102	0.475102
1589	804	804	456.791	0.568148	0.568148
1590	1291	1291	163.06	0.126306	0.126306
1591	704	704	96.0525	0.136438	0.136438
1592	1634	1634	0	0	0
1593	4099	4099	1943.89	0.474235	0.474235
1594	1295	1295	361.439	0.279103	0.279103
1595	1563	1563	658.45	0.421273	0.421273
1596	2475	2475	1920.88	0.776112	0.776112
1597	2754	2754	973.92	0.353639	0.353639
1598	802	802	116.557	0.145332	0.145332
1599	711	711	875.71	1.23166	1.23166
1600	1051	1051	283.37	0.269619	0.269619
1601	815	815	304.586	0.373725	0.373725
1602	1016	1016	795.851	0.783318	0.783318
1603	345	345	95.1221	0.275716	0.275716
1604	911	911	523.898	0.57508	0.57508
1605	1012	1012	177.497	0.175392	0.175392
1606	828	828	381.343	0.46056	0.46056
1607	1387	1387	2553.89	1.8413	1.8413
1608	811	811	354.912	0.437622	0.437622
1609	1068	1068	208.82	0.195524	0.195524
1610	1109	1109	271.561	0.24487	0.24487
1611	1068	1068	665.56	0.623184	0.623184
1612	822	822	0	0	0
1613	718	718	1169.11	1.62828	1.62828
1614	2725	2725	724.85	0.266	0.266
1615	1816	1816	1776.84	0.978438	0.978438
1616	597	597	2072.65	3.47178	3.47178
1617	1429	1429	74.5713	0.0521842	0.0521842
1618	2479	2479	2022.86	0.815997	0.815997
1619	11055	11055	3982.82	0.360273	0.360273
1620	595	595	355.485	0.597455	0.597455
1621	803	803	21.4281	0.0266851	0.0266851
1622	2415	2415	358.713	0.148535	0.148535
1623	3294	3294	1507.24	0.457571	0.457571
1624	1575	1575	377.068	0.239408	0.239408
1625	725	725	732.229	1.00997	1.00997
1626	575	575	113.895	0.198079	0.198079
1627	2943	2943	1901.36	0.646062	0.646062
1628	5342	5342	12641.2	2.36638	2.36638
1629	5860	5860	1982.23	0.338265	0.338265
1630	425	425	0	0	0
1631	4135	4135	1228.54	0.297107	0.297107
1632	465	465	90.1306	0.193829	0.193829
1633	831	831	496.542	0.597524	0.597524
1634	3432	3432	1076.64	0.313707	0.313707
1635	1222	1222	600.063	0.49105	0.49105
1636	1141	1141	1984.51	1.73927	1.73927
1637	1916	1916	2148.6	1.1214	1.1214
1638	929	929	347.752	0.37433	0.37433
1639	481	481	0	0	0
1640	954	954	311.379	0.326393	0.326393
1641	1620	1620	1033.48	0.637951	0.637951
1642	782	782	997.16	1.27514	1.27514
1643	644	644	228.439	0.354719	0.354719
1644	1084	1084	383.112	0.353424	0.353424
1645	1077	1077	200.445	0.186114	0.186114
1646	548	548	0	0	0
1647	849	849	105.738	0.124544	0.124544
1648	2341	2341	927.396	0.396154	0.396154
1649	834	834	211.476	0.253568	0.253568
1650	565	565	240.99	0.426532	0.426532
1651	644	644	485.636	0.754093	0.754093
1652	2469	2469	773.349	0.313224	0.313224
1653	1035	1035	105.738	0.102162	0.102162
1654	501	501	11.953	0.0238582	0.0238582
1655	468	468	426.198	0.91068	0.91068
1656	1096	1096	1145.2	1.04489	1.04489
1657	960	960	751.521	0.782835	0.782835
1658	308	308	0	0	0
1659	681	681	522.674	0.76751	0.76751
1660	1031	1031	577.435	0.560073	0.560073
1661	640	640	558.985	0.873415	0.873415
1662	374	374	65.2492	0.174463	0.174463
1663	1367	1367	1136.78	0.83159	0.83159
1664	990	990	4797.01	4.84546	4.84546
1665	690	690	213.878	0.309968	0.309968
1666	1071	1071	534.209	0.498794	0.498794
1667	789	789	105.462	0.133665	0.133665
1668	1120	1120	0	0	0
1669	995	995	171.607	0.172469	0.172469
1670	926	926	402.526	0.434694	0.434694
1671	1387	1387	105.738	0.076235	0.076235
1672	2509	2509	105.738	0.0421434	0.0421434
1673	1290	1290	585.342	0.453754	0.453754
1674	587	587	105.738	0.180133	0.180133
1675	494	494	1838.94	3.72255	3.72255
1676	751	751	88.0084	0.117188	0.117188
1677	678	678	111.255	0.164092	0.164092
1678	456	456	442.262	0.969872	0.969872
1679	922	922	162.853	0.17663	0.17663
1680	1535	1535	613.07	0.399394	0.399394
1681	2153	2153	456.985	0.212255	0.212255
1682	1022	1022	137.155	0.134202	0.134202
1683	572	572	550.55	0.9625	0.9625
1684	1150	1150	5025.48	4.36998	4.36998
1685	1026	1026	202.457	0.197327	0.197327
1686	773	773	102.35	0.132406	0.132406
1687	837	837	211.476	0.252659	0.252659
1688	906	906	89.4397	0.0987193	0.0987193
1689	587	587	0	0	0
1690	639	639	87.0401	0.136213	0.136213
1691	428	428	124.89	0.291798	0.291798
1692	4631	4631	1100.31	0.237597	0.237597
1693	1311	1311	130.641	0.0996502	0.0996502
1694	1068	1068	158.241	0.148166	0.148166
1695	969	969	182.235	0.188065	0.188065
1696	1155	1155	540.822	0.468244	0.468244
1697	1090	1090	0	0	0
1698	1447	1447	329.881	0.227976	0.227976
1699	1578	1578	0	0	0
1700	1838	1838	661.948	0.360146	0.360146
1701	991	991	437.133	0.441103	0.441103
1702	764	764	0	0	0
1703	918	918	345.889	0.376786	0.376786
1704	1315	1315	649.157	0.493656	0.493656
1705	505	505	191.823	0.379847	0.379847
1706	2140	2140	1201.09	0.561259	0.561259
1707	578	578	1690.63	2.92496	2.92496
1708	366	366	0	0	0
1709	622	622	484.868	0.779531	0.779531
1710	599	599	322.789	0.53888	0.53888
1711	1097	1097	231.803	0.211307	0.211307
1712	602	602	313.722	0.521134	0.521134
1713	1652	1652	419.795	0.254113	0.254113
1714	3963	3963	1220.49	0.307971	0.307971
1715	1671	1671	2543.93	1.5224	1.5224
1716	1580	1580	536.255	0.339402	0.339402
1717	2018	2018	1503.48	0.745033	0.745033
1718	742	742	211.476	0.285008	0.285008
1719	1496	1496	555.329	0.371209	0.371209
1720	1023	1023	170.533	0.166699	0.166699
1721	1116	1116	372.516	0.333796	0.333796
1722	766	766	0	0	0
1723	1156	1156	619.582	0.535971	0.535971
1724	1771	1771	269.376	0.152104	0.152104
1725	1152	1152	536.636	0.46583	0.46583
1726	1229	1229	196.634	0.159995	0.159995
1727	1178	1178	283.645	0.240785	0.240785
1728	1132	1132	360.91	0.318826	0.318826
1729	1073	1073	0	0	0
1730	1373	1373	1213.3	0.883688	0.883688
1731	862	862	381.861	0.442994	0.442994
1732	605	605	0	0	0
1733	591	591	163.136	0.276034	0.276034
1734	524	524	851.875	1.62572	1.62572
1735	1309	1309	241.599	0.184568	0.184568
1736	525	525	226.346	0.431136	0.431136
1737	987	987	467.56	0.473718	0.473718
1738	1938	1938	0	0	0
1739	2410	2410	687.707	0.285356	0.285356
1740	398	398	497.795	1.25074	1.25074
1741	982	982	109.182	0.111183	0.111183
1742	4772	4772	0	0	0
1743	2471	2471	1346.31	0.544845	0.544845
1744	8227	8227	4676.77	0.568466	0.568466
1745	7889	7889	13814.6	1.75112	1.75112
1746	6854	6854	2206.44	0.32192	0.32192
1747	9747	9747	2937.21	0.301345	0.301345
1748	1179	1179	278.688	0.236376	0.236376
1749	1787	1787	1007.06	0.563547	0.563547
1750	2497	2497	862.704	0.345496	0.345496
1751	690	690	379.205	0.549573	0.549573
1752	1737	1737	384.067	0.221109	0.221109
1753	971	971	375.018	0.386218	0.386218
1754	774	774	105.674	0.13653	0.13653
1755	634	634	644.286	1.01622	1.01622
1756	2250	2250	0	0	0
1757	1128	1128	869.795	0.771095	0.771095
1758	396	396	57.7283	0.145779	0.145779
1759	557	557	119.821	0.215119	0.215119
1760	935	935	481.841	0.515338	0.515338
1761	892	892	308.814	0.346204	0.346204
1762	1190	1190	2881.98	2.42183	2.42183
1763	1452	1452	110.359	0.0760046	0.0760046
1764	951	951	324.946	0.341689	0.341689
1765	632	632	436.109	0.690047	0.690047
1766	620	620	197.374	0.318345	0.318345
1767	1631	1631	1252.75	0.768087	0.768087
1768	1154	1154	315.784	0.273643	0.273643
1769	716	716	234.697	0.327789	0.327789
1770	1648	1648	539.722	0.327501	0.327501
1771	4522	4522	1009.45	0.223231	0.223231
1772	8724	8724	3027.24	0.347002	0.347002
1773	11234	11234	3853.63	0.343033	0.343033
1774	986	986	320.343	0.324891	0.324891
1775	9737	9737	3858.46	0.396268	0.396268
1776	1607	1607	930.983	0.57933	0.57933
1777	717	717	230.465	0.32143	0.32143
1778	930	930	466.114	0.501198	0.501198
1779	1110	1110	454.214	0.409202	0.409202
1780	866	866	171.053	0.19752	0.19752
1781	400	400	218.458	0.546144	0.546144
1782	836	836	326.797	0.390905	0.390905
1783	689	689	110.441	0.160292	0.160292
1784	888	888	195.035	0.219634	0.219634
1785	694	694	125.482	0.18081	0.18081
1786	1378	1378	364.103	0.264226	0.264226
1787	989	989	946.867	0.957398	0.957398
1788	722	722	0	0	0
1789	930	930	229.914	0.247219	0.247219
1790	553	553	519.366	0.939178	0.939178
1791	794	794	302.354	0.380799	0.380799
1792	1568	1568	597.093	0.380799	0.380799
1793	1923	1923	361.33	0.187899	0.187899
1794	729	729	89.9699	0.123416	0.123416
1795	687	687	603.344	0.87823	0.87823
1796	1013	1013	123.208	0.121627	0.121627
1797	662	662	105.738	0.159725	0.159725
1798	1184	1184	0	0	0
1799	2357	2357	1150.76	0.488232	0.488232
1800	1222	1222	174.578	0.142862	0.142862
1801	755	755	102.862	0.136241	0.136241
1802	940	940	2615.08	2.782	2.782
1803	1184	1184	236.978	0.200151	0.200151
1804	976	976	105.738	0.108338	0.108338
1805	1432	1432	504.243	0.352125	0.352125
1806	2814	2814	1785.45	0.634489	0.634489
1807	1237	1237	565.733	0.457342	0.457342
1808	1570	1570	328.076	0.208966	0.208966
1809	1517	1517	0	0	0
1810	1158	1158	232.606	0.200868	0.200868
1811	484	484	545.242	1.12653	1.12653
1812	833	833	0	0	0
1813	1617	1617	317.214	0.196175	0.196175
1814	1132	1132	0	0	0
1815	1080	1080	648.122	0.600113	0.600113
1816	675	675	1233.3	1.82712	1.82712
1817	453	453	0	0	0
1818	1210	1210	245.279	0.20271	0.20271
1819	635	635	105.738	0.166516	0.166516
1820	508	508	118.909	0.234074	0.234074
1821	759	759	250	0.329381	0.329381
1822	1207	1207	0	0	0
1823	1460	1460	700.925	0.480086	0.480086
1824	989	989	0	0	0
1825	675	675	0	0	0
1826	1229	1229	1240.61	1.00945	1.00945
1827	638	638	257.003	0.402827	0.402827
1828	673	673	0	0	0
1829	950	950	204.953	0.21574	0.21574
1830	903	903	0	0	0
1831	503	503	576.168	1.14546	1.14546
1832	1688	1688	1897	1.12381	1.12381
1833	303	303	125.142	0.413008	0.413008
1834	779	779	226.157	0.290317	0.290317
1835	728	728	1142.54	1.56942	1.56942
1836	1391	1391	0	0	0
1837	986	986	211.476	0.214478	0.214478
1838	1018	1018	203.43	0.199833	0.199833
1839	3699	3699	522.258	0.141189	0.141189
1840	403	403	171.861	0.426455	0.426455
1841	1262	1262	0	0	0
1842	1440	1440	1368.99	0.950686	0.950686
1843	865	865	318.579	0.368299	0.368299
1844	1609	1609	517.033	0.321338	0.321338
1845	1948	1948	465.149	0.238783	0.238783
1846	686	686	672.765	0.980707	0.980707
1847	498	498	525.324	1.05487	1.05487
1848	1841	1841	268.483	0.145836	0.145836
1849	329	329	1321.27	4.01603	4.01603
1850	925	925	54.2779	0.0586788	0.0586788
1851	745	745	0	0	0
1852	768	768	353.53	0.460325	0.460325
1853	1272	1272	211.476	0.166255	0.166255
1854	624	624	170.335	0.272973	0.272973
1855	520	520	0	0	0
1856	503	503	363.212	0.722091	0.722091
1857	1076	1076	685.341	0.636934	0.636934
1858	974	974	422.953	0.434243	0.434243
1859	685	685	0	0	0
1860	879	879	503.276	0.572555	0.572555
1861	1177	1177	72.6621	0.061735	0.061735
1862	829	829	273.561	0.329989	0.329989
1863	763	763	253.703	0.332508	0.332508
1864	764	764	583.463	0.763695	0.763695
1865	455	455	3128.15	6.87505	6.87505
1866	911	911	0	0	0
1867	1142	1142	0	0	0
1868	856	856	293.789	0.343211	0.343211
1869	1119	1119	982.95	0.878418	0.878418
1870	814	814	0	0	0
1871	798	798	586.552	0.735027	0.735027
1872	1023	1023	319.053	0.31188	0.31188
1873	577	577	0	0	0
1874	834	834	0	0	0
1875	1431	1431	0	0	0
1876	1947	1947	775.288	0.398196	0.398196
1877	599	599	0	0	0
1878	895	895	0	0	0
1879	633	633	978.853	1.54637	1.54637
1880	835	835	234.302	0.280601	0.280601
1881	2211	2211	812.448	0.367457	0.367457
1882	1191	1191	490.735	0.412036	0.412036
1883	966	966	185.914	0.192458	0.192458
1884	381	381	0	0	0
1885	880	880	155.611	0.176831	0.176831
1886	895	895	352.934	0.394339	0.394339
1887	1903	1903	0	0	0
1888	2092	2092	904.186	0.432211	0.432211
1889	693	693	190.863	0.275416	0.275416
1890	594	594	396.765	0.667954	0.667954
1891	1199	1199	423.056	0.352841	0.352841
1892	474	474	105.738	0.223076	0.223076
1893	1444	1444	275.938	0.191093	0.191093
1894	896	896	369.188	0.41204	0.41204
1895	545	545	923.662	1.69479	1.69479
1896	1118	1118	353.177	0.315901	0.315901
1897	2284	2284	209.412	0.0916866	0.0916866
1898	929	929	757.671	0.815577	0.815577
1899	803	803	399.966	0.498089	0.498089
1900	1030	1030	0	0	0
1901	1314	1314	329.977	0.251124	0.251124
1902	2306	2306	426.349	0.184887	0.184887
1903	661	661	96.1507	0.145462	0.145462
1904	577	577	231.705	0.401568	0.401568
1905	1406	1406	114.013	0.0810904	0.0810904
1906	1002	1002	584.489	0.583322	0.583322
1907	847	847	454.731	0.536872	0.536872
1908	993	993	264.451	0.266315	0.266315
1909	330	330	105.738	0.320418	0.320418
1910	840	840	252.397	0.300472	0.300472
1911	909	909	324.409	0.356886	0.356886
1912	657	657	422.952	0.643763	0.643763
1913	362	362	552.897	1.52734	1.52734
1914	490	490	223.865	0.456867	0.456867
1915	351	351	0	0	0
1916	850	850	42.3984	0.0498805	0.0498805
1917	1005	1005	425.139	0.423024	0.423024
1918	2187	2187	941.278	0.430397	0.430397
1919	918	918	0	0	0
1920	1102	1102	211.477	0.191903	0.191903
1921	2379	2379	806.397	0.338965	0.338965
1922	1316	1316	578.329	0.439459	0.439459
1923	684	684	422.589	0.61782	0.61782
1924	372	372	0	0	0
1925	1578	1578	1212.68	0.76849	0.76849
1926	674	674	130.603	0.193774	0.193774
1927	1169	1169	673.718	0.57632	0.57632
1928	1913	1913	373.535	0.195261	0.195261
1929	2819	2819	1443.17	0.511942	0.511942
1930	1106	1106	1357.68	1.22756	1.22756
1931	1357	1357	317.214	0.233761	0.233761
1932	937	937	310.058	0.330905	0.330905
1933	767	767	105.738	0.137859	0.137859
1934	1097	1097	0	0	0
1935	2608	2608	1785.27	0.684537	0.684537
1936	554	554	148.68	0.268375	0.268375
1937	1590	1590	747.625	0.470205	0.470205
1938	806	806	394.176	0.489052	0.489052
1939	643	643	334.175	0.519712	0.519712
1940	1776	1776	467.707	0.263349	0.263349
1941	1490	1490	448.229	0.300825	0.300825
1942	527	527	131.255	0.249062	0.249062
1943	1283	1283	275.104	0.214423	0.214423
1944	1659	1659	598.377	0.360685	0.360685
1945	589	589	60.6844	0.103029	0.103029
1946	436	436	399.966	0.917354	0.917354
1947	493	493	58.7606	0.11919	0.11919
1948	1703	1703	334.861	0.19663	0.19663
1949	1072	1072	168.388	0.157078	0.157078
1950	1875	1875	1149.15	0.612877	0.612877
1951	1336	1336	1179.9	0.883156	0.883156
1952	1648	1648	0	0	0
1953	827	827	0	0	0
1954	1068	1068	271.241	0.253971	0.253971
1955	1821	1821	105.738	0.0580658	0.0580658
1956	18274	18274	0	0	0
1957	2299	2299	392.862	0.170884	0.170884
1958	9066	9066	2085.12	0.229993	0.229993
1959	4622	4622	414.609	0.0897034	0.0897034
1960	3593	3593	0	0	0
1961	2558	2558	1386.78	0.542135	0.542135
1962	2524	2524	0	0	0
1963	770	770	479.647	0.622919	0.622919
1964	1187	1187	587.796	0.495195	0.495195
1965	689	689	0	0	0
1966	1807	1807	693.189	0.383613	0.383613
1967	1246	1246	392.859	0.315296	0.315296
1968	667	667	374.012	0.560737	0.560737
1969	1508	1508	604.528	0.400881	0.400881
1970	463	463	105.738	0.228376	0.228376
1971	1325	1325	807.208	0.609214	0.609214
1972	400	400	248.255	0.620637	0.620637
1973	736	736	281.489	0.382457	0.382457
1974	843	843	493.975	0.585973	0.585973
1975	1301	1301	886.263	0.681217	0.681217
1976	1488	1488	382.928	0.257344	0.257344
1977	2122	2122	501.118	0.236153	0.236153
1978	478	478	264.298	0.552924	0.552924
1979	1270	1270	272.516	0.21458	0.21458
1980	819	819	823.956	1.00605	1.00605
1981	1208	1208	249.752	0.206749	0.206749
1982	889	889	281.287	0.316409	0.316409
1983	815	815	211.476	0.25948	0.25948
1984	468	468	65.2817	0.139491	0.139491
1985	854	854	1108.46	1.29797	1.29797
1986	520	520	0	0	0
1987	1073	1073	708.412	0.660217	0.660217
1988	431	431	72.0959	0.167276	0.167276
1989	1184	1184	0	0	0
1990	1534	1534	376.494	0.245433	0.245433
1991	621	621	317.214	0.510811	0.510811
1992	1211	1211	606.003	0.500415	0.500415
1993	521	521	92.2395	0.177043	0.177043
1994	309	309	33.1601	0.107314	0.107314
1995	2145	2145	528.69	0.246475	0.246475
1996	1236	1236	3087.65	2.4981	2.4981
1997	968	968	0	0	0
1998	1577	1577	0	0	0
1999	524	524	579.359	1.10565	1.10565
2000	621	621	114.231	0.183946	0.183946
2001	341	341	0	0	0
2002	612	612	13.7919	0.0225358	0.0225358
2003	679	679	0	0	0
2004	2141	2141	0	0	0
2005	710	710	267.203	0.376343	0.376343
2006	1281	1281	244.936	0.191207	0.191207
2007	1499	1499	261.625	0.174533	0.174533
2008	433	433	99.6336	0.230101	0.230101
2009	3386	3386	1302.49	0.38467	0.38467
2010	1222	1222	163.941	0.134158	0.134158
2011	1167	1167	258.479	0.22149	0.22149
2012	728	728	0	0	0
2013	905	905	363.551	0.401713	0.401713
2014	1040	1040	0	0	0
2015	2327	2327	861.659	0.370288	0.370288
2016	2002	2002	373.892	0.186759	0.186759
2017	1639	1639	376.933	0.229977	0.229977
2018	576	576	0	0	0
2019	1949	1949	470.053	0.241176	0.241176
2020	682	682	114.332	0.167643	0.167643
2021	322	322	151.759	0.471301	0.471301
2022	510	510	105.738	0.207329	0.207329
2023	500	500	0	0	0
2024	812	812	831.786	1.02437	1.02437
2025	684	684	741.871	1.08461	1.08461
2026	1003	1003	185.853	0.185297	0.185297
2027	516	516	105.738	0.204918	0.204918
2028	774	774	94.3385	0.121884	0.121884
2029	992	992	105.738	0.106591	0.106591
2030	1393	1393	0	0	0
2031	8779	8779	674.488	0.0768297	0.0768297
2032	642	642	574.509	0.894874	0.894874
2033	1891	1891	2544.34	1.3455	1.3455
2034	612	612	41.6639	0.0680783	0.0680783
2035	2565	2565	796.627	0.310576	0.310576
2036	1127	1127	719.131	0.638093	0.638093
2037	927	927	0	0	0
2038	704	704	158.283	0.224833	0.224833
2039	1183	1183	272.408	0.230268	0.230268
2040	636	636	72.4803	0.113963	0.113963
2041	1504	1504	276.173	0.183626	0.183626
2042	1061	1061	355.489	0.335051	0.335051
2043	892	892	381.922	0.428163	0.428163
2044	654	654	0	0	0
2045	601	601	810.956	1.34934	1.34934
2046	1259	1259	578.368	0.459387	0.459387
2047	396	396	180.67	0.456237	0.456237
2048	748	748	857.758	1.14674	1.14674
2049	1446	1446	881.921	0.609904	0.609904
2050	1056	1056	769.097	0.728311	0.728311
2051	1901	1901	482.959	0.254055	0.254055
2052	2769	2769	496.408	0.179273	0.179273
2053	374	374	403.409	1.07863	1.07863
2054	462	462	0	0	0
2055	1251	1251	211.476	0.169045	0.169045
2056	1489	1489	105.738	0.0710127	0.0710127
2057	383	383	287.003	0.749355	0.749355
2058	1943	1943	354.954	0.182684	0.182684
2059	1129	1129	333.273	0.295193	0.295193
2060	1588	1588	817.898	0.515049	0.515049
2061	449	449	0	0	0
2062	922	922	0	0	0
2063	631	631	0	0	0
2064	585	585	348.485	0.5957	0.5957
2065	1381	1381	455.861	0.330095	0.330095
2066	669	669	290.55	0.434305	0.434305
2067	644	644	0	0	0
2068	667	667	144.546	0.21671	0.21671
2069	506	506	139.179	0.275058	0.275058
2070	2792	2792	165.937	0.0594329	0.0594329
2071	2889	2889	734.137	0.254114	0.254114
2072	1195	1195	290.708	0.24327	0.24327
2073	490	490	0	0	0
2074	438	438	0	0	0
2075	1798	1798	0	0	0
2076	1629	1629	0	0	0
2077	1879	1879	0	0	0
2078	626	626	0	0	0
2079	2105	2105	0	0	0
2080	587	587	0	0	0
2081	6829	6829	0	0	0
2082	2539	2539	0	0	0
2083	13259	13259	0	0	0
2084	1642	1642	0	0	0
2085	5954	5954	0	0	0
2086	4683	4683	0	0	0
2087	2224	2224	0	0	0
2088	4927	4927	0	0	0
2089	11281	11281	0	0	0
2090	2550	2550	0	0	0
2091	2283	2283	0	0	0
2092	3146	3146	0	0	0
2093	6121	6121	0	0	0
2094	7791	7791	0	0	0
2095	20592	20592	0	0	0
2096	2594	2594	0	0	0
2097	6182	6182	0	0	0
2098	1547	1547	0	0	0
2099	1195	1195	0	0	0
2100	4318	4318	0	0	0
2101	1666	1666	0	0	0
2102	8278	8278	0	0	0
2103	6029	6029	0	0	0
2104	2052	2052	0	0	0
2105	7637	7637	0	0	0
2106	2463	2463	0	0	0
2107	6308	6308	0	0	0
2108	8387	8387	0	0	0
2109	11252	11252	0	0	0
2110	443	443	0	0	0
2111	1164	1164	0	0	0
