DSBType	Size	Sum_H3K36me3	Mean_H3K36me3	Sum_H3K27me3	Mean_H3K27me3	Sum_H3K4me3	Mean_H3K4me3	Sum_CTCF	Mean_CTCF	Sum_DNaseIHSS1	Mean_DNaseIHSS1	Sum_DNaseIHSS2	Mean_DNaseIHSS2
1	571	0	0	187.26	0.327952	0	0	111	0.194396	10.7684	0.0188588	14.3916	0.0252042
1	693	78.1541	0.112776	0	0	0	0	41.6	0.0702703	12.1327	0.0175075	34.7797	0.0501872
1	831	229.516	0.276193	0	0	68.6326	0.0825904	41	0.0607407	2.25436	0.00271282	7.67552	0.00923649
1	412	259.288	0.629339	118.892	0.288574	0	0	0	0	3.90318	0.00947373	0.71958	0.00174655
1	844	58.2813	0.0690536	0	0	0	0	70.1	0.0830569	1.88228	0.00223019	15.3511	0.0181885
1	851	105.738	0.124251	118.892	0.139709	1.53036	0.00179831	108.7	0.127732	8.01064	0.0094132	14.3916	0.0169114
1	411	0	0	119.883	0.291687	0	0	500.3	1.21727	3.45085	0.00839623	4.89314	0.0119055
1	650	317.215	0.488023	91.1594	0.140245	0	0	161.6	0.248615	8.75479	0.0134689	59.0056	0.0907778
1	692	138.045	0.199486	118.892	0.17181	0	0	285.7	0.412861	3.51651	0.00508166	7.72349	0.0111611
1	704	681.316	0.967778	135.69	0.192741	76.0612	0.108042	558.1	0.792756	1.54668	0.00219699	6.71608	0.00953989
1	468	0	0	0	0	0	0	98.4	0.984	2.15952	0.00461435	3.2621	0.0069703
1	601	0	0	0	0	0	0	0	0	0	0	0	0
1	495	1.83892	0.00371499	0	0	0	0	130.1	0.400308	9.40411	0.0189982	6.42825	0.0129864
1	718	95.2814	0.132704	219.722	0.306019	236.955	0.330021	2667	3.75634	42.9569	0.0598285	35.2115	0.0490411
1	403	17.3275	0.0429963	248.333	0.616211	0	0	0	0	4.87351	0.0120931	28.7832	0.0714224
1	957	0	0	0	0	0	0	0	0	1.02139	0.00106729	0	0
1	318	0	0	0	0	0	0	0	0	0	0	0	0
1	345	0	0	0	0	0	0	0	0	0	0	0	0
1	734	0	0	0	0	0	0	368.1	0.520651	5.54471	0.0075541	20.1483	0.0274499
1	412	71.4144	0.173336	0	0	18.0006	0.0436907	0	0	3.88129	0.00942062	12.1849	0.029575
1	442	0	0	70.308	0.159068	0	0	247.8	0.560633	5.52282	0.0124951	1.39119	0.00314748
1	1372	247.434	0.180346	163.406	0.1191	37.405	0.0272631	68.5	0.0578547	16.2329	0.0118315	0.23986	0.000174825
1	490	0	0	25.7312	0.0525126	0	0	267.9	0.727989	2.15952	0.00440717	0	0
1	428	0	0	0	0	0	0	0	0	1.02139	0.00238643	0	0
1	1185	165.503	0.139665	341.823	0.288458	0	0	0	0	12.5923	0.0106264	13.72	0.0115781
1	433	105.738	0.244198	130.782	0.302036	59.684	0.137838	140.4	0.324249	5.34772	0.0123504	3.07021	0.00709055
1	930	105.738	0.113697	143.662	0.154475	0	0	0	0	11.9649	0.0128655	14.2957	0.0153717
1	758	0	0	196.827	0.259667	58.4211	0.0770727	176	0.23219	7.20082	0.00949976	7.67552	0.010126
1	514	105.738	0.205716	165.802	0.322573	6.46464	0.0125771	0	0	7.00383	0.0136261	12.4727	0.024266
1	658	105.738	0.160696	118.892	0.180688	0	0	31.8	0.0483283	4.77136	0.0072513	21.1077	0.0320785
1	764	0	0	118.892	0.155618	43.6153	0.057088	109.2	0.142932	2.04279	0.00267381	14.3916	0.0188372
1	1205	168.813	0.140094	889.65	0.738298	208.308	0.172869	264.2	0.219253	10.71	0.00888799	14.5355	0.0120627
1	531	44.9982	0.0847423	56.767	0.106906	0	0	80.9	0.152354	4.62545	0.00871083	0	0
1	461	105.738	0.229366	0	0	0	0	0	0	6.62447	0.0143698	3.69384	0.00801268
1	886	58.8454	0.066417	0	0	84.5562	0.0954359	0	0	5.70521	0.00643929	44.3261	0.0500295
1	310	51.4898	0.166096	144.652	0.466621	0	0	0	0	5.10696	0.0164741	0	0
1	437	105.738	0.241963	368.591	0.843457	142.323	0.325683	179.2	0.410069	2.75046	0.00629396	0	0
1	604	0	0	0	0	62.7448	0.103882	103	0.17053	5.97515	0.00989264	6.71608	0.0111193
1	809	0	0	184.284	0.227792	48.9715	0.0605334	0	0	9.6011	0.0118679	0.383776	0.000474383
1	934	222.949	0.238704	51.52	0.0551606	71.9605	0.0770455	8	0.0104167	4.23148	0.0045305	15.351	0.0164358
1	585	0	0	0	0	0	0	0	0	6.28156	0.0107377	15.3511	0.0262411
1	845	98.3822	0.116429	118.892	0.140701	0	0	0	0	6.47855	0.00766693	10.7937	0.0127736
1	290	0	0	0	0	0	0	0	0	0	0	3.21412	0.0110832
1	585	162.744	0.278196	370.574	0.633459	110.951	0.18966	119.1	0.20359	10.5787	0.0180833	0	0
1	974	118.313	0.121471	666.775	0.684574	69.9909	0.0718593	123.1	0.126386	9.71053	0.00996974	36.027	0.0369887
1	1299	66.9303	0.0515245	0	0	97.0838	0.0747373	361.3	0.345411	4.37011	0.00336421	15.351	0.0118176
1	440	0	0	5.44313	0.0123708	0	0	174.7	0.397045	3.85211	0.00875479	0	0
1	436	84.5903	0.194014	438.939	1.00674	0	0	131.7	0.302064	6.56609	0.0150598	37.3222	0.0856014
1	951	160.905	0.169196	0	0	0	0	200.9	0.211251	5.18721	0.00545448	1.00741	0.00105932
1	465	0	0	80.2524	0.172586	0	0	0	0	7.87202	0.0169291	7.96335	0.0171255
1	765	63.4427	0.0829317	0	0	0	0	470.8	0.615425	1.05787	0.00138284	0	0
1	625	104.779	0.167646	235.907	0.377452	0	0	170.2	0.27232	4.3774	0.00700384	9.30658	0.0148905
1	715	91.1455	0.127476	82.1552	0.114902	6.23376	0.00871855	2510.2	3.51077	11.9576	0.0167239	31.4217	0.0439464
1	495	0	0	74.3077	0.150117	0	0	194.6	0.400412	0.48881	0.000987495	0.383776	0.000775305
1	356	0	0	289.318	0.81269	208.894	0.58678	33.6	0.094382	1.16731	0.00327895	14.9673	0.0420429
1	685	0	0	0	0	0	0	396.8	0.57927	5.26747	0.00768974	26.1927	0.0382375
1	785	0	0	96.8428	0.123367	75.2752	0.095892	115.6	0.234959	8.53593	0.0108738	8.15524	0.0103888
1	479	189.409	0.395425	117.902	0.246141	245.602	0.512739	0	0	7.45617	0.0155661	47.4923	0.0991489
1	1438	105.738	0.0735312	118.892	0.082679	0	0	0	0	9.94399	0.00691515	28.4474	0.0197826
1	620	63.4427	0.102327	107.003	0.172586	0	0	119.2	0.192258	9.30926	0.0150149	6.71608	0.0108324
1	477	43.6631	0.091537	126.807	0.265842	66.0309	0.13843	129.8	0.272117	3.46544	0.00726507	0	0
1	560	105.738	0.188818	0	0	0	0	0	0	7.14975	0.0127674	0	0
1	599	0	0	237.797	0.39699	0	0	69.5	0.116027	1.86769	0.00311801	9.30658	0.0155369
1	951	0	0	504.671	0.530674	0	0	368.7	0.387697	12.8768	0.0135403	21.1077	0.0221953
1	672	83.7197	0.124583	128.086	0.190604	174.231	0.259272	31.1	0.0462798	8.03983	0.011964	11.1295	0.0165618
1	352	0	0	0	0	0	0	0	0	0	0	6.71608	0.0190798
1	649	5.94112	0.00915427	116.364	0.179298	60.2408	0.092821	59.9	0.0922958	8.23681	0.0126915	29.7427	0.0458285
1	445	0	0	0	0	0	0	8.9	0.02	5.03401	0.0113124	0	0
1	659	104.347	0.158341	270.963	0.411173	0	0	0	0	4.94646	0.00750601	10.362	0.0157238
1	709	95.3674	0.13451	251.93	0.355332	6.46404	0.00911712	208.3	0.293794	7.31025	0.0103107	0	0
1	382	46.8606	0.122672	178.404	0.467026	31.8476	0.0833706	128.7	0.336911	9.74701	0.0255157	23.2664	0.0609069
1	597	118.969	0.199278	274.05	0.459045	0	0	0	0	10.6663	0.0178664	29.5987	0.0495791
1	779	11.953	0.015344	0	0	293.052	0.376189	123.2	0.158151	7.11327	0.00913128	0	0
1	567	15.6308	0.0275676	0	0	0	0	68.5	0.120811	1.36429	0.00240616	0	0
1	793	250.982	0.316497	228.159	0.287716	73.3045	0.0924395	116.6	0.147037	11.4907	0.0144901	10.218	0.0128853
1	1387	211.476	0.15247	282.369	0.203583	0	0	513.4	0.370151	15.9848	0.0115247	7.5316	0.00543014
1	534	446.694	0.836505	111.687	0.209151	0	0	34.3	0.0642322	7.28108	0.013635	6.71608	0.0125769
1	639	162.745	0.254687	6.93539	0.0108535	67.811	0.106121	43.4	0.0679186	7.38321	0.0115543	0	0
1	956	18.8375	0.0197045	104.511	0.109321	45.7012	0.0478046	99.2	0.172522	4.81514	0.00503676	6.71608	0.00702519
1	771	83.4854	0.108282	168.655	0.218749	0	0	0	0	2.34191	0.00303749	13.4322	0.0174217
1	483	38.267	0.0792278	128.657	0.26637	0	0	84.1	0.17412	1.02869	0.00212979	10.6018	0.0219499
1	338	0	0	0	0	0	0	69	0.204142	0.423149	0.00125192	0	0
1	715	105.738	0.147885	99.5507	0.139232	156.44	0.218798	94.9	0.132727	3.06418	0.00428557	19.6685	0.0275084
1	986	0	0	68.3631	0.0693338	0	0	118.1	0.354655	1.12353	0.00113948	36.6986	0.0372197
1	750	212.16	0.28288	0	0	0	0	69.7	0.0929333	7.52912	0.0100388	14.0078	0.0186771
1	515	252.851	0.490974	237.785	0.461718	3.8259	0.00742893	0	0	7.3978	0.0143647	15.6389	0.0303668
1	1014	163.664	0.161404	75.3057	0.0742659	20.6599	0.0203746	74.2	0.0731755	8.71102	0.00859075	6.71608	0.00662335
1	948	113.936	0.120186	181.502	0.191457	0	0	199.7	0.210654	3.41437	0.00360166	2.25468	0.00237836
1	701	0	0	112.529	0.160526	0	0	228.4	0.32582	5.72709	0.00816989	0	0
1	515	6.71928	0.0130471	118.396	0.229896	0	0	231	0.448544	1.92606	0.00373992	29.6467	0.0575664
1	522	94.7044	0.181426	0	0	110.951	0.21255	544.6	1.0433	3.24657	0.00621948	7.67552	0.0147041
1	495	226.835	0.458252	95.8088	0.193553	0	0	131.3	0.265253	9.55732	0.0193077	7.67552	0.0155061
1	362	611.444	1.68907	0	0	0	0	73.6	0.203315	0.984915	0.00272076	14.3916	0.0397558
1	484	100.009	0.206629	0	0	0	0	0	0	5.20911	0.0107626	0.287832	0.000594694
1	1078	270.491	0.25092	0	0	101.502	0.0941573	25.8	0.0308982	9.92211	0.00920418	24.3698	0.0226065
1	535	205.96	0.384971	0	0	0	0	0	0	8.70373	0.0162686	10.8417	0.0202648
1	1804	273.999	0.151884	118.892	0.0659049	0	0	113.3	0.0628049	14.1536	0.00784567	13.4322	0.00744577
1	1222	88.8986	0.0727485	0	0	0	0	206.6	0.246246	5.85112	0.00478815	0	0
1	622	0	0	0	0	110.951	0.178378	0	0	7.87932	0.0126677	6.71608	0.0107976
1	745	0	0	0	0	0	0	1187.1	1.59342	1.16731	0.00156685	1.67902	0.00225372
1	687	0	0	315.456	0.459179	0	0	302.7	0.440611	2.8672	0.00417351	3.50196	0.00509746
1	1029	105.738	0.102758	31.1752	0.0302966	3.23253	0.00314143	134.8	0.131001	14.0806	0.0136838	34.3959	0.0334266
1	639	0	0	118.892	0.18606	0	0	208.9	0.326917	8.15655	0.0127646	13.4322	0.0210206
1	769	295.643	0.384451	0	0	0	0	115.6	0.150325	4.30444	0.00559745	6.71608	0.00873352
1	453	211.476	0.466835	0	0	0	0	70	0.210843	0.517993	0.00114347	0	0
1	495	0	0	0	0	0	0	0	0	0	0	0	0
1	773	248.51	0.321488	229.123	0.296408	0.46179	0.0005974	509.4	0.840594	13.621	0.017621	38.7614	0.0501441
1	408	0	0	0	0	23.7206	0.0581387	135.5	0.58658	2.8599	0.00700956	17.078	0.0418579
1	779	187.508	0.240703	88.6401	0.113787	0	0	69	0.0885751	2.23247	0.00286582	0	0
1	401	0	0	0	0	0	0	24.7	0.061596	6.62446	0.0165199	0	0
1	749	160.067	0.213707	153.506	0.204948	0	0	190.4	0.254206	4.84432	0.00646772	1.15133	0.00153715
1	739	0	0	0	0	0	0	52.5	0.0710419	6.10647	0.00826315	4.89315	0.00662131
1	962	80.4091	0.0835853	73.857	0.0767744	0	0	48.4	0.0582431	5.40608	0.00561963	17.126	0.0178025
1	462	0	0	118.892	0.257343	0	0	69.7	0.150866	5.39879	0.0116857	2.87832	0.00623013
1	927	422.953	0.45626	364.625	0.393339	40.5545	0.0437482	167.6	0.180798	6.7193	0.00724844	8.68293	0.0093667
1	726	0	0	118.892	0.163764	1.53036	0.00210793	0	0	5.26746	0.00725546	0	0
1	384	0	0	0	0	0	0	476.2	2.07043	1.16731	0.00303986	0	0
1	1136	55.6079	0.0489507	24.0527	0.0211732	0	0	0	0	6.36182	0.0056002	6.71608	0.00591204
1	766	2.43941	0.00318461	253.088	0.330402	17.7587	0.0231837	0	0	7.66774	0.0100101	9.35454	0.0122122
1	576	200.442	0.34799	237.811	0.412866	0	0	109.1	0.18941	5.93138	0.0102975	32.1413	0.0558008
1	955	945.209	0.989748	10.8985	0.011412	71.9269	0.0753161	505.6	0.529424	22.4925	0.0235524	50.1787	0.0525432
1	744	67.5918	0.0908492	504.022	0.677449	69.9634	0.0940368	184.8	0.248387	7.3978	0.00994328	0	0
1	515	159.002	0.308742	309.576	0.601119	0	0	159.3	0.536364	11.4031	0.022142	3.50196	0.00679991
1	429	6.69718	0.0156111	209.573	0.488516	0	0	168.7	0.39324	4.3774	0.0102037	11.6092	0.0270611
1	480	0	0	0	0	66.5458	0.138637	215.8	0.449583	6.74119	0.0140442	21.2996	0.0443741
1	511	0	0	157.545	0.308308	0	0	333.8	0.653229	3.59676	0.00703867	5.6607	0.0110777
1	744	262.046	0.352212	91.1508	0.122515	40.7398	0.0547577	79	0.106183	10.9435	0.014709	7.86741	0.0105745
1	680	0	0	0	0	0	0	199.9	0.293971	7.90121	0.0116194	30.0305	0.0441625
1	1000	357.17	0.35717	368.242	0.368242	125.301	0.125301	154.9	0.1549	10.5058	0.0105058	12.8085	0.0128085
1	1348	422.953	0.313763	934.358	0.693144	0	0	67.5	0.0500742	5.74169	0.00425941	76.1796	0.056513
1	709	0	0	0	0	0	0	0	0	1.16731	0.00164641	0	0
1	817	0	0	0	0	0	0	0	0	1.29863	0.00158951	7.67552	0.00939476
1	816	278.759	0.341617	332.451	0.407416	64.6697	0.0792521	93.4	0.114461	4.76407	0.00583832	7.67552	0.00940627
1	755	0	0	0	0	0	0	0	0	0	0	10.9376	0.0144869
1	487	77.5734	0.159288	9.40168	0.0193053	0	0	90.4	0.185626	3.67702	0.00755034	1.87091	0.0038417
1	3845	317.215	0.0825006	1188.98	0.309229	2773.46	0.721316	609	0.500411	64.2019	0.0166975	33.9162	0.00882086
1	703	0	0	0	0	0	0	247	0.857639	2.94015	0.00418229	0	0
1	347	0	0	0	0	0	0	441.4	1.27205	7.49265	0.0215927	0	0
1	4150	211.476	0.050958	118.892	0.0286488	0	0	871.4	0.676028	33.706	0.00812192	14.3916	0.00346786
1	650	0	0	0	0	0	0	0	0	0	0	0	0
1	560	211.476	0.377635	0	0	221.902	0.396254	729.1	1.30196	4.29714	0.00767347	0.527692	0.000942307
1	550	143.491	0.260892	112.194	0.203989	4.3428	0.007896	160.5	0.291818	3.09336	0.00562429	0	0
1	533	93.9111	0.176193	0	0	87.5807	0.164316	0	0	7.55101	0.014167	27.9197	0.0523822
1	447	0	0	4.94814	0.0110697	35.4445	0.0792941	0	0	3.16632	0.00708348	8.87482	0.0198542
1	786	66.2855	0.0843326	93.1119	0.118463	0	0	365	0.477124	5.25288	0.00668305	3.5979	0.00457748
1	1024	222.617	0.2174	0	0	171.407	0.167389	225.5	0.220215	10.3088	0.0100672	8.10727	0.00791725
1	329	31.0052	0.0942407	0	0	0	0	86.3	0.26231	4.73489	0.0143918	0	0
1	726	105.738	0.145644	237.812	0.327565	110.951	0.152825	108.7	0.149725	5.5447	0.00763733	0	0
1	393	38.6174	0.0982631	0	0	221.876	0.56457	755.9	1.92341	10.1264	0.0257669	19.2848	0.0490706
1	2017	471.026	0.233528	163.674	0.0811471	105.187	0.0521501	3182.8	1.64231	97.4628	0.0483207	48.9315	0.0242595
1	559	0	0	95.1232	0.170167	8.41698	0.0150572	265.9	0.475671	5.65414	0.0101147	15.8308	0.0283198
1	486	211.476	0.435135	118.892	0.244635	0	0	98.8	0.203292	5.42798	0.0111687	10.1701	0.0209261
1	449	145.582	0.324236	157.239	0.350199	0	0	0	0	6.98925	0.0155663	0.95944	0.00213684
1	541	0	0	0	0	0	0	372.4	0.688355	7.44886	0.0137687	22.1151	0.0408782
1	4337	646.084	0.14897	648.818	0.149601	232.007	0.0534949	9072.9	3.03848	48.093	0.011089	81.5524	0.0188039
1	750	0	0	0	0	0	0	0	0	3.18821	0.00425094	19.0449	0.0253932
1	947	105.738	0.111656	264.951	0.279779	27.7069	0.0292576	218	0.230201	10.3744	0.010955	7.67552	0.00810509
1	877	0	0	308.136	0.351352	0	0	0	0	4.15853	0.00474176	6.71608	0.00765802
1	750	87.4437	0.116592	161.451	0.215268	0	0	228.8	0.305067	4.81514	0.00642018	0	0
1	696	74.6657	0.107278	130.775	0.187895	0	0	0	0	5.7125	0.00820762	16.3585	0.0235035
1	515	63.0716	0.122469	0	0	0	0	0	0	1.13812	0.00220995	0	0
1	608	105.738	0.173911	0	0	221.902	0.364971	69	0.113487	5.90948	0.00971954	27.1042	0.0445792
1	645	11.0335	0.0171062	0	0	25.2509	0.0391487	0	0	4.66923	0.00723911	12.4727	0.0193376
1	710	297.948	0.419645	117.806	0.165925	57.3885	0.0808289	172.4	0.242817	13.7158	0.0193181	11.5133	0.0162159
1	383	50.5703	0.132037	0	0	13.7732	0.0359615	70.5	0.184073	3.92507	0.0102482	6.71608	0.0175355
1	837	77.2346	0.0922756	284.369	0.339748	0	0	23.4	0.0288533	8.47756	0.0101285	10.5538	0.0126091
1	530	0	0	0	0	0	0	0	0	0.678497	0.00128018	0	0
1	664	584.357	0.880056	53.5016	0.0805747	0	0	245.5	0.382995	15.7149	0.023667	21.0597	0.0317164
1	1128	105.738	0.0937393	65.8268	0.0583571	110.951	0.0983609	132.7	0.136804	18.1516	0.0160919	17.6537	0.0156504
1	1091	179.295	0.16434	269.511	0.247031	0	0	448.9	0.480107	18.2611	0.0167379	32.7169	0.029988
1	459	211.476	0.460732	227.891	0.496495	2.29554	0.00500118	200.6	0.437037	10.3453	0.0225387	19.1408	0.0417012
1	359	0	0	0	0	0	0	0	0	2.32002	0.00646244	4.12559	0.0114919
1	319	316.295	0.991522	0	0	0	0	54.9	0.1721	6.28886	0.0197143	13.4322	0.0421071
1	635	155.562	0.24498	123.328	0.194217	65.0403	0.102426	319.1	0.50252	5.50823	0.00867437	7.1958	0.011332
1	568	97.8212	0.17222	97.4787	0.171617	0	0	0.5	0.000880282	2.13033	0.00375058	14.7754	0.026013
1	762	555.954	0.729598	212.003	0.278219	221.897	0.291203	77.2	0.101312	16.4736	0.0216189	37.8019	0.0496088
1	407	0	0	237.79	0.584251	0	0	278.4	0.684029	5.15803	0.0126733	15.3511	0.0377176
1	1142	0	0	32.999	0.0288958	0	0	165.6	0.156818	11.8628	0.0103877	20.1483	0.017643
1	1035	8.27514	0.0079953	156.55	0.151256	0	0	201.4	0.228345	1.96983	0.00190322	15.1112	0.0146002
1	837	0	0	9.9077	0.0118372	0	0	63.2	0.0755078	7.7334	0.00923943	22.0671	0.0263646
1	371	0	0	0	0	0	0	79	0.212938	1.54668	0.00416895	6.71608	0.0181026
1	728	105.738	0.145244	0	0	0	0	189.8	0.362906	5.3842	0.00739588	0	0
1	759	0	0	0	0	0	0	116.2	0.153096	4.80784	0.00633444	3.35804	0.0044243
1	631	209.624	0.33221	12.88	0.0204121	0	0	0	0	7.83554	0.0124177	12.8085	0.0202988
1	359	0	0	0	0	0	0	0	0	0	0	0	0
1	650	221.59	0.340907	214.006	0.32924	58.1537	0.0894672	69	0.106154	7.15704	0.0110108	0	0
1	458	0	0	0	0	0	0	0	0	4.78595	0.0104497	21.1077	0.0460867
1	634	111.255	0.175481	0	0	0	0	0	0	3.75727	0.00592629	12.1849	0.0192191
1	380	0	0	0	0	0	0	71.4	0.187895	1.45913	0.00383983	6.47622	0.0170427
1	324	84.5903	0.261081	0	0	0	0	69	0.212963	1.3424	0.00414321	12.6646	0.0390883
1	429	52.5058	0.122391	2.94516	0.00686517	0	0	0	0	1.63423	0.00380939	0	0
1	1082	317.215	0.293175	0	0	0	0	71.1	0.0657116	6.56609	0.00606848	0	0
1	915	86.0841	0.094081	0	0	204.303	0.223283	357	0.390164	7.76258	0.0084837	1.5351	0.00167771
1	1794	46.2688	0.0257908	89.4678	0.0498706	0	0	32.3	0.0180045	11.8628	0.00661246	9.64237	0.00537479
1	802	32.959	0.041096	69.0855	0.0861416	0	0	1247.7	2.53083	8.60888	0.0107343	18.6611	0.0232682
1	2507	302.503	0.120663	221.932	0.0885251	221.902	0.088513	1432.8	1.28157	86.2494	0.0344034	36.4587	0.0145428
1	986	104.163	0.105641	163.06	0.165375	172.729	0.175181	2612.1	2.64919	47.772	0.0484503	79.3457	0.0804723
1	893	0	0	0	0	0	0	0	0	1.53939	0.00172384	0	0
1	492	0	0	0	0	0	0	192.9	0.392073	10.5349	0.0214125	3.45398	0.00702029
1	1051	145.275	0.138225	118.892	0.113123	0	0	0	0	2.74317	0.00261006	16.5503	0.0157472
1	706	272.138	0.385464	118.892	0.168403	20.7805	0.0294342	120.6	0.170822	6.13565	0.00869072	4.17356	0.00591156
1	604	0	0	181.311	0.300184	149.957	0.248273	124.9	0.206788	10.2431	0.0169588	22.0671	0.036535
1	773	0	0	214.499	0.277489	0	0	55.5	0.0717982	8.67455	0.0112219	27.2481	0.0352498
1	878	122.902	0.139979	475.609	0.541696	110.951	0.126368	255.6	0.291116	10.71	0.0121982	11.2254	0.0127852
1	950	77.2346	0.0812996	0	0	0	0	215.7	0.249653	12.782	0.0134547	13.4322	0.0141391
1	488	226.96	0.465081	350.441	0.718116	59.9209	0.122789	298.1	0.610861	12.782	0.0261926	8.0593	0.016515
1	468	0	0	51.52	0.110086	30.6072	0.0654	7.9	0.0168803	7.19352	0.0153708	11.945	0.0255236
1	451	11.953	0.0265033	0	0	0	0	15.3	0.0339246	2.07197	0.00459417	15.3511	0.0340378
1	1099	118.61	0.107926	0	0	0	0	0	0	18.1808	0.016543	16.1186	0.0146666
1	564	139.758	0.247798	118.892	0.210802	0	0	90.7	0.160816	1.16731	0.00206969	0	0
1	1096	0	0	656.28	0.598796	110.951	0.101233	187.6	0.171168	21.6827	0.0197835	23.0266	0.0210096
1	680	178.403	0.262358	262.709	0.386337	0	0	402.7	0.592206	2.1887	0.00321867	6.71608	0.00987659
1	619	0	0	237.785	0.384143	0	0	0	0	3.49462	0.00564559	0	0
1	1032	45.973	0.0445475	173.394	0.168017	0	0	227.4	0.220349	3.38518	0.00328022	29.215	0.0283091
1	611	153.55	0.251309	868.953	1.42218	3.06072	0.00500936	155.5	0.254501	16.8749	0.0276185	63.9467	0.104659
1	831	125.966	0.151584	0	0	0	0	571.6	0.687846	13.5043	0.0162506	22.0671	0.0265549
1	329	93.7849	0.285061	0	0	54.3278	0.16513	446.1	1.35593	5.43527	0.0165206	13.672	0.0415563
1	900	266.644	0.296271	533.079	0.59231	44.3804	0.0493116	0	0	2.74317	0.00304796	22.0671	0.024519
1	1063	694.628	0.65346	491.676	0.462536	187.59	0.176472	955.8	0.899153	10.5568	0.00993116	7.67552	0.00722062
1	548	102.541	0.187119	57.6519	0.105204	0	0	0	0	1.02139	0.00186386	7.67552	0.0140064
1	643	184.031	0.286206	0	0	0	0	127.4	0.198134	7.94498	0.0123561	13.4322	0.0208899
1	526	0	0	12.8288	0.0243893	0	0	68.6	0.130418	3.57487	0.00679634	0	0
1	505	0	0	0	0	0	0	385	0.762376	2.53889	0.0050275	1.15133	0.00227986
1	545	0	0	216.83	0.397853	178.259	0.327081	1306.9	2.39798	26.4687	0.0485664	5.42084	0.00994649
1	727	152.317	0.209514	0	0	0	0	34.4	0.0473177	9.5792	0.0131763	3.54993	0.00488298
1	532	56.767	0.106705	0	0	0	0	201.2	0.378195	0.693089	0.0013028	0	0
1	605	309.513	0.511592	241.885	0.39981	72.2584	0.119435	303.2	0.501157	6.39101	0.0105636	9.97818	0.0164929
1	919	306.189	0.333176	229.349	0.249564	0	0	196.6	0.213928	4.18771	0.00455682	0	0
1	684	105.738	0.154588	0	0	4.59108	0.00671211	183.8	0.268713	8.0763	0.0118075	0	0
1	456	114.933	0.252046	61.4277	0.13471	0	0	141.1	0.30943	3.76456	0.00825561	1.87091	0.00410287
1	1261	105.738	0.0838524	237.785	0.188568	110.951	0.0879866	0	0	7.74069	0.00613854	0	0
1	620	39.3631	0.0634889	6.92795	0.0111741	0	0	54.1	0.0872581	10.0534	0.0162152	0	0
1	712	0	0	0	0	0	0	103	0.410359	0.941141	0.00132183	4.26951	0.0059965
1	832	0	0	0	0	0	0	0	0	2.1887	0.00263064	14.3916	0.0172976
1	885	335.27	0.378836	165.272	0.186748	121.743	0.137562	2106.2	2.37989	46.1451	0.0521413	65.7217	0.0742618
1	1754	600.779	0.342519	519.401	0.296124	229.088	0.130609	6037.9	3.44236	75.6488	0.0431293	74.7884	0.0426388
1	636	0	0	0	0	0	0	0	0	2.04278	0.00321192	0	0
1	960	6.43622	0.0067044	12.88	0.0134167	48.9715	0.051012	95.3	0.0992708	5.93867	0.00618611	1.10336	0.00114933
1	695	144.057	0.207276	27.2147	0.0391578	114.047	0.164096	0	0	4.94646	0.00711721	0	0
1	651	210.682	0.323629	106.99	0.164347	110.951	0.170432	80	0.122888	7.54371	0.0115879	34.5399	0.0530566
1	805	211.571	0.262821	0	0	0	0	32.2	0.04	4.23148	0.0052565	13.4322	0.0166859
1	1395	47.9686	0.0343861	8.08202	0.00579356	0	0	284.9	0.486177	2.27625	0.00163172	11.3214	0.00811569
1	689	0	0	118.892	0.172558	0	0	234.9	0.340929	4.18771	0.00607795	0	0
1	642	105.738	0.164701	713.4	1.11122	110.951	0.172821	69	0.107477	11.5709	0.0180232	13.4322	0.0209224
1	484	0	0	54.3907	0.112378	50.8207	0.105002	66.8	0.138017	2.24706	0.00464269	5.56475	0.0114974
1	490	226.028	0.461282	0	0	2021.28	4.12506	143.8	0.293469	23.2732	0.0474963	5.42084	0.0110629
1	1411	105.738	0.0749383	0	0	0	0	122.1	0.214965	2.1887	0.00155117	0	0
1	839	0	0	237.809	0.283444	0	0	122.9	0.216755	1.16731	0.00139131	6.71608	0.00800486
1	878	0	0	320.025	0.364493	65.0403	0.0740778	0	0	8.18574	0.00932317	28.9751	0.0330013
1	470	0	0	0	0	8.80893	0.0187424	153	0.325532	0.933844	0.0019869	4.22154	0.00898199
1	831	317.214	0.381725	0	0	0	0	227.1	0.273285	15.3355	0.0184543	23.2185	0.0279404
1	701	86.6628	0.123627	206.319	0.294321	0	0	224.7	0.320542	8.36083	0.011927	26.4806	0.0377754
1	601	0	0	88.1811	0.146724	110.951	0.184611	112	0.186356	5.42797	0.00903157	6.86	0.0114143
1	718	0	0	109.975	0.153169	0	0	69.3	0.0965181	6.24509	0.00869789	11.3214	0.015768
1	535	97.6463	0.182516	84.2597	0.157495	41.5398	0.0776445	138.1	0.258131	4.50871	0.0084275	13.3842	0.0250172
1	609	1140.4	1.87258	192.166	0.315544	33.1148	0.0543757	0	0	33.0056	0.0541963	55.9354	0.0918479
1	588	113.026	0.192221	172.17	0.292806	0	0	0	0	6.94547	0.011812	15.351	0.0261072
1	583	79.0032	0.135512	10.3909	0.0178232	1.38537	0.00237628	37.7	0.0646655	7.54372	0.0129395	20.8678	0.0357939
1	362	507.235	1.4012	0	0	0	0	200	0.552486	6.34723	0.0175338	26.7684	0.0739458
1	686	241.483	0.352015	121.561	0.177203	119.545	0.174264	471.6	0.687464	12.6799	0.0184838	36.2668	0.0528671
1	862	8.58156	0.00995541	116.911	0.135627	0	0	69.9	0.0810905	7.82095	0.00907303	26.6245	0.0308869
1	730	359.794	0.492869	81.6969	0.111914	0	0	46.4	0.0635616	6.5661	0.00899466	6.47622	0.00887153
1	416	92.3158	0.221913	0	0	52.7974	0.126917	4.9	0.0117788	3.04959	0.00733074	0	0
1	661	267.563	0.404785	0	0	54.3278	0.0821903	69	0.104387	8.63807	0.0130682	18.3733	0.0277962
1	1069	33.6584	0.0314859	59.689	0.0558363	0	0	331.2	0.322179	6.21591	0.00581469	14.3916	0.0134627
1	638	315.777	0.494948	77.7294	0.121833	0	0	0	0	1.16731	0.00182964	14.1038	0.0221062
1	865	105.738	0.12224	72.3262	0.0836141	72.6921	0.0840371	0	0	8.9153	0.0103067	2.7344	0.00316116
1	664	0	0	0	0	28.3331	0.0426703	218.9	0.329669	8.95179	0.0134816	19.3807	0.0291878
1	981	83.0277	0.0846358	85.7031	0.087363	84.6867	0.0863269	219	0.223242	13.3657	0.0136245	27.8238	0.0283627
1	512	1.7604	0.00343828	93.0793	0.181795	0	0	0	0	4.49413	0.0087776	0.767552	0.00149913
1	796	62.657	0.0787148	12.1228	0.0152296	0	0	63	0.164921	0.53988	0.000678241	11.993	0.0150666
1	1179	286.535	0.243033	346.24	0.293672	106.704	0.0905035	199.8	0.189384	9.38951	0.00796396	22.0671	0.0187168
1	893	73.7519	0.082589	267.307	0.299336	14.7763	0.0165468	394.3	0.888063	2.84531	0.00318623	21.5874	0.024174
1	971	0	0	163.564	0.168449	73.1819	0.0753675	14.6	0.0161863	5.3988	0.00556004	0	0
1	677	0	0	0	0	0	0	0	0	5.39879	0.00797458	0	0
1	886	231.825	0.261653	423.318	0.477785	0	0	1.3	0.00146727	6.97465	0.00787207	11.7052	0.0132113
1	640	0	0	217.984	0.3406	44.3804	0.0693444	271	0.423437	5.09237	0.00795684	0.911468	0.00142417
1	1049	105.738	0.100799	169.422	0.161508	123.194	0.117439	25.5	0.0243089	6.91629	0.00659322	42.6471	0.040655
1	786	4.401	0.00559924	101.055	0.128569	0	0	14.7	0.0209402	4.27526	0.00543926	14.3916	0.0183099
1	432	0	0	78.2708	0.181182	14.5384	0.0336537	0	0	5.51552	0.0127674	0	0
1	641	79.708	0.12435	46.7542	0.0729395	88.4796	0.138034	1916.5	2.98986	15.0656	0.0235032	14.3916	0.0224518
1	507	0	0	0	0	0	0	0	0	4.39199	0.00866271	0	0
1	774	0	0	0	0	9.69759	0.0125292	0	0	5.33313	0.00689035	14.3916	0.0185938
1	480	0	0	118.892	0.247692	87.9957	0.183324	0	0	3.92507	0.00817722	10.1221	0.0210877
1	982	186.07	0.18948	61.3767	0.0625017	58.2975	0.059366	510.1	0.51945	12.0816	0.0123031	28.7832	0.0293108
1	829	0	0	0	0	0	0	391.8	0.472618	9.21443	0.0111151	32.9568	0.0397549
1	505	52.6095	0.104177	21.7738	0.0431165	0	0	141.4	0.28	4.07828	0.0080758	5.6607	0.0112093
1	922	1192.26	1.29313	27.7416	0.0300885	0	0	0	0	8.94448	0.00970118	24.2738	0.0263274
1	469	0	0	163.215	0.348007	42.4952	0.0906082	0	0	6.04811	0.0128958	11.4653	0.0244463
1	1170	80.0069	0.0683819	191.957	0.164066	113.636	0.0971244	353	0.301709	6.82144	0.00583029	7.00391	0.00598625
1	770	94.0001	0.122078	192.03	0.249389	109.163	0.141771	535.2	0.695065	7.60938	0.00988231	18.3733	0.0238614
1	686	302.269	0.440625	112.434	0.163898	0	0	859	1.25219	7.28107	0.0106138	23.5063	0.0342657
1	444	249.175	0.561205	33.6862	0.0758698	0	0	17.5	0.0394144	9.81267	0.0221006	25.8089	0.0581282
1	702	168.262	0.239689	96.1047	0.136901	0	0	120.7	0.19312	4.0345	0.00574715	23.4583	0.0334164
1	930	93.5033	0.100541	374.354	0.402532	108.484	0.11665	368	0.395699	8.56511	0.00920979	14.2477	0.0153201
1	604	0	0	308.149	0.510181	146.915	0.243236	63.3	0.104801	2.80154	0.0046383	20.1482	0.033358
1	332	23.9851	0.0722442	4.1235	0.0124202	0	0	23.1	0.0695783	1.19649	0.00360388	14.0078	0.0421922
1	561	52.4092	0.0934211	118.892	0.211929	0	0	44.9	0.0800357	2.15952	0.0038494	7.67552	0.0136819
1	872	557.731	0.639599	0	0	0	0	0	0	6.60987	0.00758012	6.71608	0.00770193
1	519	239.258	0.460998	195.564	0.376809	0	0	119.4	0.230058	3.04959	0.00587589	8.53902	0.0164528
1	569	121.237	0.21307	118.892	0.20895	0	0	125.7	0.220914	4.67652	0.00821884	6.71608	0.0118033
1	977	0	0	334.339	0.34221	260.639	0.266775	143.7	0.147083	3.35601	0.00343501	20.1482	0.0206226
1	770	30.3422	0.0394054	25.76	0.0334546	110.951	0.144092	367.8	0.477662	4.64004	0.00602603	16.5983	0.0215562
1	712	105.738	0.148508	123.846	0.173941	0	0	107.2	0.150562	5.19451	0.00729566	6.71608	0.0094327
1	1006	207.448	0.20621	377.179	0.374929	126.411	0.125657	460.9	0.524346	2.23247	0.00221916	18.5172	0.0184068
1	813	105.738	0.130059	228.87	0.281513	5.52807	0.00679959	63.1	0.0776138	6.77038	0.00832765	6.71608	0.00826086
1	579	0	0	0	0	0	0	41.7	0.0738053	4.97564	0.00859351	0	0
1	514	128.725	0.250437	218.443	0.424987	64.2751	0.125049	0	0	4.18771	0.00814729	0	0
1	27839	0	0	0	0	110.951	0.00398546	478.4	0.854286	253.554	0.00910786	319.494	0.0114765
1	410	99.1923	0.241932	86.1467	0.210114	13.6113	0.0331982	2476.4	6.04	16.8092	0.0409981	0.863496	0.00210609
1	565	105.68	0.187043	332.267	0.588083	0	0	0	0	11.5636	0.0204666	0	0
1	1087	87.8547	0.0808231	0	0	0	0	11.9	0.0109476	13.5772	0.0124906	29.215	0.0268767
1	696	105.738	0.151922	0	0	0	0	0	0	2.33461	0.00335433	14.3916	0.0206776
1	1543	263.73	0.170921	277.866	0.180082	0.92358	0.000598561	0	0	4.18771	0.002714	24.8015	0.0160736
1	1095	0	0	118.892	0.108578	0	0	0	0	4.47224	0.00408424	20.2442	0.0184878
1	1540	365.026	0.23703	286.333	0.18593	0	0	383.9	0.249286	8.29517	0.00538647	19.0929	0.012398
1	614	71.7344	0.116831	5.93796	0.00967094	0	0	65.2	0.106189	2.22518	0.00362406	7.67552	0.0125008
1	1251	212.201	0.169625	69.2952	0.0553919	89.2051	0.071307	158.1	0.126379	8.22951	0.00657835	0	0
1	281	118.61	0.422101	0	0	92.5868	0.32949	28	0.0996441	2.50971	0.00893135	12.1369	0.0431919
1	633	174.565	0.275774	24.2711	0.038343	0	0	0	0	2.65562	0.0041953	14.0558	0.022205
1	1292	290.55	0.224884	0	0	0	0	649.3	0.5375	9.83456	0.00761189	18.9969	0.0147035
1	645	168.93	0.261908	102.127	0.158337	95.6475	0.148291	273.6	0.424186	3.28305	0.00509	27.9677	0.0433607
1	1237	94.1426	0.0761056	0	0	196.485	0.15884	1123.3	1.30616	13.8618	0.011206	46.0531	0.0372297
1	1123	0	0	0	0	60.4492	0.0538283	0	0	11.5563	0.0102906	15.0632	0.0134134
1	371	317.215	0.855027	0	0	0	0	0	0	11.3156	0.0305002	29.215	0.0787465
1	561	0	0	0	0	0	0	0	0	5.96785	0.0106379	13.4322	0.0239433
1	1231	38.6173	0.0313707	25.76	0.0209261	110.951	0.0901309	214.5	0.174249	7.17164	0.00582586	0	0
1	710	119.472	0.16827	104.604	0.147329	0	0	629.2	0.886197	3.21009	0.00452125	0	0
1	665	772.35	1.16143	118.892	0.178786	65.8055	0.0989556	0	0	3.85941	0.00580362	11.6572	0.0175296
1	1057	143.341	0.135611	0	0	0	0	1106.7	1.04702	13.5626	0.0128313	37.0344	0.0350373
1	385	194.663	0.505617	0	0	0	0	78.6	0.204156	5.41338	0.0140607	14.3916	0.0373808
1	1865	512.345	0.274716	105.502	0.0565693	78.466	0.0420729	453.6	0.328696	17.7795	0.00953326	29.7427	0.0159478
1	874	0	0	62.3984	0.071394	0	0	0	0	6.0554	0.00692838	8.44307	0.00966027
1	488	0	0	116.921	0.239593	27.5465	0.0564477	0	0	0.890072	0.00182392	4.89314	0.0100269
1	312	0	0	22.0398	0.0706403	0	0	0	0	1.92605	0.00617325	0	0
1	548	10.5624	0.0192745	13.3604	0.0243803	16.6236	0.030335	7.9	0.0144161	7.58749	0.0138458	11.8971	0.02171
1	926	105.738	0.114188	0	0	0	0	0	0	4.04909	0.00437267	14.2477	0.0153863
1	983	462.232	0.470225	85.6644	0.0871459	210.347	0.213984	5.2	0.00528993	8.42649	0.00857222	1.67902	0.00170806
1	396	0	0	0	0	0	0	57.9	0.146212	2.15951	0.00545332	10.362	0.0261665
1	838	0	0	118.892	0.141876	0	0	425.3	0.507518	7.44887	0.00888887	0.047972	5.72E-05
1	1465	237.482	0.162104	161.7	0.110375	0	0	514	0.406003	9.4187	0.00642915	3.98168	0.00271787
1	523	53.3844	0.102073	0	0	40.6327	0.0776916	0	0	1.45913	0.00278993	6.71608	0.0128415
1	1137	105.738	0.0929973	67.3146	0.0592037	49.5879	0.0436129	40.3	0.0354442	8.25139	0.00725716	0	0
1	957	0	0	23.7641	0.0248318	0	0	188.8	0.197283	13.6721	0.0142864	7.67552	0.0080204
1	769	0	0	237.796	0.309227	73.4573	0.0955231	0	0	4.12205	0.00536027	30.3183	0.0394256
1	599	4.401	0.00734725	0	0	0	0	528.1	0.881636	2.61185	0.00436034	7.67552	0.0128139
1	966	94.6235	0.0979539	467.489	0.483943	0	0	559.2	0.578882	10.5933	0.0109661	25.1373	0.0260221
1	417	620.985	1.48917	0	0	0	0	261.7	0.627578	10.2212	0.0245113	18.9969	0.0455562
1	823	211.476	0.256957	344.181	0.418203	0	0	493	0.599028	8.67455	0.0105402	24.6576	0.0299606
1	746	170.708	0.228831	0	0	70.2207	0.0941297	171.9	0.230429	8.96637	0.0120193	7.67552	0.0102889
1	1041	105.738	0.101573	10.6382	0.0102192	0	0	0	0	3.98343	0.00382654	20.7239	0.0199077
1	921	178.401	0.193703	305.114	0.331285	110.951	0.120468	410.5	0.445711	5.77087	0.00626587	42.6951	0.0463573
1	1660	0	0	0	0	0	0	254.2	0.153133	13.1833	0.00794173	22.0671	0.0132934
1	783	54.839	0.070037	118.892	0.151842	55.8581	0.0713386	209.4	0.373262	5.8803	0.00750996	0	0
1	896	136.718	0.152587	648.189	0.723426	2.29554	0.00256199	173.9	0.194085	10.8341	0.0120916	6.71608	0.00749563
1	698	76.4969	0.109594	233.263	0.334187	308.563	0.442067	305.2	0.437249	4.38469	0.0062818	15.351	0.0219929
1	1698	61.8476	0.0364238	0	0	110.951	0.0653422	86.9	0.0511779	6.73389	0.00396578	29.4548	0.0173468
1	598	84.1867	0.14078	189.824	0.317432	0	0	0	0	1.28404	0.00214722	2.49455	0.00417148
1	804	84.4848	0.105081	102.118	0.127012	1.81976	0.00226338	115.3	0.143408	9.99506	0.0124317	10.314	0.0128283
1	802	165.897	0.206854	0	0	16.3751	0.0204178	505.7	0.630549	7.12057	0.00887851	32.8129	0.0409138
1	1051	0	0	0	0	0	0	403.8	0.471729	4.58167	0.00435935	13.8159	0.0131455
1	345	89.2417	0.258672	0	0	0	0	0	0	3.18091	0.00922003	0	0
1	828	11.0335	0.0133255	54.9406	0.0663533	0	0	77.8	0.0939614	7.79177	0.00941035	6.71608	0.00811121
1	1109	433.481	0.390875	247.344	0.223033	78.8414	0.0710924	263.9	0.271223	6.97465	0.00628914	7.67552	0.00692112
1	595	0	0	0	0	0	0	0	0	0	0	0	0
1	481	76.971	0.160023	166.919	0.347024	14.7773	0.030722	78.3	0.162786	16.1526	0.0335813	5.46881	0.0113697
1	1084	168.891	0.155803	140.67	0.129769	78.8135	0.0727062	96.6	0.0891144	7.55831	0.00697261	7.67552	0.00708074
1	548	0	0	0	0	0	0	0	0	0	0	0	0
1	849	0	0	0	0	0	0	0	0	0	0	0	0
1	565	0	0	0	0	0	0	0	0	0	0	0	0
1	644	102.35	0.158929	0	0	1.4476	0.00224783	54.3	0.0843168	0.780637	0.00121217	0	0
1	501	0	0	39.0993	0.0780426	13.0081	0.0259642	12.7	0.0253493	5.09237	0.0101644	0	0
1	468	105.738	0.225936	0	0	0	0	192.1	0.41047	10.9143	0.0233212	7.62755	0.0162982
1	960	105.738	0.110144	328.951	0.342657	0	0	0	0	7.87932	0.00820763	6.71608	0.00699592
1	308	0	0	0	0	0	0	73.4	0.238312	5.77087	0.0187366	6.71608	0.0218055
1	374	193.247	0.516703	322.263	0.861665	167.481	0.447809	0	0	2.90367	0.00776383	0	0
1	990	1.73928	0.00175685	0	0	70.8633	0.0715791	349.3	0.352828	7.22271	0.00729567	18.805	0.018995
1	789	65.977	0.0836211	235.865	0.298942	0	0	74	0.0937896	0	0	7.67552	0.00972816
1	1290	208.853	0.161901	0	0	2.77074	0.00214786	539.5	0.418866	5.58119	0.0043265	5.51678	0.00427657
1	587	0	0	175.119	0.29833	0	0	0.4	0.000894855	0	0	0.527692	0.000898964
1	494	6.82154	0.0138088	156.154	0.316101	86.6792	0.175464	55.8	0.112955	3.45084	0.00698552	0	0
1	678	0	0	237.806	0.350746	0	0	0	0	3.356	0.00494986	0	0
1	1535	379.996	0.247555	103.447	0.0673922	285.654	0.186094	289.2	0.202096	11.1186	0.00724338	28.8792	0.0188138
1	1022	0	0	118.892	0.116333	110.951	0.108563	224.3	0.219472	12.4756	0.012207	13.4322	0.013143
1	587	225.684	0.384471	78.3145	0.133415	0	0	44.5	0.0758092	4.2023	0.00715894	15.3511	0.0261517
1	428	127.805	0.29861	0	0	0	0	0	0	5.76358	0.0134663	7.67552	0.0179335
1	366	0	0	149.919	0.409616	0	0	268.1	0.732514	6.909	0.0188771	7.67552	0.0209714
1	599	0	0	0	0	1.53036	0.00255486	0	0	2.53159	0.00422636	6.71608	0.0112122
1	1652	0	0	0	0	104.58	0.063305	101.2	0.093617	7.20811	0.00436326	23.7941	0.0144032
1	605	118.714	0.196221	270.522	0.447144	0	0	124.9	0.206446	2.90367	0.00479946	0	0
1	591	89.1876	0.15091	66.3816	0.112321	0	0	288.7	0.488494	2.40757	0.00407372	0	0
1	524	211.477	0.403581	118.892	0.226894	0	0	0	0	3.96884	0.00757412	11.2254	0.0214226
1	398	49.7231	0.124932	28.2153	0.0708927	0	0	269.6	0.677387	5.01942	0.0126116	0	0
1	634	73.2262	0.115499	86.8027	0.136913	6.92685	0.0109256	69	0.108833	5.50093	0.00867654	7.67552	0.0121065
1	1128	104.623	0.0927506	369.486	0.327558	110.951	0.0983609	223.2	0.226599	8.84234	0.00783896	27.8238	0.0246665
1	396	7.35568	0.0185749	73.317	0.185144	85.7002	0.216415	389.4	1.15207	2.40027	0.00606129	0	0
1	632	4.5973	0.00727421	0	0	0	0	27.4	0.0433544	6.37642	0.0100893	5.85258	0.00926042
1	716	0	0	0	0	0	0	201.3	0.281145	10.8268	0.0151212	6.71608	0.00938
1	986	0	0	0	0	0	0	0	0	0	0	0	0
1	1607	155.176	0.0965627	268.941	0.167356	140.02	0.087131	0	0	4.50872	0.00280568	34.8757	0.0217023
1	930	30.9588	0.033289	13.1129	0.0140999	0	0	26.2	0.028172	6.12835	0.00658963	7.67552	0.00825325
1	866	68.04	0.0785682	123.846	0.14301	51.2671	0.0591998	31.7	0.0557118	0	0	13.3842	0.0154552
1	400	46.8925	0.117231	0	0	0	0	0	0	3.21009	0.00802523	7.24377	0.0181094
1	888	102.659	0.115607	63.8431	0.0718953	89.7138	0.101029	151.7	0.241561	4.74218	0.0053403	52.1456	0.0587225
1	553	219.751	0.397381	223.726	0.404568	55.7051	0.100733	16.4	0.0296564	2.08656	0.00377316	15.6869	0.0283668
1	729	145.275	0.199279	61.4277	0.084263	97.943	0.134353	220.4	0.302332	4.93186	0.00676525	7.67552	0.0105288
1	453	46.28	0.102163	113.828	0.251276	107.704	0.237758	68.7	0.151656	5.78546	0.0127714	18.2773	0.0403473
1	638	183.892	0.288232	118.892	0.186352	0	0	244.5	0.383229	12.6945	0.0198973	26.3846	0.0413552
1	950	0	0	0	0	0	0	0	0	0	0	0	0
1	903	0	0	0	0	0	0	0	0	0	0	0	0
1	503	0	0	0	0	0	0	0	0	0	0	0	0
1	1688	0	0	118.892	0.0704339	0	0	0	0	79.3769	0.0470242	37.4182	0.0221672
1	303	0	0	0	0	0	0	0	0	0	0	0	0
1	403	0	0	0	0	0	0	0	0	0.26994	0.000669826	0	0
1	1262	0	0	99.077	0.0785079	0	0	0	0	0	0	0	0
1	1440	0	0	0	0	0	0	0	0	0	0	7.67552	0.00533022
1	498	0	0	0	0	0	0	0	0	0	0	0	0
1	329	57.0065	0.173272	0	0	0	0	0	0	8.14926	0.0247698	2.49454	0.0075822
1	974	105.738	0.10856	69.3539	0.0712052	0	0	67.8	0.0696099	6.72661	0.00690617	0	0
1	685	0	0	141.68	0.206832	0	0	0	0	4.34091	0.0063371	6.71608	0.0098045
1	829	0	0	0	0	0	0	86.2	0.103981	7.87202	0.00949581	6.71608	0.00810142
1	763	968.195	1.26893	118.892	0.155822	0	0	25.5	0.0334207	7.87932	0.0103268	7.67552	0.0100597
1	455	393.53	0.864901	0	0	21.425	0.047088	111.3	0.244615	11.8555	0.026056	7.91538	0.0173964
1	633	2.75838	0.00435763	118.892	0.187824	70.3966	0.111211	0	0	10.3744	0.0163893	12.2808	0.019401
1	880	0	0	0	0	78.8135	0.0895608	0	0	1.86769	0.00212238	0	0
1	896	0	0	118.892	0.132692	0	0	634.6	0.708259	12.0233	0.0134188	7.67552	0.00856643
1	545	101.786	0.186764	0	0	56.543	0.103749	47.1	0.086422	2.80883	0.00515382	11.7531	0.0215654
1	803	85.3106	0.10624	0	0	0	0	0	0	7.02573	0.00874935	29.7427	0.0370394
1	661	211.476	0.319933	0	0	0	0	0	0	8.9153	0.0134876	21.1077	0.031933
1	1002	105.738	0.105527	504.236	0.503229	0	0	200.2	0.1998	5.86571	0.005854	0	0
1	330	102.857	0.311688	230.702	0.699096	0	0	3.5	0.0106061	3.25387	0.0098602	4.89314	0.0148277
1	657	0	0	216.956	0.330222	0	0	145.6	0.221613	5.50093	0.0083728	11.1295	0.0169399
1	372	0	0	0	0	0	0	181.3	0.487366	5.54471	0.0149051	8.25118	0.0221806
1	767	155.389	0.202593	0	0	0	0	681.6	1.02961	1.80203	0.00234945	7.67552	0.0100072
1	589	172.319	0.292561	303.53	0.515331	58.4391	0.0992175	249.1	0.42292	5.82924	0.00989684	7.67552	0.0130314
1	436	446.539	1.02417	0	0	0	0	101.9	0.233716	5.02672	0.0115292	18.5652	0.0425807
1	689	0	0	0	0	0	0	0	0	0	0	0	0
1	667	32.1811	0.0482475	0	0	0	0	0	0	3.75727	0.00563308	7.09986	0.0106445
1	400	0	0	80.1703	0.200426	81.2189	0.203047	352.1	0.88025	1.71448	0.0042862	13.672	0.0341801
1	468	105.738	0.225936	0	0	0	0	0	0	3.47273	0.00742037	0	0
1	520	0	0	0	0	104.118	0.200227	0	0	11.1915	0.0215222	0.863496	0.00166057
1	431	0	0	92.1416	0.213786	0	0	3.7	0.0126712	5.18722	0.0120353	7.67552	0.0178086
1	309	0	0	118.892	0.384765	0	0	99.5	0.322006	2.1741	0.00703594	0	0
1	968	284.113	0.293505	209.06	0.215971	220.358	0.227643	151.5	0.156508	4.11475	0.00425078	0	0
1	621	1.73928	0.00280077	254.281	0.409471	0	0	320.5	0.516103	8.03983	0.0129466	22.1151	0.0356121
1	433	51.5467	0.119045	0	0	0	0	3	0.00692841	2.8453	0.00657114	0	0
1	322	27.2862	0.0847398	0	0	15.2391	0.0473263	351.8	1.09255	1.1819	0.00367049	7.67552	0.023837
1	1003	105.738	0.105422	104.031	0.10372	0	0	0	0	3.77915	0.00376785	6.71608	0.00669599
1	516	190.329	0.368855	39.1238	0.0758212	0	0	0	0	1.02139	0.00197945	9.16265	0.0177571
1	992	125.109	0.126118	90.8156	0.091548	76.3646	0.0769805	72.8	0.0733871	7.76259	0.00782519	9.01874	0.00909147
1	642	0	0	19.8154	0.0308651	11.4777	0.017878	279.6	0.435514	2.1887	0.00340919	0	0
1	636	0	0	118.993	0.187096	7.07736	0.0111279	141.4	0.222327	3.64783	0.00573558	0	0
1	374	0	0	0	0	0	0	121.5	0.409091	0.240757	0.000643736	0.623636	0.00166748
1	462	0	0	0	0	0	0	121.7	0.26342	1.76555	0.00382154	0	0
1	383	0	0	0	0	0	0	247	0.644909	1.62693	0.00424787	4.36545	0.011398
