DSBType	Size	Sum_H3K36me3	Mean_H3K36me3	Sum_H3K27me3	Mean_H3K27me3	Sum_H3K4me3	Mean_H3K4me3	Sum_CTCF	Mean_CTCF	Sum_DNaseIHSS1	Mean_DNaseIHSS1	Sum_DNaseIHSS2	Mean_DNaseIHSS2	DistanceToOrigin	DistanceToCTCF	DistanceToDNaseIHSS1	DistanceToDNaseIHSS2	DistanceToH3K4me3	DistanceToH3K27me3	DistanceToH3K36me3
1	571	0	0	187.26	0.327952	0	0	111	0.194396	10.7684	0.0188588	14.3916	0.0252042	0	7613	41086	21189	40034	113591	43479
1	693	78.1541	0.112776	0	0	0	0	41.6	0.0702703	12.1327	0.0175075	34.7797	0.0501872	10614	11308	11373	11373	11120	76043	10340
1	831	229.516	0.276193	0	0	68.6326	0.0825904	41	0.0607407	2.25436	0.00271282	7.67552	0.00923649	0	3301	17514	17679	16697	779256	105
1	412	259.288	0.629339	118.892	0.288574	0	0	0	0	3.90318	0.00947373	0.71958	0.00174655	2390	11426	333274	62686	405037	139902	557631
1	844	58.2813	0.0690536	0	0	0	0	70.1	0.0830569	1.88228	0.00223019	15.3511	0.0181885	33061	8548	59855	22113	537112	1100697	2034866
1	851	105.738	0.124251	118.892	0.139709	1.53036	0.00179831	108.7	0.127732	8.01064	0.0094132	14.3916	0.0169114	52161	1780	12438	8758	30963	455231	596910
1	411	0	0	119.883	0.291687	0	0	500.3	1.21727	3.45085	0.00839623	4.89314	0.0119055	16653	8469	12772	12812	12226	581430	14089
1	650	317.215	0.488023	91.1594	0.140245	0	0	161.6	0.248615	8.75479	0.0134689	59.0056	0.0907778	91502	1343	22841	22861	337956	370992	310504
1	692	138.045	0.199486	118.892	0.17181	0	0	285.7	0.412861	3.51651	0.00508166	7.72349	0.0111611	11304	8948	562214	194865	1027510	640084	1064400
1	704	681.316	0.967778	135.69	0.192741	76.0612	0.108042	558.1	0.792756	1.54668	0.00219699	6.71608	0.00953989	11648	21869	117659	116553	116049	414398	48357
1	468	0	0	0	0	0	0	98.4	0.984	2.15952	0.00461435	3.2621	0.0069703	24176	15284	961833	109317	961606	2257296	1232300
1	601	0	0	0	0	0	0	0	0	0	0	0	0	207483	167261	778393	10858	778166	2073856	1048860
1	495	1.83892	0.00371499	0	0	0	0	130.1	0.400308	9.40411	0.0189982	6.42825	0.0129864	63080	17231	260686	14644	260459	1556149	531153
1	718	95.2814	0.132704	219.722	0.306019	236.955	0.330021	2667	3.75634	42.9569	0.0598285	35.2115	0.0490411	1587	43250	199193	75914	198966	1494656	469660
1	403	17.3275	0.0429963	248.333	0.616211	0	0	0	0	4.87351	0.0120931	28.7832	0.0714224	0	1560	50925	1687	89164	30080	184792
1	957	0	0	0	0	0	0	0	0	1.02139	0.00106729	0	0	15916	369501	119566	71098	119270	125306	1218958
1	318	0	0	0	0	0	0	0	0	0	0	0	0	0	254545	135893	61833	234865	240901	1104002
1	345	0	0	0	0	0	0	0	0	0	0	0	0	0	244436	125784	51724	244947	250983	1093893
1	734	0	0	0	0	0	0	368.1	0.520651	5.54471	0.0075541	20.1483	0.0274499	0	23356	94414	94414	192535	471674	872813
1	412	71.4144	0.173336	0	0	18.0006	0.0436907	0	0	3.88129	0.00942062	12.1849	0.029575	0	1765	7099	1806	976	212762	3553
1	442	0	0	70.308	0.159068	0	0	247.8	0.560633	5.52282	0.0124951	1.39119	0.00314748	26494	2490	2855	2868	8100	146579	83816
1	1372	247.434	0.180346	163.406	0.1191	37.405	0.0272631	68.5	0.0578547	16.2329	0.0118315	0.23986	0.000174825	9329	5329	62202	8526	62509	338909	27286
1	490	0	0	25.7312	0.0525126	0	0	267.9	0.727989	2.15952	0.00440717	0	0	0	6738	162054	12428	227647	44482	1252304
1	428	0	0	0	0	0	0	0	0	1.02139	0.00238643	0	0	691	19435	618124	29803	2547468	2813698	2878466
1	1185	165.503	0.139665	341.823	0.288458	0	0	0	0	12.5923	0.0106264	13.72	0.0115781	0	4387	636502	41043	1208434	2074152	1249385
1	433	105.738	0.244198	130.782	0.302036	59.684	0.137838	140.4	0.324249	5.34772	0.0123504	3.07021	0.00709055	1706	4933	107447	4008	96030	102267	113688
1	930	105.738	0.113697	143.662	0.154475	0	0	0	0	11.9649	0.0128655	14.2957	0.0153717	11058	3654	138409	23729	190480	684259	409402
1	758	0	0	196.827	0.259667	58.4211	0.0770727	176	0.23219	7.20082	0.00949976	7.67552	0.010126	0	451	2546	2530	144577	18361	306284
1	514	105.738	0.205716	165.802	0.322573	6.46464	0.0125771	0	0	7.00383	0.0136261	12.4727	0.024266	3207	8054	46712	24763	382942	125290	278360
1	658	105.738	0.160696	118.892	0.180688	0	0	31.8	0.0483283	4.77136	0.0072513	21.1077	0.0320785	0	13976	246019	63815	588051	330288	601314
1	764	0	0	118.892	0.155618	43.6153	0.057088	109.2	0.142932	2.04279	0.00267381	14.3916	0.0188372	0	5777	41185	41165	40787	354587	1522244
1	1205	168.813	0.140094	889.65	0.738298	208.308	0.172869	264.2	0.219253	10.71	0.00888799	14.5355	0.0120627	25627	95	7599	7406	92647	37479	87630
1	531	44.9982	0.0847423	56.767	0.106906	0	0	80.9	0.152354	4.62545	0.00871083	0	0	59802	2277	53104	3197	3043	12261	204433
1	461	105.738	0.229366	0	0	0	0	0	0	6.62447	0.0143698	3.69384	0.00801268	7206	8541	50297	214	47785	1107224	32530
1	886	58.8454	0.066417	0	0	84.5562	0.0954359	0	0	5.70521	0.00643929	44.3261	0.0500295	779	7446	37071	119205	706987	447597	691732
1	310	51.4898	0.166096	144.652	0.466621	0	0	0	0	5.10696	0.0164741	0	0	3219	3056	5450	4352	117969	99653	353173
1	437	105.738	0.241963	368.591	0.843457	142.323	0.325683	179.2	0.410069	2.75046	0.00629396	0	0	18920	73	48392	48372	74458	252735	86160
1	604	0	0	0	0	62.7448	0.103882	103	0.17053	5.97515	0.00989264	6.71608	0.0111193	26111	24770	203826	18966	18887	715051	243296
1	809	0	0	184.284	0.227792	48.9715	0.0605334	0	0	9.6011	0.0118679	0.383776	0.000474383	49865	1197	27313	20093	26664	230027	34365
1	934	222.949	0.238704	51.52	0.0551606	71.9605	0.0770455	8	0.0104167	4.23148	0.0045305	15.351	0.0164358	6414	12075	145167	130671	143836	310138	143255
1	585	0	0	0	0	0	0	0	0	6.28156	0.0107377	15.3511	0.0262411	9932	17550	1336922	24970	1335327	1951671	1333584
1	845	98.3822	0.116429	118.892	0.140701	0	0	0	0	6.47855	0.00766693	10.7937	0.0127736	44162	9773	818022	57202	816427	2470311	814684
1	290	0	0	0	0	0	0	0	0	0	0	3.21412	0.0110832	6102	7612	9414	9454	48398	1063514	156202
1	585	162.744	0.278196	370.574	0.633459	110.951	0.18966	119.1	0.20359	10.5787	0.0180833	0	0	45584	20266	84803	51003	175560	606764	294463
1	974	118.313	0.121471	666.775	0.684574	69.9909	0.0718593	123.1	0.126386	9.71053	0.00996974	36.027	0.0369887	0	8386	108158	22397	228048	150	267523
1	1299	66.9303	0.0515245	0	0	97.0838	0.0747373	361.3	0.345411	4.37011	0.00336421	15.351	0.0118176	29000	0	10681	9941	10080	1872611	187282
1	440	0	0	5.44313	0.0123708	0	0	174.7	0.397045	3.85211	0.00875479	0	0	3225	9333	1256940	64469	1497985	1885907	1960843
1	436	84.5903	0.194014	438.939	1.00674	0	0	131.7	0.302064	6.56609	0.0150598	37.3222	0.0856014	1418	7324	11107	11106	895707	739062	990347
1	951	160.905	0.169196	0	0	0	0	200.9	0.211251	5.18721	0.00545448	1.00741	0.00105932	0	9114	262218	16558	1467587	1879328	1640990
1	465	0	0	80.2524	0.172586	0	0	0	0	7.87202	0.0169291	7.96335	0.0171255	13564	1167	553093	97393	1177198	1588939	1350601
1	765	63.4427	0.0829317	0	0	0	0	470.8	0.615425	1.05787	0.00138284	0	0	9564	3316	866536	179235	863455	1275196	1036858
1	625	104.779	0.167646	235.907	0.377452	0	0	170.2	0.27232	4.3774	0.00700384	9.30658	0.0148905	0	398	45413	28595	89120	605461	53750
1	715	91.1455	0.127476	82.1552	0.114902	6.23376	0.00871855	2510.2	3.51077	11.9576	0.0167239	31.4217	0.0439464	0	221	30198	258	40777	5092	122809
1	495	0	0	74.3077	0.150117	0	0	194.6	0.400412	0.48881	0.000987495	0.383776	0.000775305	0	8279	11242	11244	16726	229587	10567
1	356	0	0	289.318	0.81269	208.894	0.58678	33.6	0.094382	1.16731	0.00327895	14.9673	0.0420429	4702	25525	40425	40465	757439	535953	1870194
1	685	0	0	0	0	0	0	396.8	0.57927	5.26747	0.00768974	26.1927	0.0382375	7199	5492	33452	8787	115260	105423	1228015
1	785	0	0	96.8428	0.123367	75.2752	0.095892	115.6	0.234959	8.53593	0.0108738	8.15524	0.0103888	21199	1274	129366	30281	373884	284170	834313
1	479	189.409	0.395425	117.902	0.246141	245.602	0.512739	0	0	7.45617	0.0155661	47.4923	0.0991489	18188	6490	203080	64428	250592	648659	774944
1	1438	105.738	0.0735312	118.892	0.082679	0	0	0	0	9.94399	0.00691515	28.4474	0.0197826	0	5728	3681	3636	218069	104508	309386
1	620	63.4427	0.102327	107.003	0.172586	0	0	119.2	0.192258	9.30926	0.0150149	6.71608	0.0108324	0	49262	464221	106179	1154663	900842	1693680
1	477	43.6631	0.091537	126.807	0.265842	66.0309	0.13843	129.8	0.272117	3.46544	0.00726507	0	0	7408	389	406794	163749	1097236	843415	1751250
1	560	105.738	0.188818	0	0	0	0	0	0	7.14975	0.0127674	0	0	1983	3089	231459	43937	458275	204454	2390128
1	599	0	0	237.797	0.39699	0	0	69.5	0.116027	1.86769	0.00311801	9.30658	0.0155369	8733	1832	148254	23154	508693	107331	918752
1	951	0	0	504.671	0.530674	0	0	368.7	0.387697	12.8768	0.0135403	21.1077	0.0221953	27855	2081	104450	2214	260966	31266	230869
1	672	83.7197	0.124583	128.086	0.190604	174.231	0.259272	31.1	0.0462798	8.03983	0.011964	11.1295	0.0165618	1946	2596	25095	11905	55139	135061	897458
1	352	0	0	0	0	0	0	0	0	0	0	6.71608	0.0190798	0	1734	226557	78837	388429	133615	544051
1	649	5.94112	0.00915427	116.364	0.179298	60.2408	0.092821	59.9	0.0922958	8.23681	0.0126915	29.7427	0.0458285	11267	10630	206509	42706	77890	37642	375649
1	445	0	0	0	0	0	0	8.9	0.02	5.03401	0.0113124	0	0	3568	6663	33071	18776	180031	25863	328022
1	659	104.347	0.158341	270.963	0.411173	0	0	0	0	4.94646	0.00750601	10.362	0.0157238	1588	12101	23508	12065	23104	20593	25859
1	709	95.3674	0.13451	251.93	0.355332	6.46404	0.00911712	208.3	0.293794	7.31025	0.0103107	0	0	10908	432	300485	37014	678589	12342	1025967
1	382	46.8606	0.122672	178.404	0.467026	31.8476	0.0833706	128.7	0.336911	9.74701	0.0255157	23.2664	0.0609069	0	0	16587	16596	100728	495605	266849
1	597	118.969	0.199278	274.05	0.459045	0	0	0	0	10.6663	0.0178664	29.5987	0.0495791	6863	1843	8464	8498	766870	1963	1023363
1	779	11.953	0.015344	0	0	293.052	0.376189	123.2	0.158151	7.11327	0.00913128	0	0	0	4035	172303	6670	6075	574185	151172
1	567	15.6308	0.0275676	0	0	0	0	68.5	0.120811	1.36429	0.00240616	0	0	6791	9113	112678	12250	105945	2436209	267432
1	793	250.982	0.316497	228.159	0.287716	73.3045	0.0924395	116.6	0.147037	11.4907	0.0144901	10.218	0.0128853	19784	3155	39828	15020	71364	1084851	344973
1	1387	211.476	0.15247	282.369	0.203583	0	0	513.4	0.370151	15.9848	0.0115247	7.5316	0.00543014	18108	0	4401	4401	314608	252496	363212
1	534	446.694	0.836505	111.687	0.209151	0	0	34.3	0.0642322	7.28108	0.013635	6.71608	0.0125769	11113	2541	8247	911	7606	453136	21455
1	639	162.745	0.254687	6.93539	0.0108535	67.811	0.106121	43.4	0.0679186	7.38321	0.0115543	0	0	0	5133	20459	20459	19332	38672	7749
1	956	18.8375	0.0197045	104.511	0.109321	45.7012	0.0478046	99.2	0.172522	4.81514	0.00503676	6.71608	0.00702519	4811	3715	507473	43976	1040887	1551181	1652478
1	771	83.4854	0.108282	168.655	0.218749	0	0	0	0	2.34191	0.00303749	13.4322	0.0174217	13406	5210	30191	6510	103412	103798	139752
1	483	38.267	0.0792278	128.657	0.26637	0	0	84.1	0.17412	1.02869	0.00212979	10.6018	0.0219499	13417	17002	57743	9954	82730	35977	115127
1	338	0	0	0	0	0	0	69	0.204142	0.423149	0.00125192	0	0	13452	529	112041	28636	28369	791438	1055785
1	715	105.738	0.147885	99.5507	0.139232	156.44	0.218798	94.9	0.132727	3.06418	0.00428557	19.6685	0.0275084	1233	1601	31856	101670	237366	1299866	927709
1	986	0	0	68.3631	0.0693338	0	0	118.1	0.354655	1.12353	0.00113948	36.6986	0.0372197	16791	4016	705744	20402	704972	1885980	1004707
1	750	212.16	0.28288	0	0	0	0	69.7	0.0929333	7.52912	0.0100388	14.0078	0.0186771	4104	10265	1088099	37026	1097011	1494177	1396746
1	515	252.851	0.490974	237.785	0.461718	3.8259	0.00742893	0	0	7.3978	0.0143647	15.6389	0.0303668	749	8309	931602	90002	968166	1337680	1553478
1	1014	163.664	0.161404	75.3057	0.0742659	20.6599	0.0203746	74.2	0.0731755	8.71102	0.00859075	6.71608	0.00662335	0	14512	153072	20587	152936	89949	2800710
1	948	113.936	0.120186	181.502	0.191457	0	0	199.7	0.210654	3.41437	0.00360166	2.25468	0.00237836	15921	6074	122386	905	1178120	1322326	1438067
1	701	0	0	112.529	0.160526	0	0	228.4	0.32582	5.72709	0.00816989	0	0	2052	1025	47016	1132	358418	368138	598296
1	515	6.71928	0.0130471	118.396	0.229896	0	0	231	0.448544	1.92606	0.00373992	29.6467	0.0575664	6541	27423	79795	79775	635481	1141301	896835
1	522	94.7044	0.181426	0	0	110.951	0.21255	544.6	1.0433	3.24657	0.00621948	7.67552	0.0147041	0	9993	9604	9584	9391	432361	12090
1	495	226.835	0.458252	95.8088	0.193553	0	0	131.3	0.265253	9.55732	0.0193077	7.67552	0.0155061	10951	40062	15148	15141	585826	104261	590473
1	362	611.444	1.68907	0	0	0	0	73.6	0.203315	0.984915	0.00272076	14.3916	0.0397558	3934	5071	5156	5136	4593	64870	939
1	484	100.009	0.206629	0	0	0	0	0	0	5.20911	0.0107626	0.287832	0.000594694	0	956	617896	1375	590781	660668	598822
1	1078	270.491	0.25092	0	0	101.502	0.0941573	25.8	0.0308982	9.92211	0.00920418	24.3698	0.0226065	21008	5746	58415	5817	105189	908649	81908
1	535	205.96	0.384971	0	0	0	0	0	0	8.70373	0.0162686	10.8417	0.0202648	16807	26575	543567	87727	2993062	2770503	3163100
1	1804	273.999	0.151884	118.892	0.0659049	0	0	113.3	0.0628049	14.1536	0.00784567	13.4322	0.00744577	0	893	75309	72240	246311	5267034	1431243
1	1222	88.8986	0.0727485	0	0	0	0	206.6	0.246246	5.85112	0.00478815	0	0	11056	5006	1780383	94619	1780138	1780116	4918743
1	622	0	0	0	0	110.951	0.178378	0	0	7.87932	0.0126677	6.71608	0.0107976	0	2607	20203	48119	265114	5746719	5702671
1	745	0	0	0	0	0	0	1187.1	1.59342	1.16731	0.00156685	1.67902	0.00225372	0	0	632519	47701	631008	632236	673669
1	687	0	0	315.456	0.459179	0	0	302.7	0.440611	2.8672	0.00417351	3.50196	0.00509746	33092	21089	94108	4726	335106	906771	342814
1	1029	105.738	0.102758	31.1752	0.0302966	3.23253	0.00314143	134.8	0.131001	14.0806	0.0136838	34.3959	0.0334266	2683	182	904	904	33802	84218	43436
1	639	0	0	118.892	0.18606	0	0	208.9	0.326917	8.15655	0.0127646	13.4322	0.0210206	0	8040	59000	59008	665770	1470477	1066830
1	769	295.643	0.384451	0	0	0	0	115.6	0.150325	4.30444	0.00559745	6.71608	0.00873352	0	9405	11048	11187	10818	1223964	48190
1	453	211.476	0.466835	0	0	0	0	70	0.210843	0.517993	0.00114347	0	0	104190	31808	1276774	40289	1703820	1947246	1688107
1	495	0	0	0	0	0	0	0	0	0	0	0	0	0	173995	378171	401459	805217	1048643	789504
1	773	248.51	0.321488	229.123	0.296408	0.46179	0.0005974	509.4	0.840594	13.621	0.017621	38.7614	0.0501441	50219	59	752	752	1155	12480	25351
1	408	0	0	0	0	23.7206	0.0581387	135.5	0.58658	2.8599	0.00700956	17.078	0.0418579	19585	1454	10713	10733	12751	1265296	1013503
1	779	187.508	0.240703	88.6401	0.113787	0	0	69	0.0885751	2.23247	0.00286582	0	0	24912	3785	254764	17070	174064	3411355	850970
1	401	0	0	0	0	0	0	24.7	0.061596	6.62446	0.0165199	0	0	1190	505	198044	198084	1855641	1944143	1866602
1	749	160.067	0.213707	153.506	0.204948	0	0	190.4	0.254206	4.84432	0.00646772	1.15133	0.00153715	7045	1636	693427	36546	273977	2491701	2907558
1	739	0	0	0	0	0	0	52.5	0.0710419	6.10647	0.00826315	4.89315	0.00662131	9669	4277	21370	157650	439746	1776017	2191874
1	962	80.4091	0.0835853	73.857	0.0767744	0	0	48.4	0.0582431	5.40608	0.00561963	17.126	0.0178025	6757	2241	2217	2256	62577	27282	287860
1	462	0	0	118.892	0.257343	0	0	69.7	0.150866	5.39879	0.0116857	2.87832	0.00623013	10812	14404	30889	30909	30859	3340	37709
1	927	422.953	0.45626	364.625	0.393339	40.5545	0.0437482	167.6	0.180798	6.7193	0.00724844	8.68293	0.0093667	0	497	78990	8970	26133	26697	6506
1	726	0	0	118.892	0.163764	1.53036	0.00210793	0	0	5.26746	0.00725546	0	0	4016	23246	469107	22667	22788	5974801	472960
1	384	0	0	0	0	0	0	476.2	2.07043	1.16731	0.00303986	0	0	35475	39020	324329	99007	98714	323112	138584
1	1136	55.6079	0.0489507	24.0527	0.0211732	0	0	0	0	6.36182	0.0056002	6.71608	0.00591204	0	1592	55944	53728	129603	68514	117426
1	766	2.43941	0.00318461	253.088	0.330402	17.7587	0.0231837	0	0	7.66774	0.0100101	9.35454	0.0122122	2919	5478	13010	12990	243192	116290	289716
1	576	200.442	0.34799	237.811	0.412866	0	0	109.1	0.18941	5.93138	0.0102975	32.1413	0.0558008	78905	1407	310043	1165	310132	230824	324821
1	955	945.209	0.989748	10.8985	0.011412	71.9269	0.0753161	505.6	0.529424	22.4925	0.0235524	50.1787	0.0525432	3923	934	29215	29235	76285	789268	21987
1	744	67.5918	0.0908492	504.022	0.677449	69.9634	0.0940368	184.8	0.248387	7.3978	0.00994328	0	0	12	1909	27784	6972	142659	5461	95848
1	515	159.002	0.308742	309.576	0.601119	0	0	159.3	0.536364	11.4031	0.022142	3.50196	0.00679991	6343	0	26949	2860	115958	12060	203848
1	429	6.69718	0.0156111	209.573	0.488516	0	0	168.7	0.39324	4.3774	0.0102037	11.6092	0.0270611	7829	2027	12169	12204	68163	68692	1134195
1	480	0	0	0	0	66.5458	0.138637	215.8	0.449583	6.74119	0.0140442	21.2996	0.0443741	8111	2814	2793	57817	79095	571528	2721073
1	511	0	0	157.545	0.308308	0	0	333.8	0.653229	3.59676	0.00703867	5.6607	0.0110777	128335	12423	34943	12643	34482	148202	39534
1	744	262.046	0.352212	91.1508	0.122515	40.7398	0.0547577	79	0.106183	10.9435	0.014709	7.86741	0.0105745	134509	16786	41117	16830	40656	141795	45708
1	680	0	0	0	0	0	0	199.9	0.293971	7.90121	0.0116194	30.0305	0.0441625	264	2535	1485911	48414	1687844	1750329	1692055
1	1000	357.17	0.35717	368.242	0.368242	125.301	0.125301	154.9	0.1549	10.5058	0.0105058	12.8085	0.0128085	0	6378	1275080	62860	1372494	1920311	1376705
1	1348	422.953	0.313763	934.358	0.693144	0	0	67.5	0.0500742	5.74169	0.00425941	76.1796	0.056513	0	6388	32290	2570	44858	117264	57980
1	709	0	0	0	0	0	0	0	0	1.16731	0.00164641	0	0	11003	102322	33201	14422	109605	360113	247700
1	817	0	0	0	0	0	0	0	0	1.29863	0.00158951	7.67552	0.00939476	257595	144514	199253	161073	469591	572796	286313
1	816	278.759	0.341617	332.451	0.407416	64.6697	0.0792521	93.4	0.114461	4.76407	0.00583832	7.67552	0.00940627	1907	7780	427836	14587	337791	308670	730797
1	755	0	0	0	0	0	0	0	0	0	0	10.9376	0.0144869	132929	218846	199399	198142	197948	621885	420595
1	487	77.5734	0.159288	9.40168	0.0193053	0	0	90.4	0.185626	3.67702	0.00755034	1.87091	0.0038417	0	18557	25713	23102	25156	156440	1520
1	3845	317.215	0.0825006	1188.98	0.309229	2773.46	0.721316	609	0.500411	64.2019	0.0166975	33.9162	0.00882086	6079	17006	205919	43374	28652	603947	164725
1	703	0	0	0	0	0	0	247	0.857639	2.94015	0.00418229	0	0	53015	79348	560223	88877	321456	958251	519029
1	347	0	0	0	0	0	0	441.4	1.27205	7.49265	0.0215927	0	0	37887	31816	955579	21204	716812	1353607	914385
1	4150	211.476	0.050958	118.892	0.0286488	0	0	871.4	0.676028	33.706	0.00812192	14.3916	0.00346786	174244	128377	1148857	128518	910090	1546885	1107663
1	650	0	0	0	0	0	0	0	0	0	0	0	0	172108	134013	1154493	134154	915726	1552521	1113299
1	560	211.476	0.377635	0	0	221.902	0.396254	729.1	1.30196	4.29714	0.00767347	0.527692	0.000942307	8502	4411	955820	20552	1402790	2039585	1600363
1	550	143.491	0.260892	112.194	0.203989	4.3428	0.007896	160.5	0.291818	3.09336	0.00562429	0	0	4544	5574	413232	44087	913397	912513	1059332
1	533	93.9111	0.176193	0	0	87.5807	0.164316	0	0	7.55101	0.014167	27.9197	0.0523822	12228	6012	800863	234439	627030	1636729	2062670
1	447	0	0	4.94814	0.0110697	35.4445	0.0792941	0	0	3.16632	0.00708348	8.87482	0.0198542	1412	6156	260799	3433	434860	161202	587143
1	786	66.2855	0.0843326	93.1119	0.118463	0	0	365	0.477124	5.25288	0.00668305	3.5979	0.00457748	6125	12898	24150	24150	62140	41328	33420
1	1024	222.617	0.2174	0	0	171.407	0.167389	225.5	0.220215	10.3088	0.0100672	8.10727	0.00791725	0	1017	1081	11319	474973	795191	540794
1	329	31.0052	0.0942407	0	0	0	0	86.3	0.26231	4.73489	0.0143918	0	0	22769	4573	21672	13691	24660	94918	380
1	726	105.738	0.145644	237.812	0.327565	110.951	0.152825	108.7	0.149725	5.5447	0.00763733	0	0	1980	1313	44982	2743	60765	96737	151553
1	393	38.6174	0.0982631	0	0	221.876	0.56457	755.9	1.92341	10.1264	0.0257669	19.2848	0.0490706	0	17185	11919	4846	335260	835879	346494
1	2017	471.026	0.233528	163.674	0.0811471	105.187	0.0521501	3182.8	1.64231	97.4628	0.0483207	48.9315	0.0242595	0	20692	15426	0	330129	830748	341363
1	559	0	0	95.1232	0.170167	8.41698	0.0150572	265.9	0.475671	5.65414	0.0101147	15.8308	0.0283198	0	1785	19481	19541	19600	152753	27019
1	486	211.476	0.435135	118.892	0.244635	0	0	98.8	0.203292	5.42798	0.0111687	10.1701	0.0209261	13170	5351	6141	5461	4485	11917	42031
1	449	145.582	0.324236	157.239	0.350199	0	0	0	0	6.98925	0.0155663	0.95944	0.00213684	0	6478	83121	58291	441098	1505740	1073313
1	541	0	0	0	0	0	0	372.4	0.688355	7.44886	0.0137687	22.1151	0.0408782	9738	190940	933650	27001	990711	1279779	1072731
1	4337	646.084	0.14897	648.818	0.149601	232.007	0.0534949	9072.9	3.03848	48.093	0.011089	81.5524	0.0188039	14988	0	1167717	0	1224778	1513846	1306798
1	750	0	0	0	0	0	0	0	0	3.18821	0.00425094	19.0449	0.0253932	6795	11294	151738	10098	149271	943078	8877
1	947	105.738	0.111656	264.951	0.279779	27.7069	0.0292576	218	0.230201	10.3744	0.010955	7.67552	0.00810509	0	642	98039	746	82079	180381	197089
1	877	0	0	308.136	0.351352	0	0	0	0	4.15853	0.00474176	6.71608	0.00765802	0	9767	1035816	18807	1279929	2685159	1740658
1	750	87.4437	0.116592	161.451	0.215268	0	0	228.8	0.305067	4.81514	0.00642018	0	0	7913	2285	20362	20336	101472	186302	114760
1	696	74.6657	0.107278	130.775	0.187895	0	0	0	0	5.7125	0.00820762	16.3585	0.0235035	1787	2077	71276	50388	156386	609440	235450
1	515	63.0716	0.122469	0	0	0	0	0	0	1.13812	0.00220995	0	0	3553	1934	88532	10216	39889	87336	225540
1	608	105.738	0.173911	0	0	221.902	0.364971	69	0.113487	5.90948	0.00971954	27.1042	0.0445792	20786	883	129199	10034	538344	686991	521763
1	645	11.0335	0.0171062	0	0	25.2509	0.0391487	0	0	4.66923	0.00723911	12.4727	0.0193376	0	379	589429	13380	998574	1147221	981993
1	710	297.948	0.419645	117.806	0.165925	57.3885	0.0808289	172.4	0.242817	13.7158	0.0193181	11.5133	0.0162159	1480	10282	1074724	17892	1483869	1632516	1467288
1	383	50.5703	0.132037	0	0	13.7732	0.0359615	70.5	0.184073	3.92507	0.0102482	6.71608	0.0175355	4673	2062	499785	237602	497988	4392299	464317
1	837	77.2346	0.0922756	284.369	0.339748	0	0	23.4	0.0288533	8.47756	0.0101285	10.5538	0.0126091	33445	1607	69284	4104	4142	29879	99973
1	530	0	0	0	0	0	0	0	0	0.678497	0.00128018	0	0	21248	73098	93638	93618	72245	107040	134205
1	664	584.357	0.880056	53.5016	0.0805747	0	0	245.5	0.382995	15.7149	0.023667	21.0597	0.0317164	0	1965	35594	35596	45144	408533	1047
1	1128	105.738	0.0937393	65.8268	0.0583571	110.951	0.0983609	132.7	0.136804	18.1516	0.0160919	17.6537	0.0156504	28904	5506	11923	16763	4935	280687	53582
1	1091	179.295	0.16434	269.511	0.247031	0	0	448.9	0.480107	18.2611	0.0167379	32.7169	0.029988	0	3794	5690	5710	7447	88908	49103
1	459	211.476	0.460732	227.891	0.496495	2.29554	0.00500118	200.6	0.437037	10.3453	0.0225387	19.1408	0.0417012	2803	4739	35042	7106	114532	20140	230893
1	359	0	0	0	0	0	0	0	0	2.32002	0.00646244	4.12559	0.0114919	1253	8483	44898	7045	186865	187734	207237
1	319	316.295	0.991522	0	0	0	0	54.9	0.1721	6.28886	0.0197143	13.4322	0.0421071	0	8539	5680	5640	4206	132513	73
1	635	155.562	0.24498	123.328	0.194217	65.0403	0.102426	319.1	0.50252	5.50823	0.00867437	7.1958	0.011332	0	346	38556	476	14377	95981	166
1	568	97.8212	0.17222	97.4787	0.171617	0	0	0.5	0.000880282	2.13033	0.00375058	14.7754	0.026013	10885	9435	41237	41277	40883	56680	53289
1	762	555.954	0.729598	212.003	0.278219	221.897	0.291203	77.2	0.101312	16.4736	0.0216189	37.8019	0.0496088	0	112	6597	201	36545	401930	6621
1	407	0	0	237.79	0.584251	0	0	278.4	0.684029	5.15803	0.0126733	15.3511	0.0377176	9680	5046	171002	15008	253447	185290	369771
1	1142	0	0	32.999	0.0288958	0	0	165.6	0.156818	11.8628	0.0103877	20.1483	0.017643	0	258	5691	5711	5805	1261	23202
1	1035	8.27514	0.0079953	156.55	0.151256	0	0	201.4	0.228345	1.96983	0.00190322	15.1112	0.0146002	0	0	7475	6728	7077	1013546	11139
1	837	0	0	9.9077	0.0118372	0	0	63.2	0.0755078	7.7334	0.00923943	22.0671	0.0263646	33073	6955	89030	8910	45462	429289	109692
1	371	0	0	0	0	0	0	79	0.212938	1.54668	0.00416895	6.71608	0.0181026	5288	729	61245	18356	60814	457540	81907
1	728	105.738	0.145244	0	0	0	0	189.8	0.362906	5.3842	0.00739588	0	0	0	7156	24723	24802	100406	1149146	71237
1	759	0	0	0	0	0	0	116.2	0.153096	4.80784	0.00633444	3.35804	0.0044243	15655	10811	210351	80571	209435	126859	274976
1	631	209.624	0.33221	12.88	0.0204121	0	0	0	0	7.83554	0.0124177	12.8085	0.0202988	16693	19406	83567	43514	82337	64886	159623
1	359	0	0	0	0	0	0	0	0	0	0	0	0	24820	1854	26498	26498	57060	18268	626658
1	650	221.59	0.340907	214.006	0.32924	58.1537	0.0894672	69	0.106154	7.15704	0.0110108	0	0	18691	2820	6410	6410	37701	223319	472193
1	458	0	0	0	0	0	0	0	0	4.78595	0.0104497	21.1077	0.0460867	9876	11080	353921	18163	352135	302768	1049184
1	634	111.255	0.175481	0	0	0	0	0	0	3.75727	0.00592629	12.1849	0.0192191	17289	6422	11362	11350	18511	523546	87983
1	380	0	0	0	0	0	0	71.4	0.187895	1.45913	0.00383983	6.47622	0.0170427	59788	2666	50216	50196	198787	472501	208798
1	324	84.5903	0.261081	0	0	0	0	69	0.212963	1.3424	0.00414321	12.6646	0.0390883	10301	1505	13589	13609	13233	327900	151039
1	429	52.5058	0.122391	2.94516	0.00686517	0	0	0	0	1.63423	0.00380939	0	0	12806	8241	36117	9934	36290	172023	274649
1	1082	317.215	0.293175	0	0	0	0	71.1	0.0657116	6.56609	0.00606848	0	0	2470	1414	103369	80570	2894862	3244523	2858720
1	915	86.0841	0.094081	0	0	204.303	0.223283	357	0.390164	7.76258	0.0084837	1.5351	0.00167771	2402	2003	608049	29839	1030429	1380090	994287
1	1794	46.2688	0.0257908	89.4678	0.0498706	0	0	32.3	0.0180045	11.8628	0.00661246	9.64237	0.00537479	5091	4802	11578	3115	2952	11277	12298
1	802	32.959	0.041096	69.0855	0.0861416	0	0	1247.7	2.53083	8.60888	0.0107343	18.6611	0.0232682	44667	128974	37293	14429	281412	568217	583541
1	2507	302.503	0.120663	221.932	0.0885251	221.902	0.088513	1432.8	1.28157	86.2494	0.0344034	36.4587	0.0145428	532481	36153	1226945	0	35023	1347409	1362335
1	986	104.163	0.105641	163.06	0.165375	172.729	0.175181	2612.1	2.64919	47.772	0.0484503	79.3457	0.0804723	182099	967	5603	4023	139071	5267	2760473
1	893	0	0	0	0	0	0	0	0	1.53939	0.00172384	0	0	452106	131606	232065	119440	409078	263560	3030480
1	492	0	0	0	0	0	0	192.9	0.392073	10.5349	0.0214125	3.45398	0.00702029	2038	641	968299	10760	232215	826858	975994
1	1051	145.275	0.138225	118.892	0.113123	0	0	0	0	2.74317	0.00261006	16.5503	0.0157472	7158	24252	183037	40735	975884	1366988	980942
1	706	272.138	0.385464	118.892	0.168403	20.7805	0.0294342	120.6	0.170822	6.13565	0.00869072	4.17356	0.00591156	562	1133	31702	30586	400277	1754620	1775764
1	604	0	0	181.311	0.300184	149.957	0.248273	124.9	0.206788	10.2431	0.0169588	22.0671	0.036535	42081	818	225128	43808	279585	280261	443283
1	773	0	0	214.499	0.277489	0	0	55.5	0.0717982	8.67455	0.0112219	27.2481	0.0352498	8703	8660	77812	8935	838186	1594749	957081
1	878	122.902	0.139979	475.609	0.541696	110.951	0.126368	255.6	0.291116	10.71	0.0121982	11.2254	0.0127852	96932	4226	6607	6627	6336	278352	199141
1	950	77.2346	0.0812996	0	0	0	0	215.7	0.249653	12.782	0.0134547	13.4322	0.0141391	21690	6643	138215	1111	235054	226779	404652
1	488	226.96	0.465081	350.441	0.718116	59.9209	0.122789	298.1	0.610861	12.782	0.0261926	8.0593	0.016515	20667	7290	9483	9463	10835	510396	78451
1	468	0	0	51.52	0.110086	30.6072	0.0654	7.9	0.0168803	7.19352	0.0153708	11.945	0.0255236	4311	2352	184812	120440	254413	1182922	1073390
1	451	11.953	0.0265033	0	0	0	0	15.3	0.0339246	2.07197	0.00459417	15.3511	0.0340378	2345	4202	500439	17633	403775	752686	904093
1	1099	118.61	0.107926	0	0	0	0	0	0	18.1808	0.016543	16.1186	0.0146666	1739	17867	138878	35778	1611874	1960785	2112192
1	564	139.758	0.247798	118.892	0.210802	0	0	90.7	0.160816	1.16731	0.00206969	0	0	683	24155	52191	52186	52339	289454	743092
1	1096	0	0	656.28	0.598796	110.951	0.101233	187.6	0.171168	21.6827	0.0197835	23.0266	0.0210096	10324	20219	20274	49909	96286	15833	113729
1	680	178.403	0.262358	262.709	0.386337	0	0	402.7	0.592206	2.1887	0.00321867	6.71608	0.00987659	15510	7370	21310	4608	182963	1984024	324740
1	619	0	0	237.785	0.384143	0	0	0	0	3.49462	0.00564559	0	0	2671	2909	45444	45380	213456	1472033	747811
1	1032	45.973	0.0445475	173.394	0.168017	0	0	227.4	0.220349	3.38518	0.00328022	29.215	0.0283091	2742	7275	151592	20748	151072	48868	749085
1	611	153.55	0.251309	868.953	1.42218	3.06072	0.00500936	155.5	0.254501	16.8749	0.0276185	63.9467	0.104659	5865	23928	148349	29288	337326	143844	410992
1	831	125.966	0.151584	0	0	0	0	571.6	0.687846	13.5043	0.0162506	22.0671	0.0265549	43951	380	45610	3130	403070	63864	620737
1	329	93.7849	0.285061	0	0	54.3278	0.16513	446.1	1.35593	5.43527	0.0165206	13.672	0.0415563	3585	3726	59136	27996	123851	159050	42828
1	900	266.644	0.296271	533.079	0.59231	44.3804	0.0493116	0	0	2.74317	0.00304796	22.0671	0.024519	0	609	319593	249133	303957	39253	420587
1	1063	694.628	0.65346	491.676	0.462536	187.59	0.176472	955.8	0.899153	10.5568	0.00993116	7.67552	0.00722062	4844	7206	22644	41827	582416	1012095	546170
1	548	102.541	0.187119	57.6519	0.105204	0	0	0	0	1.02139	0.00186386	7.67552	0.0140064	3157	4666	11116	7394	129256	336376	749996
1	643	184.031	0.286206	0	0	0	0	127.4	0.198134	7.94498	0.0123561	13.4322	0.0208899	19147	543	723383	17910	3738	533043	757036
1	526	0	0	12.8288	0.0243893	0	0	68.6	0.130418	3.57487	0.00679634	0	0	4626	7552	615229	190252	827524	635724	1022557
1	505	0	0	0	0	0	0	385	0.762376	2.53889	0.0050275	1.15133	0.00227986	23374	21874	53197	40276	252357	1184213	571393
1	545	0	0	216.83	0.397853	178.259	0.327081	1306.9	2.39798	26.4687	0.0485664	5.42084	0.00994649	0	2198	16998	0	16758	469284	512128
1	727	152.317	0.209514	0	0	0	0	34.4	0.0473177	9.5792	0.0131763	3.54993	0.00488298	1695	1815	259158	1587	519305	76988	526744
1	532	56.767	0.106705	0	0	0	0	201.2	0.378195	0.693089	0.0013028	0	0	0	3692	52476	31916	52212	266985	54504
1	605	309.513	0.511592	241.885	0.39981	72.2584	0.119435	303.2	0.501157	6.39101	0.0105636	9.97818	0.0164929	11677	137	6067	6107	84490	195490	3601
1	919	306.189	0.333176	229.349	0.249564	0	0	196.6	0.213928	4.18771	0.00455682	0	0	5157	6915	77759	7754	171562	56374	161241
1	684	105.738	0.154588	0	0	4.59108	0.00671211	183.8	0.268713	8.0763	0.0118075	0	0	18487	8224	195183	173600	854416	842163	864723
1	456	114.933	0.252046	61.4277	0.13471	0	0	141.1	0.30943	3.76456	0.00825561	1.87091	0.00410287	9331	0	273687	252104	776140	763887	786447
1	1261	105.738	0.0838524	237.785	0.188568	110.951	0.0879866	0	0	7.74069	0.00613854	0	0	13848	188	256963	256955	729983	717730	740290
1	620	39.3631	0.0634889	6.92795	0.0111741	0	0	54.1	0.0872581	10.0534	0.0162152	0	0	1068	677	31100	10572	30752	133303	35497
1	712	0	0	0	0	0	0	103	0.410359	0.941141	0.00132183	4.26951	0.0059965	178209	39587	5848822	9903	416955	22634783	6195302
1	832	0	0	0	0	0	0	0	0	2.1887	0.00263064	14.3916	0.0172976	1571	120160	5672184	18206	240317	22458145	6018664
1	885	335.27	0.378836	165.272	0.186748	121.743	0.137562	2106.2	2.37989	46.1451	0.0521413	65.7217	0.0742618	860440	1330	4333671	7371	1097060	21119632	4680151
1	1754	600.779	0.342519	519.401	0.296124	229.088	0.130609	6037.9	3.44236	75.6488	0.0431293	74.7884	0.0426388	869312	4257	4323930	16243	1105932	21109891	4670410
1	636	0	0	0	0	0	0	0	0	2.04278	0.00321192	0	0	82167	168588	885255	107355	885502	17671216	1231735
1	960	6.43622	0.0067044	12.88	0.0134167	48.9715	0.051012	95.3	0.0992708	5.93867	0.00618611	1.10336	0.00114933	72811	6524	13148	9614	127924	15921075	368193
1	695	144.057	0.207276	27.2147	0.0391578	114.047	0.164096	0	0	4.94646	0.00711721	0	0	956	404	120497	26554	201685	14820900	209057
1	651	210.682	0.323629	106.99	0.164347	110.951	0.170432	80	0.122888	7.54371	0.0115879	34.5399	0.0530566	20618	5735	7187	7167	51153	14496835	533166
1	805	211.571	0.262821	0	0	0	0	32.2	0.04	4.23148	0.0052565	13.4322	0.0166859	3972	250	220581	5964	430023	12561259	440293
1	1395	47.9686	0.0343861	8.08202	0.00579356	0	0	284.9	0.486177	2.27625	0.00163172	11.3214	0.00811569	28271	12715	1604972	72922	1077909	7462473	2019652
1	689	0	0	118.892	0.172558	0	0	234.9	0.340929	4.18771	0.00607795	0	0	30508	17193	386609	49479	557353	328657	1110273
1	642	105.738	0.164701	713.4	1.11122	110.951	0.172821	69	0.107477	11.5709	0.0180232	13.4322	0.0209224	41825	2340	12432	12426	18991	18547	151173
1	484	0	0	54.3907	0.112378	50.8207	0.105002	66.8	0.138017	2.24706	0.00464269	5.56475	0.0114974	5995	2912	111303	52065	111062	149022	242238
1	490	226.028	0.461282	0	0	2021.28	4.12506	143.8	0.293469	23.2732	0.0474963	5.42084	0.0110629	1763	1012	890	0	0	64021	4294
1	1411	105.738	0.0749383	0	0	0	0	122.1	0.214965	2.1887	0.00155117	0	0	0	973416	1417887	948367	1416673	1747574	1425423
1	839	0	0	237.809	0.283444	0	0	122.9	0.216755	1.16731	0.00139131	6.71608	0.00800486	0	156411	600882	131362	599668	930569	608418
1	878	0	0	320.025	0.364493	65.0403	0.0740778	0	0	8.18574	0.00932317	28.9751	0.0330013	0	3370	12969	7449	29434	42444	58040
1	470	0	0	0	0	8.80893	0.0187424	153	0.325532	0.933844	0.0019869	4.22154	0.00898199	1052	2310	10385	10405	10564	72494	34190
1	831	317.214	0.381725	0	0	0	0	227.1	0.273285	15.3355	0.0184543	23.2185	0.0279404	27465	320	272357	72419	405400	605767	726410
1	701	86.6628	0.123627	206.319	0.294321	0	0	224.7	0.320542	8.36083	0.011927	26.4806	0.0377754	450	0	137306	83778	435676	214136	541868
1	601	0	0	88.1811	0.146724	110.951	0.184611	112	0.186356	5.42797	0.00903157	6.86	0.0114143	0	2637	18194	18223	48418	20635	78487
1	718	0	0	109.975	0.153169	0	0	69.3	0.0965181	6.24509	0.00869789	11.3214	0.015768	9309	8713	284483	146981	923212	235871	789670
1	535	97.6463	0.182516	84.2597	0.157495	41.5398	0.0776445	138.1	0.258131	4.50871	0.0084275	13.3842	0.0250172	0	3303	332935	332975	680596	478670	547054
1	609	1140.4	1.87258	192.166	0.315544	33.1148	0.0543757	0	0	33.0056	0.0541963	55.9354	0.0918479	10242	6449	9348	8308	7967	581846	3073
1	588	113.026	0.192221	172.17	0.292806	0	0	0	0	6.94547	0.011812	15.351	0.0261072	18155	321	11613	25007	227481	561048	909854
1	583	79.0032	0.135512	10.3909	0.0178232	1.38537	0.00237628	37.7	0.0646655	7.54372	0.0129395	20.8678	0.0357939	66688	4593	31105	31131	111311	322179	219782
1	362	507.235	1.4012	0	0	0	0	200	0.552486	6.34723	0.0175338	26.7684	0.0739458	0	16270	101065	93470	100545	322710	6966
1	686	241.483	0.352015	121.561	0.177203	119.545	0.174264	471.6	0.687464	12.6799	0.0184838	36.2668	0.0528671	2930	4535	64483	23403	301791	131306	313675
1	862	8.58156	0.00995541	116.911	0.135627	0	0	69.9	0.0810905	7.82095	0.00907303	26.6245	0.0308869	0	7757	28014	9580	36864	80737	81005
1	730	359.794	0.492869	81.6969	0.111914	0	0	46.4	0.0635616	6.5661	0.00899466	6.47622	0.00887153	5786	1490	871806	10039	871882	3244719	1959546
1	416	92.3158	0.221913	0	0	52.7974	0.126917	4.9	0.0117788	3.04959	0.00733074	0	0	10067	6684	1245731	6925	1016903	3618644	1585935
1	661	267.563	0.404785	0	0	54.3278	0.0821903	69	0.104387	8.63807	0.0130682	18.3733	0.0277962	4806	10022	533012	38981	527530	1841248	1516986
1	1069	33.6584	0.0314859	59.689	0.0558363	0	0	331.2	0.322179	6.21591	0.00581469	14.3916	0.0134627	7682	6504	572554	156945	572189	3398026	1699540
1	638	315.777	0.494948	77.7294	0.121833	0	0	0	0	1.16731	0.00182964	14.1038	0.0221062	16696	2873	137381	9624	370259	978462	608914
1	865	105.738	0.12224	72.3262	0.0836141	72.6921	0.0840371	0	0	8.9153	0.0103067	2.7344	0.00316116	14559	4895	5114	5134	14096	263799	126343
1	664	0	0	0	0	28.3331	0.0426703	218.9	0.329669	8.95179	0.0134816	19.3807	0.0291878	104096	449	363200	38200	636979	636271	1687521
1	981	83.0277	0.0846358	85.7031	0.087363	84.6867	0.0863269	219	0.223242	13.3657	0.0136245	27.8238	0.0283627	0	2426	46111	27720	46258	6383	67947
1	512	1.7604	0.00343828	93.0793	0.181795	0	0	0	0	4.49413	0.0087776	0.767552	0.00149913	47354	4641	175883	23295	174581	48718	291800
1	796	62.657	0.0787148	12.1228	0.0152296	0	0	63	0.164921	0.53988	0.000678241	11.993	0.0150666	0	7804	30837	3257	40298	392530	49295
1	1179	286.535	0.243033	346.24	0.293672	106.704	0.0905035	199.8	0.189384	9.38951	0.00796396	22.0671	0.0187168	0	10562	51095	89225	530061	1503060	805906
1	893	73.7519	0.082589	267.307	0.299336	14.7763	0.0165468	394.3	0.888063	2.84531	0.00318623	21.5874	0.024174	0	2298	77491	55508	77135	29139	80156
1	971	0	0	163.564	0.168449	73.1819	0.0753675	14.6	0.0161863	5.3988	0.00556004	0	0	8284	5064	25267	25250	66042	17975	109941
1	677	0	0	0	0	0	0	0	0	5.39879	0.00797458	0	0	5728	105106	118459	105180	117871	672145	792373
1	886	231.825	0.261653	423.318	0.477785	0	0	1.3	0.00146727	6.97465	0.00787207	11.7052	0.0132113	0	18717	181167	26187	214832	1287114	1199009
1	640	0	0	217.984	0.3406	44.3804	0.0693444	271	0.423437	5.09237	0.00795684	0.911468	0.00142417	6918	1934	33217	25254	546091	3223964	519468
1	1049	105.738	0.100799	169.422	0.161508	123.194	0.117439	25.5	0.0243089	6.91629	0.00659322	42.6471	0.040655	0	9180	169912	23915	1222359	4860043	3665192
1	786	4.401	0.00559924	101.055	0.128569	0	0	14.7	0.0209402	4.27526	0.00543926	14.3916	0.0183099	15799	6430	369155	31907	806633	4320042	3125191
1	432	0	0	78.2708	0.181182	14.5384	0.0336537	0	0	5.51552	0.0127674	0	0	2458	6259	10675	10715	497984	246558	643545
1	641	79.708	0.12435	46.7542	0.0729395	88.4796	0.138034	1916.5	2.98986	15.0656	0.0235032	14.3916	0.0224518	0	0	36725	395	36388	58856	39065
1	507	0	0	0	0	0	0	0	0	4.39199	0.00866271	0	0	662	23408	337590	211788	337253	241246	339930
1	774	0	0	0	0	9.69759	0.0125292	0	0	5.33313	0.00689035	14.3916	0.0185938	0	6466	68734	35374	68384	357667	128586
1	480	0	0	118.892	0.247692	87.9957	0.183324	0	0	3.92507	0.00817722	10.1221	0.0210877	13318	1810	747060	61238	298216	4138315	3606063
1	982	186.07	0.18948	61.3767	0.0625017	58.2975	0.059366	510.1	0.51945	12.0816	0.0123031	28.7832	0.0293108	0	22247	226551	223869	675334	3163574	2631322
1	829	0	0	0	0	0	0	391.8	0.472618	9.21443	0.0111151	32.9568	0.0397549	13213	3331	899371	53379	1049315	1504346	972094
1	505	52.6095	0.104177	21.7738	0.0431165	0	0	141.4	0.28	4.07828	0.0080758	5.6607	0.0112093	5738	3655	36124	21963	21846	612728	44799
1	922	1192.26	1.29313	27.7416	0.0300885	0	0	0	0	8.94448	0.00970118	24.2738	0.0263274	86855	2103	26285	24435	23759	109527	964
1	469	0	0	163.215	0.348007	42.4952	0.0906082	0	0	6.04811	0.0128958	11.4653	0.0244463	15846	286	47191	571	238470	64015	342856
1	1170	80.0069	0.0683819	191.957	0.164066	113.636	0.0971244	353	0.301709	6.82144	0.00583029	7.00391	0.00598625	37504	804	74794	1234	164454	36675	716496
1	770	94.0001	0.122078	192.03	0.249389	109.163	0.141771	535.2	0.695065	7.60938	0.00988231	18.3733	0.0238614	4116	5910	39188	24991	315134	112717	566216
1	686	302.269	0.440625	112.434	0.163898	0	0	859	1.25219	7.28107	0.0106138	23.5063	0.0342657	31904	1012	11321	11321	8451	517428	6167
1	444	249.175	0.561205	33.6862	0.0758698	0	0	17.5	0.0394144	9.81267	0.0221006	25.8089	0.0581282	20060	80	19782	19735	144937	252181	186723
1	702	168.262	0.239689	96.1047	0.136901	0	0	120.7	0.19312	4.0345	0.00574715	23.4583	0.0334164	0	6764	417544	2558	572631	1364316	1836579
1	930	93.5033	0.100541	374.354	0.402532	108.484	0.11665	368	0.395699	8.56511	0.00920979	14.2477	0.0153201	9514	0	22628	22568	289857	176500	983185
1	604	0	0	308.149	0.510181	146.915	0.243236	63.3	0.104801	2.80154	0.0046383	20.1482	0.033358	35138	8178	17579	9446	59224	213976	1548668
1	332	23.9851	0.0722442	4.1235	0.0124202	0	0	23.1	0.0695783	1.19649	0.00360388	14.0078	0.0421922	0	2075	101439	101002	925876	1002005	929348
1	561	52.4092	0.0934211	118.892	0.211929	0	0	44.9	0.0800357	2.15952	0.0038494	7.67552	0.0136819	469	11843	337486	76008	510630	1952801	625800
1	872	557.731	0.639599	0	0	0	0	0	0	6.60987	0.00758012	6.71608	0.00770193	10443	1657	42211	38612	45503	90797	14464
1	519	239.258	0.460998	195.564	0.376809	0	0	119.4	0.230058	3.04959	0.00587589	8.53902	0.0164528	17705	1966	578543	35443	914009	1510876	1451387
1	569	121.237	0.21307	118.892	0.20895	0	0	125.7	0.220914	4.67652	0.00821884	6.71608	0.0118033	0	1110	903440	131185	1028569	919113	991811
1	977	0	0	334.339	0.34221	260.639	0.266775	143.7	0.147083	3.35601	0.00343501	20.1482	0.0206226	0	1535	11948	11948	258945	56339	217565
1	770	30.3422	0.0394054	25.76	0.0334546	110.951	0.144092	367.8	0.477662	4.64004	0.00602603	16.5983	0.0215562	16328	45315	83547	10615	465014	903624	689883
1	712	105.738	0.148508	123.846	0.173941	0	0	107.2	0.150562	5.19451	0.00729566	6.71608	0.0094327	0	859	13096	5751	60006	13278	48240
1	1006	207.448	0.20621	377.179	0.374929	126.411	0.125657	460.9	0.524346	2.23247	0.00221916	18.5172	0.0184068	2666	337	47457	38683	208806	162078	197040
1	813	105.738	0.130059	228.87	0.281513	5.52807	0.00679959	63.1	0.0776138	6.77038	0.00832765	6.71608	0.00826086	15080	7571	162355	51367	416565	738135	405680
1	579	0	0	0	0	0	0	41.7	0.0738053	4.97564	0.00859351	0	0	1245	4180	16853	16156	15065	16022	718962
1	514	128.725	0.250437	218.443	0.424987	64.2751	0.125049	0	0	4.18771	0.00814729	0	0	1253	23166	141604	16775	776422	876879	784001
1	27839	0	0	0	0	110.951	0.00398546	478.4	0.854286	253.554	0.00910786	319.494	0.0114765	0	626	124414	0	123058	3960691	101405
1	410	99.1923	0.241932	86.1467	0.210114	13.6113	0.0331982	2476.4	6.04	16.8092	0.0409981	0.863496	0.00210609	447	406	171129	29816	169773	4007406	148120
1	565	105.68	0.187043	332.267	0.588083	0	0	0	0	11.5636	0.0204666	0	0	6610	8241	89844	18900	323224	190884	403567
1	1087	87.8547	0.0808231	0	0	0	0	11.9	0.0109476	13.5772	0.0124906	29.215	0.0268767	3949	472	9052	9062	696771	415542	662795
1	696	105.738	0.151922	0	0	0	0	0	0	2.33461	0.00335433	14.3916	0.0206776	45658	5332	54007	9431	400701	254188	679214
1	1543	263.73	0.170921	277.866	0.180082	0.92358	0.000598561	0	0	4.18771	0.002714	24.8015	0.0160736	8657	18313	316685	86237	316792	6001120	4666072
1	1095	0	0	118.892	0.108578	0	0	0	0	4.47224	0.00408424	20.2442	0.0184878	482	2594	2011898	22963	1943069	6179660	2016343
1	1540	365.026	0.23703	286.333	0.18593	0	0	383.9	0.249286	8.29517	0.00538647	19.0929	0.012398	7343	1093	318020	51412	315463	3848054	312500
1	614	71.7344	0.116831	5.93796	0.00967094	0	0	65.2	0.106189	2.22518	0.00362406	7.67552	0.0125008	270	7860	11246	5852	82617	70920	262518
1	1251	212.201	0.169625	69.2952	0.0553919	89.2051	0.071307	158.1	0.126379	8.22951	0.00657835	0	0	15085	9205	111667	26856	217566	61263	420864
1	281	118.61	0.422101	0	0	92.5868	0.32949	28	0.0996441	2.50971	0.00893135	12.1369	0.0431919	4881	2623	170226	7327	102602	657180	225639
1	633	174.565	0.275774	24.2711	0.038343	0	0	0	0	2.65562	0.0041953	14.0558	0.022205	268	728	114963	134382	739945	319887	879433
1	1292	290.55	0.224884	0	0	0	0	649.3	0.5375	9.83456	0.00761189	18.9969	0.0147035	25765	228	17697	17677	30391	174046	17514
1	645	168.93	0.261908	102.127	0.158337	95.6475	0.148291	273.6	0.424186	3.28305	0.00509	27.9677	0.0433607	0	15696	42534	13452	43464	889851	98117
1	1237	94.1426	0.0761056	0	0	196.485	0.15884	1123.3	1.30616	13.8618	0.011206	46.0531	0.0372297	0	6700	1667	1043	7851	617080	26445
1	1123	0	0	0	0	60.4492	0.0538283	0	0	11.5563	0.0102906	15.0632	0.0134134	62756	6035	2920	2860	2745	1964292	82372
1	371	317.215	0.855027	0	0	0	0	0	0	11.3156	0.0305002	29.215	0.0787465	5837	31816	1186342	50331	385061	2518321	1472437
1	561	0	0	0	0	0	0	0	0	5.96785	0.0106379	13.4322	0.0239433	66291	9105	168012	77059	254974	560323	604900
1	1231	38.6173	0.0313707	25.76	0.0209261	110.951	0.0901309	214.5	0.174249	7.17164	0.00582586	0	0	29239	171	75688	9928	106876	245242	930191
1	710	119.472	0.16827	104.604	0.147329	0	0	629.2	0.886197	3.21009	0.00452125	0	0	7657	2295	34371	9411	135196	131448	380758
1	665	772.35	1.16143	118.892	0.178786	65.8055	0.0989556	0	0	3.85941	0.00580362	11.6572	0.0175296	3132	6446	9318	8414	62418	322826	117596
1	1057	143.341	0.135611	0	0	0	0	1106.7	1.04702	13.5626	0.0128313	37.0344	0.0350373	0	0	118146	45718	17913	1005404	456569
1	385	194.663	0.505617	0	0	0	0	78.6	0.204156	5.41338	0.0140607	14.3916	0.0373808	2147	3106	22140	1580	23508	1457005	5640
1	1865	512.345	0.274716	105.502	0.0565693	78.466	0.0420729	453.6	0.328696	17.7795	0.00953326	29.7427	0.0159478	0	2509	2479	2499	21089	1434212	243243
1	874	0	0	62.3984	0.071394	0	0	0	0	6.0554	0.00692838	8.44307	0.00966027	12905	8263	83163	11695	69542	1203108	475338
1	488	0	0	116.921	0.239593	27.5465	0.0564477	0	0	0.890072	0.00182392	4.89314	0.0100269	12417	8086	7841	8055	21922	377205	66246
1	312	0	0	22.0398	0.0706403	0	0	0	0	1.92605	0.00617325	0	0	0	488	56789	7109	56088	52037	892421
1	548	10.5624	0.0192745	13.3604	0.0243803	16.6236	0.030335	7.9	0.0144161	7.58749	0.0138458	11.8971	0.02171	21417	1428	2757	2761	112233	579067	111354
1	926	105.738	0.114188	0	0	0	0	0	0	4.04909	0.00437267	14.2477	0.0153863	11147	386	34322	339	34459	1511048	381515
1	983	462.232	0.470225	85.6644	0.0871459	210.347	0.213984	5.2	0.00528993	8.42649	0.00857222	1.67902	0.00170806	14647	116	370796	316492	655281	1931028	2298009
1	396	0	0	0	0	0	0	57.9	0.146212	2.15951	0.00545332	10.362	0.0261665	0	1063	1399	1339	128590	29553	62169
1	838	0	0	118.892	0.141876	0	0	425.3	0.507518	7.44887	0.00888887	0.047972	5.72E-05	14947	942	238120	11154	149316	1013080	261128
1	1465	237.482	0.162104	161.7	0.110375	0	0	514	0.406003	9.4187	0.00642915	3.98168	0.00271787	79815	6496	39068	1956	455518	118033	746270
1	523	53.3844	0.102073	0	0	40.6327	0.0776916	0	0	1.45913	0.00278993	6.71608	0.0128415	10440	13491	500994	86695	1009259	1515823	2599317
1	1137	105.738	0.0929973	67.3146	0.0592037	49.5879	0.0436129	40.3	0.0354442	8.25139	0.00725716	0	0	8067	6800	186221	40745	694486	1201050	2284544
1	957	0	0	23.7641	0.0248318	0	0	188.8	0.197283	13.6721	0.0142864	7.67552	0.0080204	3348	2656	81964	20590	425196	931760	2015254
1	769	0	0	237.796	0.309227	73.4573	0.0955231	0	0	4.12205	0.00536027	30.3183	0.0394256	0	6358	182505	22753	324843	831407	1914901
1	599	4.401	0.00734725	0	0	0	0	528.1	0.881636	2.61185	0.00436034	7.67552	0.0128139	7259	10240	11836	11836	41578	1225980	403469
1	966	94.6235	0.0979539	467.489	0.483943	0	0	559.2	0.578882	10.5933	0.0109661	25.1373	0.0260221	0	2194	19819	16427	76849	755280	375666
1	417	620.985	1.48917	0	0	0	0	261.7	0.627578	10.2212	0.0245113	18.9969	0.0455562	7416	272	33375	20940	32433	603230	6067
1	823	211.476	0.256957	344.181	0.418203	0	0	493	0.599028	8.67455	0.0105402	24.6576	0.0299606	5946	2973	5157	5177	4888	23408	151614
1	746	170.708	0.228831	0	0	70.2207	0.0941297	171.9	0.230429	8.96637	0.0120193	7.67552	0.0102889	9720	10188	129204	1066	191221	1383272	331050
1	1041	105.738	0.101573	10.6382	0.0102192	0	0	0	0	3.98343	0.00382654	20.7239	0.0199077	9586	4970	114771	16665	24945	35985	361261
1	921	178.401	0.193703	305.114	0.331285	110.951	0.120468	410.5	0.445711	5.77087	0.00626587	42.6951	0.0463573	4614	12491	24772	17961	31003	134944	230823
1	1660	0	0	0	0	0	0	254.2	0.153133	13.1833	0.00794173	22.0671	0.0132934	0	1754	33434	488	75131	1900419	1453251
1	783	54.839	0.070037	118.892	0.151842	55.8581	0.0713386	209.4	0.373262	5.8803	0.00750996	0	0	14879	0	8301	7988	109839	2560752	793795
1	896	136.718	0.152587	648.189	0.723426	2.29554	0.00256199	173.9	0.194085	10.8341	0.0120916	6.71608	0.00749563	2233	7844	84049	9708	83143	11549	381280
1	698	76.4969	0.109594	233.263	0.334187	308.563	0.442067	305.2	0.437249	4.38469	0.0062818	15.351	0.0219929	12140	694	26778	26938	26614	33912	278555
1	1698	61.8476	0.0364238	0	0	110.951	0.0653422	86.9	0.0511779	6.73389	0.00396578	29.4548	0.0173468	0	191	465882	39566	715263	559769	749953
1	598	84.1867	0.14078	189.824	0.317432	0	0	0	0	1.28404	0.00214722	2.49455	0.00417148	0	694	39115	6618	165474	20016	230573
1	804	84.4848	0.105081	102.118	0.127012	1.81976	0.00226338	115.3	0.143408	9.99506	0.0124317	10.314	0.0128283	9416	6156	453164	36652	561620	624259	660112
1	802	165.897	0.206854	0	0	16.3751	0.0204178	505.7	0.630549	7.12057	0.00887851	32.8129	0.0409138	11315	199	33283	5237	6063	102037	79516
1	1051	0	0	0	0	0	0	403.8	0.471729	4.58167	0.00435935	13.8159	0.0131455	20099	1742	2808	2808	32094	53109	90163
1	345	89.2417	0.258672	0	0	0	0	0	0	3.18091	0.00922003	0	0	3322	3065	58069	9878	13949	26604	1005740
1	828	11.0335	0.0133255	54.9406	0.0663533	0	0	77.8	0.0939614	7.79177	0.00941035	6.71608	0.00811121	16310	1594	107021	23435	106926	110394	150035
1	1109	433.481	0.390875	247.344	0.223033	78.8414	0.0710924	263.9	0.271223	6.97465	0.00628914	7.67552	0.00692112	13577	677	86779	27770	805510	132327	917492
1	595	0	0	0	0	0	0	0	0	0	0	0	0	0	52542	242677	33251	1497899	6421985	1500691
1	481	76.971	0.160023	166.919	0.347024	14.7773	0.030722	78.3	0.162786	16.1526	0.0335813	5.46881	0.0113697	0	296	18857	2097	374936	240533	1509083
1	1084	168.891	0.155803	140.67	0.129769	78.8135	0.0727062	96.6	0.0891144	7.55831	0.00697261	7.67552	0.00708074	5172	11407	220057	39679	710864	1291299	689550
1	548	0	0	0	0	0	0	0	0	0	0	0	0	0	73255	94855	94855	14052	544747	92046
1	849	0	0	0	0	0	0	0	0	0	0	0	0	0	93145	114745	114745	33942	524556	111936
1	565	0	0	0	0	0	0	0	0	0	0	0	0	11007	175241	89747	66233	88716	469224	67813
1	644	102.35	0.158929	0	0	1.4476	0.00224783	54.3	0.0843168	0.780637	0.00121217	0	0	18113	4583	384486	4104	442945	1169933	1358867
1	501	0	0	39.0993	0.0780426	13.0081	0.0259642	12.7	0.0253493	5.09237	0.0101644	0	0	6635	7747	9305	50258	202666	1322283	3266281
1	468	105.738	0.225936	0	0	0	0	192.1	0.41047	10.9143	0.0233212	7.62755	0.0162982	30230	9339	23653	23692	483947	67721	590170
1	960	105.738	0.110144	328.951	0.342657	0	0	0	0	7.87932	0.00820763	6.71608	0.00699592	3547	26310	10228	10214	43105	10860	154420
1	308	0	0	0	0	0	0	73.4	0.238312	5.77087	0.0187366	6.71608	0.0218055	14856	183	22018	998	18554	719572	23102
1	374	193.247	0.516703	322.263	0.861665	167.481	0.447809	0	0	2.90367	0.00776383	0	0	0	14128	65747	14187	53150	3600	73494
1	990	1.73928	0.00175685	0	0	70.8633	0.0715791	349.3	0.352828	7.22271	0.00729567	18.805	0.018995	31415	9395	9959	9977	128172	54224	202305
1	789	65.977	0.0836211	235.865	0.298942	0	0	74	0.0937896	0	0	7.67552	0.00972816	39297	2778	2967	3147	92420	189710	95383
1	1290	208.853	0.161901	0	0	2.77074	0.00214786	539.5	0.418866	5.58119	0.0043265	5.51678	0.00427657	16487	28	7832	7240	4132	955734	898689
1	587	0	0	175.119	0.29833	0	0	0.4	0.000894855	0	0	0.527692	0.000898964	22365	4061	83545	7780	317683	6869	634277
1	494	6.82154	0.0138088	156.154	0.316101	86.6792	0.175464	55.8	0.112955	3.45084	0.00698552	0	0	6519	2482	44420	20838	51324	393725	1036070
1	678	0	0	237.806	0.350746	0	0	0	0	3.356	0.00494986	0	0	7054	6476	100658	39318	206869	318006	269869
1	1535	379.996	0.247555	103.447	0.0673922	285.654	0.186094	289.2	0.202096	11.1186	0.00724338	28.8792	0.0188138	3705	167	75450	15069	178322	390140	627323
1	1022	0	0	118.892	0.116333	110.951	0.108563	224.3	0.219472	12.4756	0.012207	13.4322	0.013143	34608	6518	26045	26077	138658	938596	810559
1	587	225.684	0.384471	78.3145	0.133415	0	0	44.5	0.0758092	4.2023	0.00715894	15.3511	0.0261517	0	7658	11632	11410	134360	1072469	223171
1	428	127.805	0.29861	0	0	0	0	0	0	5.76358	0.0134663	7.67552	0.0179335	0	1488	3251	3251	107528	174415	14132
1	366	0	0	149.919	0.409616	0	0	268.1	0.732514	6.909	0.0188771	7.67552	0.0209714	4835	610	191794	31031	191422	568806	394362
1	599	0	0	0	0	1.53036	0.00255486	0	0	2.53159	0.00422636	6.71608	0.0112122	26486	2273	221297	12911	615229	1503245	501690
1	1652	0	0	0	0	104.58	0.063305	101.2	0.093617	7.20811	0.00436326	23.7941	0.0144032	6507	632	666503	209717	1060435	1948451	946896
1	605	118.714	0.196221	270.522	0.447144	0	0	124.9	0.206446	2.90367	0.00479946	0	0	20946	2076	41089	39874	83309	42237	314558
1	591	89.1876	0.15091	66.3816	0.112321	0	0	288.7	0.488494	2.40757	0.00407372	0	0	25626	1322	69326	6308	36118	94929	98110
1	524	211.477	0.403581	118.892	0.226894	0	0	0	0	3.96884	0.00757412	11.2254	0.0214226	30886	10323	10324	10317	67156	6168	89532
1	398	49.7231	0.124932	28.2153	0.0708927	0	0	269.6	0.677387	5.01942	0.0126116	0	0	0	2287	40105	18969	18612	710398	52825
1	634	73.2262	0.115499	86.8027	0.136913	6.92685	0.0109256	69	0.108833	5.50093	0.00867654	7.67552	0.0121065	8780	12859	9276	9316	263455	275962	508976
1	1128	104.623	0.0927506	369.486	0.327558	110.951	0.0983609	223.2	0.226599	8.84234	0.00783896	27.8238	0.0246665	47717	5160	19324	19190	621642	165186	761251
1	396	7.35568	0.0185749	73.317	0.185144	85.7002	0.216415	389.4	1.15207	2.40027	0.00606129	0	0	4542	5895	337398	22036	557438	641374	522649
1	632	4.5973	0.00727421	0	0	0	0	27.4	0.0433544	6.37642	0.0100893	5.85258	0.00926042	49174	4951	76481	76501	223729	846929	1198780
1	716	0	0	0	0	0	0	201.3	0.281145	10.8268	0.0151212	6.71608	0.00938	0	1634	289731	35950	289355	2236013	1555870
1	986	0	0	0	0	0	0	0	0	0	0	0	0	89866	44443	246739	224337	443459	2517214	567648
1	1607	155.176	0.0965627	268.941	0.167356	140.02	0.087131	0	0	4.50872	0.00280568	34.8757	0.0217023	14021	13299	179303	36182	178762	2163060	213494
1	930	30.9588	0.033289	13.1129	0.0140999	0	0	26.2	0.028172	6.12835	0.00658963	7.67552	0.00825325	17344	35	319237	22129	644123	757342	700242
1	866	68.04	0.0785682	123.846	0.14301	51.2671	0.0591998	31.7	0.0557118	0	0	13.3842	0.0154552	25985	1630	55444	38001	54906	38464	82567
1	400	46.8925	0.117231	0	0	0	0	0	0	3.21009	0.00802523	7.24377	0.0181094	0	404	4550	4570	52482	171169	72005
1	888	102.659	0.115607	63.8431	0.0718953	89.7138	0.101029	151.7	0.241561	4.74218	0.0053403	52.1456	0.0587225	7935	4577	16884	9924	10577	467228	21259
1	553	219.751	0.397381	223.726	0.404568	55.7051	0.100733	16.4	0.0296564	2.08656	0.00377316	15.6869	0.0283668	13196	20423	60406	42960	142897	3318442	550685
1	729	145.275	0.199279	61.4277	0.084263	97.943	0.134353	220.4	0.302332	4.93186	0.00676525	7.67552	0.0105288	1013	4206	12381	4275	131384	36445	546095
1	453	46.28	0.102163	113.828	0.251276	107.704	0.237758	68.7	0.151656	5.78546	0.0127714	18.2773	0.0403473	301	6118	861484	34843	861814	1193510	1418274
1	638	183.892	0.288232	118.892	0.186352	0	0	244.5	0.383229	12.6945	0.0198973	26.3846	0.0413552	62907	0	92733	3601	91738	294675	135235
1	950	0	0	0	0	0	0	0	0	0	0	0	0	1069663	926163	406196	406196	771418	4301341	4329126
1	903	0	0	0	0	0	0	0	0	0	0	0	0	1009748	866248	346281	346281	831380	4361303	4389088
1	503	0	0	0	0	0	0	0	0	0	0	0	0	809929	666429	146462	146462	1031599	4561522	4589307
1	1688	0	0	118.892	0.0704339	0	0	0	0	79.3769	0.0470242	37.4182	0.0221672	143872	556031	735534	192246	363024	6566894	6594679
1	303	0	0	0	0	0	0	0	0	0	0	0	0	29864	930461	362489	13833	9525	6941324	6969109
1	403	0	0	0	0	0	0	0	0	0.26994	0.000669826	0	0	398545	309174	38001	15333	272125	1825355	263585
1	1262	0	0	99.077	0.0785079	0	0	0	0	0	0	0	0	372078	282707	11534	9724	297733	1850963	289193
1	1440	0	0	0	0	0	0	0	0	0	0	7.67552	0.00533022	32625	55012	11365	11385	326820	2053862	628468
1	498	0	0	0	0	0	0	0	0	0	0	0	0	513330	40203	106751	9438	9201	1331535	1351737
1	329	57.0065	0.173272	0	0	0	0	0	0	8.14926	0.0247698	2.49454	0.0075822	481751	8624	75172	19884	20050	1299956	1383485
1	974	105.738	0.10856	69.3539	0.0712052	0	0	67.8	0.0696099	6.72661	0.00690617	0	0	12424	5343	193823	68632	541394	824526	1314418
1	685	0	0	141.68	0.206832	0	0	0	0	4.34091	0.0063371	6.71608	0.0098045	39003	5991	430123	4202	149800	153103	664767
1	829	0	0	0	0	0	0	86.2	0.103981	7.87202	0.00949581	6.71608	0.00810142	30987	4691	579312	12712	576543	981698	1384271
1	763	968.195	1.26893	118.892	0.155822	0	0	25.5	0.0334207	7.87932	0.0103268	7.67552	0.0100597	12956	11604	342144	8025	342367	1464824	1554969
1	455	393.53	0.864901	0	0	21.425	0.047088	111.3	0.244615	11.8555	0.026056	7.91538	0.0173964	9591	4654	70596	22286	68811	87887	3683
1	633	2.75838	0.00435763	118.892	0.187824	70.3966	0.111211	0	0	10.3744	0.0163893	12.2808	0.019401	0	2770	4608	4568	4530	103988	61055
1	880	0	0	0	0	78.8135	0.0895608	0	0	1.86769	0.00212238	0	0	2752	9764	148995	125126	147929	203772	135359
1	896	0	0	118.892	0.132692	0	0	634.6	0.708259	12.0233	0.0134188	7.67552	0.00856643	963	18840	36864	36649	143204	2797380	330974
1	545	101.786	0.186764	0	0	56.543	0.103749	47.1	0.086422	2.80883	0.00515382	11.7531	0.0215654	25556	4195	164015	18686	270355	2924531	407116
1	803	85.3106	0.10624	0	0	0	0	0	0	7.02573	0.00874935	29.7427	0.0370394	26512	13217	262831	19431	235564	3803586	255993
1	661	211.476	0.319933	0	0	0	0	0	0	8.9153	0.0134876	21.1077	0.031933	1427	3040	653766	2752	672420	4240442	692849
1	1002	105.738	0.105527	504.236	0.503229	0	0	200.2	0.1998	5.86571	0.005854	0	0	0	559	211679	75221	1538674	4434734	1559103
1	330	102.857	0.311688	230.702	0.699096	0	0	3.5	0.0106061	3.25387	0.0098602	4.89314	0.0148277	0	6260	66631	2661	1292280	3963334	1195670
1	657	0	0	216.956	0.330222	0	0	145.6	0.221613	5.50093	0.0083728	11.1295	0.0169399	0	9375	31099	28079	118690	2789744	22080
1	372	0	0	0	0	0	0	181.3	0.487366	5.54471	0.0149051	8.25118	0.0221806	12535	2753	36520	25161	768861	1620298	854359
1	767	155.389	0.202593	0	0	0	0	681.6	1.02961	1.80203	0.00234945	7.67552	0.0100072	953	6081	175620	23412	308216	4520378	1391680
1	589	172.319	0.292561	303.53	0.515331	58.4391	0.0992175	249.1	0.42292	5.82924	0.00989684	7.67552	0.0130314	294	0	39464	10459	39482	1889812	52510
1	436	446.539	1.02417	0	0	0	0	101.9	0.233716	5.02672	0.0115292	18.5652	0.0425807	0	3460	4640	2960	2690	1436348	1700
1	689	0	0	0	0	0	0	0	0	0	0	0	0	47831	32312	88898	58937	187997	5670092	516615
1	667	32.1811	0.0482475	0	0	0	0	0	0	3.75727	0.00563308	7.09986	0.0106445	6732	928	140872	732	81380	3937646	619311
1	400	0	0	80.1703	0.200426	81.2189	0.203047	352.1	0.88025	1.71448	0.0042862	13.672	0.0341801	1269	3836	472775	237097	442252	1659760	1432615
1	468	105.738	0.225936	0	0	0	0	0	0	3.47273	0.00742037	0	0	5703	14228	37077	36324	35742	9762644	2857923
1	520	0	0	0	0	104.118	0.200227	0	0	11.1915	0.0215222	0.863496	0.00166057	0	1106	150113	97	148553	11508703	4603982
1	431	0	0	92.1416	0.213786	0	0	3.7	0.0126712	5.18722	0.0120353	7.67552	0.0178086	0	20879	934872	63203	1623107	12871915	6479295
1	309	0	0	118.892	0.384765	0	0	99.5	0.322006	2.1741	0.00703594	0	0	0	35866	3412335	75753	632153	7603866	7792567
1	968	284.113	0.293505	209.06	0.215971	220.358	0.227643	151.5	0.156508	4.11475	0.00425078	0	0	7401	215	153256	47749	1578042	1812737	2001438
1	621	1.73928	0.00280077	254.281	0.409471	0	0	320.5	0.516103	8.03983	0.0129466	22.1151	0.0356121	0	36	83823	602	23967	165292	630557
1	433	51.5467	0.119045	0	0	0	0	3	0.00692841	2.8453	0.00657114	0	0	1399	1073	49051	39408	48116	365681	493365
1	322	27.2862	0.0847398	0	0	15.2391	0.0473263	351.8	1.09255	1.1819	0.00367049	7.67552	0.023837	0	392	21768	20917	20838	501714	124369
1	1003	105.738	0.105422	104.031	0.10372	0	0	0	0	3.77915	0.00376785	6.71608	0.00669599	2451	630	165743	1572	874269	2269592	971362
1	516	190.329	0.368855	39.1238	0.0758212	0	0	0	0	1.02139	0.00197945	9.16265	0.0177571	2215	3598	765266	202000	539848	3407805	1022974
1	992	125.109	0.126118	90.8156	0.091548	76.3646	0.0769805	72.8	0.0733871	7.76259	0.00782519	9.01874	0.00909147	0	23484	592687	305627	367269	3579908	850395
1	642	0	0	19.8154	0.0308651	11.4777	0.017878	279.6	0.435514	2.1887	0.00340919	0	0	5844	8081	249962	29424	2044924	3617051	1931847
1	636	0	0	118.993	0.187096	7.07736	0.0111279	141.4	0.222327	3.64783	0.00573558	0	0	4150	473	207421	6447	206425	15250	15513
1	374	0	0	0	0	0	0	121.5	0.409091	0.240757	0.000643736	0.623636	0.00166748	3545	889	851678	49097	851132	5100664	5253413
1	462	0	0	0	0	0	0	121.7	0.26342	1.76555	0.00382154	0	0	4395	6899	22854	47937	235753	5585680	6259780
1	383	0	0	0	0	0	0	247	0.644909	1.62693	0.00424787	4.36545	0.011398	0	5279	1597127	21923	2199543	3621969	4296069
