1	753	271	53.5	0.0710491	0.197417
2	2974	2655	11687.7	3.92996	4.40215
3	1070	898	351	0.328037	0.390869
4	571	571	111	0.194396	0.194396
5	807	807	225.9	0.279926	0.279926
6	1159	971	124.3	0.107248	0.128012
7	693	592	41.6	0.0600289	0.0702703
8	831	675	41	0.0493381	0.0607407
9	744	744	482.6	0.648656	0.648656
10	1743	1743	102.1	0.0585772	0.0585772
11	1120	1120	251.8	0.224821	0.224821
12	459	459	860.4	1.87451	1.87451
13	1458	1067	0	0	0
14	756	512	0	0	0
15	757	757	69	0.0911493	0.0911493
16	1136	1005	472.6	0.416021	0.470249
17	5886	5747	1118.9	0.190095	0.194693
18	412	381	0	0	0
19	616	616	139.4	0.226299	0.226299
20	2838	2838	205.9	0.0725511	0.0725511
21	705	705	0.2	0.000283688	0.000283688
22	1039	920	0	0	0
23	2368	1489	439.4	0.185557	0.295097
24	502	502	8.4	0.0167331	0.0167331
25	615	524	82.2	0.133659	0.15687
26	947	749	253.6	0.267793	0.338585
27	2062	1701	210	0.101843	0.123457
28	1047	1047	0	0	0
29	885	687	218.2	0.246554	0.317613
30	1662	821	108.2	0.0651023	0.13179
31	844	844	70.1	0.0830569	0.0830569
32	536	536	42.8	0.0798507	0.0798507
33	851	851	108.7	0.127732	0.127732
34	411	411	500.3	1.21727	1.21727
35	650	650	161.6	0.248615	0.248615
36	1205	775	109.1	0.0905394	0.140774
37	448	448	36.6	0.0816964	0.0816964
38	1077	1012	99.8	0.0926648	0.0986166
39	1252	1252	1152.5	0.920527	0.920527
40	1942	1270	384.9	0.198198	0.303071
41	968	968	0	0	0
42	2527	2307	105.4	0.0417095	0.045687
43	998	998	69.4	0.0695391	0.0695391
44	968	968	69	0.071281	0.071281
45	692	692	285.7	0.412861	0.412861
46	787	787	182.7	0.232147	0.232147
47	1493	1057	390.5	0.261554	0.369442
48	1152	1152	458.9	0.398351	0.398351
49	686	686	233.4	0.340233	0.340233
50	1117	1117	608.3	0.544584	0.544584
51	1436	1292	302.5	0.210655	0.234133
52	1593	973	32.7	0.0205273	0.0336074
53	1548	1548	289.1	0.186757	0.186757
54	865	865	550.1	0.635954	0.635954
55	704	704	558.1	0.792756	0.792756
56	858	858	145.5	0.16958	0.16958
57	8769	8547	108328	12.3535	12.6743
58	7558	6917	80203.7	10.6118	11.5952
59	468	100	98.4	0.210256	0.984
60	1297	229	2153.1	1.66006	9.40218
61	601	0	0	0	0
62	1199	42	0	0	0
63	495	325	130.1	0.262828	0.400308
64	718	710	2667	3.71448	3.75634
65	403	403	0	0	0
66	627	0	0	0	0
67	957	54	0	0	0
68	318	0	0	0	0
69	345	0	0	0	0
70	734	707	368.1	0.501499	0.520651
71	441	441	652.5	1.47959	1.47959
72	1477	576	4.4	0.00297901	0.00763889
73	474	337	0	0	0
74	412	412	0	0	0
75	969	723	988.7	1.02033	1.3675
76	857	857	303.4	0.354026	0.354026
77	442	442	247.8	0.560633	0.560633
78	1372	1184	68.5	0.0499271	0.0578547
79	749	617	71.9	0.0959947	0.116532
80	823	823	92.6	0.112515	0.112515
81	1297	1165	655.6	0.505474	0.562747
82	738	738	0	0	0
83	1036	715	0	0	0
84	771	57	0	0	0
85	989	946	69.4	0.0701719	0.0733615
86	862	862	26.6	0.0308585	0.0308585
87	1086	621	236.4	0.21768	0.380676
88	1063	642	14.7	0.0138288	0.0228972
89	490	368	267.9	0.546735	0.727989
90	658	520	241	0.366261	0.463462
91	1101	1101	69.9	0.0634877	0.0634877
92	428	428	0	0	0
93	1136	802	262.7	0.23125	0.327556
94	717	579	0	0	0
95	1256	1256	69.5	0.0553344	0.0553344
96	1185	1185	0	0	0
97	1219	1219	62.9	0.0515997	0.0515997
98	1020	598	552.6	0.541765	0.92408
99	1685	1654	621.9	0.36908	0.375998
100	433	433	140.4	0.324249	0.324249
101	404	404	182.9	0.452723	0.452723
102	589	589	0	0	0
103	1059	1059	0	0	0
104	930	820	0	0	0
105	1156	1124	8.7	0.00752595	0.00774021
106	1223	1001	0	0	0
107	502	502	68.5	0.136454	0.136454
108	4888	4834	36302.3	7.42682	7.50978
109	1083	1083	331.3	0.30591	0.30591
110	528	380	0	0	0
111	720	610	0	0	0
112	758	758	176	0.23219	0.23219
113	984	984	497.5	0.505589	0.505589
114	947	872	18.6	0.019641	0.0213303
115	973	973	457.9	0.470606	0.470606
116	514	514	0	0	0
117	1092	1092	546	0.5	0.5
118	2093	1443	972.1	0.464453	0.673666
119	684	308	0	0	0
120	1034	1034	171.1	0.165474	0.165474
121	1470	416	492.9	0.335306	1.18486
122	867	867	69	0.0795848	0.0795848
123	658	658	31.8	0.0483283	0.0483283
124	660	567	0	0	0
125	1276	1073	95.5	0.0748433	0.0890028
126	623	623	356.2	0.57175	0.57175
127	3055	2518	431.5	0.141244	0.171366
128	755	745	0	0	0
129	1130	680	0	0	0
130	1991	1991	665.1	0.334053	0.334053
131	915	512	158.8	0.173552	0.310156
132	1155	1155	138.3	0.11974	0.11974
133	764	764	109.2	0.142932	0.142932
134	1118	1118	375.8	0.336136	0.336136
135	1162	1162	198	0.170396	0.170396
136	731	731	0	0	0
137	1205	1205	264.2	0.219253	0.219253
138	531	531	80.9	0.152354	0.152354
139	775	775	70.8	0.0913548	0.0913548
140	461	461	0	0	0
141	1138	1138	69	0.0606327	0.0606327
142	1054	1054	319.8	0.303416	0.303416
143	1424	1424	0	0	0
144	1096	1096	644.5	0.588047	0.588047
145	1330	1076	171.3	0.128797	0.159201
146	886	886	0	0	0
147	864	683	82.2	0.0951389	0.120351
148	713	452	67.4	0.0945302	0.149115
149	2430	794	108	0.0444444	0.13602
150	962	890	423.9	0.440644	0.476292
151	1268	1268	258.8	0.204101	0.204101
152	1298	1160	14.6	0.0112481	0.0125862
153	310	310	0	0	0
154	437	437	179.2	0.410069	0.410069
155	808	808	355.5	0.439975	0.439975
156	8524	8524	35505.1	4.16531	4.16531
157	8077	8077	19204.7	2.3777	2.3777
158	19056	19056	56170.6	2.94766	2.94766
159	6486	6486	34899.4	5.38073	5.38073
160	6962	6962	42198.8	6.0613	6.0613
161	12458	12257	85019.6	6.8245	6.93641
162	30196	30196	135186	4.47695	4.47695
163	861	861	19400.3	22.5323	22.5323
164	12524	12524	49093	3.91991	3.91991
165	19642	19642	111825	5.69316	5.69316
166	26100	20880	719586	27.5703	34.4629
167	7514	7324	629943	83.8359	86.0108
168	6912	6835	547587	79.2227	80.1152
169	1650	1650	133204	80.7299	80.7299
170	1073	1073	50642.1	47.1967	47.1967
171	1712	1684	15075.7	8.8059	8.95232
172	1778	1778	121101	68.1109	68.1109
173	10224	3084	106711	10.4373	34.6016
174	2794	0	0	0	0
175	776	0	0	0	0
176	3753	3594	105750	28.1776	29.4242
177	3969	3365	3186.5	0.802847	0.946954
178	4946	4867	23325.7	4.71607	4.79262
179	6399	6399	52452.9	8.19705	8.19705
180	7161	7161	18323.5	2.55879	2.55879
181	1517	1517	2511.1	1.65531	1.65531
182	2759	2759	9942.8	3.60377	3.60377
183	2367	2367	15608.6	6.59425	6.59425
184	604	604	103	0.17053	0.17053
185	809	809	0	0	0
186	1206	1206	144.5	0.119818	0.119818
187	2380	2106	275.3	0.115672	0.130722
188	934	768	8	0.00856531	0.0104167
189	735	735	230.5	0.313605	0.313605
190	1603	1370	0	0	0
191	585	585	0	0	0
192	845	446	0	0	0
193	2857	1014	388.3	0.135912	0.382939
194	1218	1218	169	0.138752	0.138752
195	1078	1078	178.3	0.165399	0.165399
196	1120	1120	181.7	0.162232	0.162232
197	1778	1493	326.4	0.183577	0.21862
198	1196	1026	61.9	0.0517559	0.0603314
199	1568	1374	664.6	0.423852	0.483697
200	2855	2855	440.7	0.154361	0.154361
201	290	290	0	0	0
202	2057	2057	507	0.246475	0.246475
203	1182	1182	340.4	0.287986	0.287986
204	1041	1041	0	0	0
205	794	715	353.5	0.445214	0.494406
206	802	802	0	0	0
207	708	708	355.2	0.501695	0.501695
208	2179	2039	0	0	0
209	687	687	0	0	0
210	559	357	0	0	0
211	1649	1616	0	0	0
212	544	544	120.6	0.221691	0.221691
213	1138	930	89	0.0782074	0.0956989
214	518	518	105.7	0.204054	0.204054
215	1201	1201	75.9	0.0631973	0.0631973
216	682	682	0	0	0
217	1248	1200	518.4	0.415385	0.432
218	687	687	24.5	0.0356623	0.0356623
219	1205	1157	89.3	0.0741079	0.0771824
220	924	924	69	0.0746753	0.0746753
221	1431	1431	7.7	0.00538085	0.00538085
222	912	548	83	0.0910088	0.15146
223	585	585	119.1	0.20359	0.20359
224	823	823	0	0	0
225	1426	936	151.2	0.106031	0.161538
226	640	640	135.1	0.211094	0.211094
227	974	974	123.1	0.126386	0.126386
228	1396	1396	1042.5	0.746777	0.746777
229	1113	1113	763.6	0.686074	0.686074
230	663	663	0	0	0
231	2485	1948	74.6	0.0300201	0.0382957
232	1118	815	500.5	0.447674	0.61411
233	18795	265	57.4	0.003054	0.216604
234	1174	1087	0	0	0
235	1299	1046	361.3	0.278137	0.345411
236	1151	1151	486.1	0.422328	0.422328
237	774	555	290.3	0.375065	0.523063
238	440	440	174.7	0.397045	0.397045
239	1160	986	95.3	0.0821552	0.0966531
240	775	630	238.9	0.308258	0.379206
241	1084	1084	164.6	0.151845	0.151845
242	1098	1098	0	0	0
243	766	233	35.3	0.0460836	0.151502
244	1160	1160	0	0	0
245	990	753	75.1	0.0758586	0.0997344
246	1524	1373	134.6	0.0883202	0.0980335
247	436	436	131.7	0.302064	0.302064
248	2615	2281	160.6	0.0614149	0.0704077
249	951	951	200.9	0.211251	0.211251
250	465	465	0	0	0
251	823	823	0	0	0
252	765	765	470.8	0.615425	0.615425
253	436	436	25.5	0.0584862	0.0584862
254	1042	1042	595	0.571017	0.571017
255	625	625	170.2	0.27232	0.27232
256	2876	2876	682.5	0.237309	0.237309
257	1900	1900	3245.8	1.70832	1.70832
258	1492	1492	3078.9	2.06361	2.06361
259	1025	1025	26578.3	25.93	25.93
260	1011	276	0	0	0
261	1137	354	41440.5	36.4472	117.064
262	1041	1041	119.4	0.114697	0.114697
263	715	715	2510.2	3.51077	3.51077
264	495	486	194.6	0.393131	0.400412
265	831	831	504.4	0.60698	0.60698
266	1059	1059	0	0	0
267	1881	1269	933.6	0.496332	0.735697
268	1114	1114	0	0	0
269	949	564	5	0.0052687	0.00886525
270	682	682	291	0.426686	0.426686
271	356	356	33.6	0.094382	0.094382
272	685	685	396.8	0.57927	0.57927
273	375	375	0	0	0
274	846	447	167.8	0.198345	0.375391
275	785	492	115.6	0.147261	0.234959
276	479	479	0	0	0
277	1706	1415	428.2	0.250996	0.302615
278	1438	1198	0	0	0
279	916	916	74.3	0.0811135	0.0811135
280	1077	1077	96	0.0891365	0.0891365
281	931	354	0	0	0
282	1475	1475	69.9	0.0473898	0.0473898
283	1864	1864	91.7	0.0491953	0.0491953
284	699	699	234.1	0.334907	0.334907
285	620	620	119.2	0.192258	0.192258
286	477	477	129.8	0.272117	0.272117
287	560	560	0	0	0
288	599	599	69.5	0.116027	0.116027
289	659	554	30.4	0.0461305	0.0548736
290	951	951	368.7	0.387697	0.387697
291	1588	1588	371.5	0.233942	0.233942
292	672	672	31.1	0.0462798	0.0462798
293	1629	1331	218.1	0.133886	0.163862
294	728	328	65	0.0892857	0.198171
295	968	799	0	0	0
296	1967	1609	238.7	0.121352	0.148353
297	1723	671	57	0.0330818	0.0849478
298	613	613	0	0	0
299	352	352	0	0	0
300	772	772	275.4	0.356736	0.356736
301	1626	1626	343	0.210947	0.210947
302	1454	1454	371.5	0.255502	0.255502
303	954	954	265.5	0.278302	0.278302
304	649	649	59.9	0.0922958	0.0922958
305	2827	1842	20.7	0.00732225	0.0112378
306	445	445	8.9	0.02	0.02
307	659	659	0	0	0
308	843	843	271.6	0.322183	0.322183
309	709	709	208.3	0.293794	0.293794
310	968	968	0	0	0
311	382	382	128.7	0.336911	0.336911
312	1056	1056	96.9	0.0917614	0.0917614
313	718	718	0	0	0
314	1206	478	0	0	0
315	1484	1484	225	0.151617	0.151617
316	2056	1911	113.4	0.0551556	0.0593407
317	597	597	0	0	0
318	803	761	122.4	0.152428	0.160841
319	374	27	0	0	0
320	1583	1110	16195	10.2306	14.5901
321	872	802	182.9	0.209748	0.228055
322	739	739	66.3	0.0897158	0.0897158
323	1928	1406	117.3	0.0608402	0.0834282
324	779	779	123.2	0.158151	0.158151
325	940	940	179.6	0.191064	0.191064
326	583	583	36.5	0.0626072	0.0626072
327	948	667	0	0	0
328	841	841	277.6	0.330083	0.330083
329	1193	916	69.8	0.058508	0.0762009
330	795	795	668.8	0.841258	0.841258
331	2044	2044	266.4	0.130333	0.130333
332	567	567	68.5	0.120811	0.120811
333	896	896	0	0	0
334	1276	1276	266.9	0.209169	0.209169
335	1047	1047	115.8	0.110602	0.110602
336	1586	1084	261	0.164565	0.240775
337	1109	684	31.8	0.0286745	0.0464912
338	1559	330	145.1	0.0930725	0.439697
339	761	761	0	0	0
340	558	558	69.1	0.123835	0.123835
341	1089	1089	174.1	0.159871	0.159871
342	793	793	116.6	0.147037	0.147037
343	945	945	887.4	0.939048	0.939048
344	1804	1804	5465.1	3.02943	3.02943
345	2094	2094	14504.7	6.92679	6.92679
346	3696	3696	6683.3	1.80825	1.80825
347	367	367	653.6	1.78093	1.78093
348	3157	3157	661.5	0.209534	0.209534
349	1322	1131	372.5	0.28177	0.329355
350	701	701	33.8	0.0482168	0.0482168
351	1387	1387	513.4	0.370151	0.370151
352	534	534	34.3	0.0642322	0.0642322
353	1555	1555	94.6	0.060836	0.060836
354	740	650	64	0.0864865	0.0984615
355	639	639	43.4	0.0679186	0.0679186
356	706	706	360.3	0.51034	0.51034
357	724	724	38	0.0524862	0.0524862
358	956	575	99.2	0.103766	0.172522
359	771	771	0	0	0
360	1985	1348	464.4	0.233955	0.34451
361	1749	1312	0	0	0
362	1533	1224	131.1	0.0855186	0.107108
363	581	547	115.3	0.198451	0.210786
364	1289	964	25.2	0.01955	0.0261411
365	632	632	0	0	0
366	1412	1412	259.4	0.183711	0.183711
367	2550	1532	127.6	0.0500392	0.0832898
368	483	483	84.1	0.17412	0.17412
369	1469	1469	83.4	0.0567733	0.0567733
370	338	338	69	0.204142	0.204142
371	715	715	94.9	0.132727	0.132727
372	681	468	51	0.0748899	0.108974
373	594	594	581	0.978114	0.978114
374	1817	1403	161.1	0.0886626	0.114825
375	1118	358	0	0	0
376	986	333	118.1	0.119777	0.354655
377	750	750	69.7	0.0929333	0.0929333
378	515	515	0	0	0
379	1205	1067	295.1	0.244896	0.27657
380	1014	1014	74.2	0.0731755	0.0731755
381	980	722	0	0	0
382	948	948	199.7	0.210654	0.210654
383	560	560	52.1	0.0930357	0.0930357
384	3432	2842	498	0.145105	0.175229
385	701	701	228.4	0.32582	0.32582
386	2336	2336	63.4	0.0271404	0.0271404
387	876	876	247.7	0.282763	0.282763
388	515	515	231	0.448544	0.448544
389	1645	1147	546.9	0.332462	0.476809
390	1624	1279	189	0.116379	0.147772
391	3319	2749	1080.2	0.325459	0.392943
392	887	887	26.2	0.0295378	0.0295378
393	1250	617	13.9	0.01112	0.0225284
394	778	778	190.6	0.244987	0.244987
395	522	522	544.6	1.0433	1.0433
396	654	654	0	0	0
397	2069	922	503.3	0.243258	0.545879
398	495	495	131.3	0.265253	0.265253
399	740	740	160.7	0.217162	0.217162
400	2271	2074	105.2	0.0463232	0.0507232
401	362	362	73.6	0.203315	0.203315
402	850	850	53.5	0.0629412	0.0629412
403	959	878	515.3	0.537331	0.586902
404	1346	769	427.7	0.317756	0.556177
405	976	976	320.3	0.328176	0.328176
406	2237	2081	69	0.0308449	0.0331571
407	484	484	0	0	0
408	1382	1382	129.5	0.0937048	0.0937048
409	458	312	1145.5	2.50109	3.67147
410	1327	1327	167.3	0.126074	0.126074
411	757	351	0.9	0.0011889	0.0025641
412	460	47	32.2	0.07	0.685106
413	4713	4567	1254.2	0.266115	0.274622
414	1077	1077	170.7	0.158496	0.158496
415	993	993	315	0.317221	0.317221
416	552	552	398.3	0.721558	0.721558
417	1702	1702	324.8	0.190834	0.190834
418	871	871	121.8	0.139839	0.139839
419	911	911	96.9	0.106367	0.106367
420	1798	1149	260.2	0.144716	0.226458
421	807	807	28.7	0.0355638	0.0355638
422	1078	835	25.8	0.0239332	0.0308982
423	777	777	191	0.245817	0.245817
424	1250	1250	0	0	0
425	767	638	44.5	0.0580183	0.0697492
426	1705	1594	19.4	0.0113783	0.0121706
427	553	433	99.4	0.179747	0.229561
428	2563	2563	2.2	0.000858369	0.000858369
429	535	535	0	0	0
430	1025	1025	248.9	0.242829	0.242829
431	1147	514	0	0	0
432	1804	1804	113.3	0.0628049	0.0628049
433	761	579	67.6	0.0888305	0.116753
434	1763	1763	1148.3	0.651333	0.651333
435	1254	1254	565.8	0.451196	0.451196
436	878	878	282.1	0.321298	0.321298
437	1222	839	206.6	0.169067	0.246246
438	1020	1020	407.5	0.39951	0.39951
439	1115	1115	662.5	0.59417	0.59417
440	1099	940	605.8	0.551228	0.644468
441	978	697	0	0	0
442	472	472	0	0	0
443	703	345	27.3	0.0388336	0.0791304
444	1625	1501	260	0.16	0.173218
445	1074	617	89.6	0.0834264	0.145219
446	1476	1476	241.3	0.163482	0.163482
447	1440	619	159.6	0.110833	0.257835
448	835	835	105.8	0.126707	0.126707
449	832	617	129.7	0.155889	0.210211
450	899	806	77.7	0.0864294	0.096402
451	748	748	361.6	0.483422	0.483422
452	1780	1780	71.5	0.0401685	0.0401685
453	1328	1328	69.1	0.0520331	0.0520331
454	622	622	0	0	0
455	1244	925	72.2	0.0580386	0.0780541
456	907	752	0	0	0
457	559	559	7937.1	14.1987	14.1987
458	746	746	135.9	0.182172	0.182172
459	745	745	1187.1	1.59342	1.59342
460	872	872	227.2	0.26055	0.26055
461	795	795	443.2	0.557484	0.557484
462	1191	952	624.6	0.524433	0.656092
463	687	687	302.7	0.440611	0.440611
464	1029	1029	134.8	0.131001	0.131001
465	535	535	51.1	0.095514	0.095514
466	639	639	208.9	0.326917	0.326917
467	769	769	115.6	0.150325	0.150325
468	2280	2104	101.3	0.0444298	0.0481464
469	2526	2526	1012.9	0.40099	0.40099
470	1035	1035	0	0	0
471	1275	1232	262	0.20549	0.212662
472	641	641	0	0	0
473	469	469	0	0	0
474	1883	1558	272.4	0.144663	0.17484
475	1044	795	2114.9	2.02577	2.66025
476	453	332	70	0.154525	0.210843
477	940	940	1094.8	1.16468	1.16468
478	695	399	54.1	0.0778417	0.135589
479	495	0	0	0	0
480	495	495	93.6	0.189091	0.189091
481	964	702	474.9	0.492635	0.676496
482	2681	2681	279.6	0.104289	0.104289
483	726	343	255.1	0.351377	0.743732
484	773	606	509.4	0.658991	0.840594
485	2017	1106	244.8	0.121368	0.221338
486	1040	1000	382.7	0.367981	0.3827
487	408	231	135.5	0.332108	0.58658
488	2851	2851	849.5	0.297966	0.297966
489	675	622	171.9	0.254667	0.276367
490	890	890	176.2	0.197978	0.197978
491	1197	1197	375.8	0.313952	0.313952
492	808	808	324.3	0.401361	0.401361
493	779	779	69	0.0885751	0.0885751
494	995	861	265.1	0.266432	0.307898
495	2225	1951	305.9	0.137483	0.156791
496	818	818	423.4	0.517604	0.517604
497	1323	912	333.7	0.25223	0.365899
498	1893	1760	76.2	0.0402536	0.0432955
499	1880	1718	558	0.296809	0.324796
500	1162	1162	125.5	0.108003	0.108003
501	724	724	184	0.254144	0.254144
502	1294	1294	469.8	0.36306	0.36306
503	910	910	0	0	0
504	1429	1228	485.1	0.339468	0.395033
505	1777	1377	191.5	0.107766	0.13907
506	401	401	24.7	0.061596	0.061596
507	749	749	190.4	0.254206	0.254206
508	2359	950	367.2	0.155659	0.386526
509	739	739	52.5	0.0710419	0.0710419
510	1619	1619	383.1	0.236628	0.236628
511	1432	1194	290.8	0.203073	0.243551
512	1032	1032	480.2	0.46531	0.46531
513	2097	933	0	0	0
514	962	831	48.4	0.0503119	0.0582431
515	462	462	69.7	0.150866	0.150866
516	731	657	215.2	0.294391	0.327549
517	1520	1520	262.1	0.172434	0.172434
518	579	451	0	0	0
519	927	927	167.6	0.180798	0.180798
520	1944	1908	667.7	0.343467	0.349948
521	2495	2455	10376.7	4.159	4.22676
522	7583	1395	457.6	0.0603455	0.328029
523	951	0	0	0	0
524	1071	0	0	0	0
525	1185	0	0	0	0
526	2340	0	0	0	0
527	726	726	0	0	0
528	1261	675	93.7	0.0743061	0.138815
529	830	0	0	0	0
530	839	613	0	0	0
531	1118	1118	542	0.484794	0.484794
532	3994	3371	29.6	0.00741112	0.00878078
533	384	230	476.2	1.2401	2.07043
534	1454	393	0	0	0
535	1745	201	28.3	0.0162178	0.140796
536	590	74	0	0	0
537	1101	1032	113.2	0.102816	0.10969
538	900	900	505.8	0.562	0.562
539	1444	468	143.5	0.0993767	0.306624
540	1136	923	0	0	0
541	766	766	0	0	0
542	675	675	63.6	0.0942222	0.0942222
543	571	571	249.1	0.436252	0.436252
544	637	637	24.4	0.0383046	0.0383046
545	576	576	109.1	0.18941	0.18941
546	2281	1784	219.5	0.0962297	0.123038
547	701	583	23.3	0.0332382	0.0399657
548	1690	1629	231.9	0.137219	0.142357
549	759	527	47.7	0.0628459	0.0905123
550	3216	2342	71.9	0.022357	0.0307003
551	955	955	505.6	0.529424	0.529424
552	1033	724	230.6	0.223233	0.318508
553	756	521	228.5	0.302249	0.43858
554	1256	1256	108.3	0.0862261	0.0862261
555	744	744	184.8	0.248387	0.248387
556	2087	1683	492.7	0.236081	0.292751
557	1319	1201	1133.6	0.859439	0.94388
558	912	912	289.9	0.317873	0.317873
559	852	520	0	0	0
560	515	297	159.3	0.30932	0.536364
561	1574	1382	281	0.178526	0.203329
562	949	949	126.6	0.133404	0.133404
563	2363	1804	347.2	0.146932	0.192461
564	934	545	0	0	0
565	828	828	136.7	0.165097	0.165097
566	2174	1746	183.4	0.0843606	0.10504
567	980	817	273.8	0.279388	0.335129
568	1366	1366	131.3	0.0961201	0.0961201
569	429	429	168.7	0.39324	0.39324
570	1021	925	135.6	0.132811	0.146595
571	859	859	0	0	0
572	480	480	215.8	0.449583	0.449583
573	844	844	0	0	0
574	511	511	333.8	0.653229	0.653229
575	744	744	79	0.106183	0.106183
576	828	649	157.4	0.190097	0.242527
577	981	981	134.3	0.136901	0.136901
578	702	487	0	0	0
579	822	822	70.1	0.0852798	0.0852798
580	1106	1106	367.8	0.33255	0.33255
581	680	680	199.9	0.293971	0.293971
582	1000	1000	154.9	0.1549	0.1549
583	864	864	40.1	0.046412	0.046412
584	533	533	233.7	0.438462	0.438462
585	1684	1310	641.5	0.380938	0.489695
586	1348	1348	67.5	0.0500742	0.0500742
587	924	0	0	0	0
588	709	348	0	0	0
589	817	176	0	0	0
590	1241	1241	483.1	0.389283	0.389283
591	1079	1047	176.4	0.163485	0.168481
592	1684	1684	226	0.134204	0.134204
593	816	816	93.4	0.114461	0.114461
594	1014	0	0	0	0
595	755	242	0	0	0
596	487	487	90.4	0.185626	0.185626
597	2508	2508	69	0.027512	0.027512
598	1508	1508	479.7	0.318103	0.318103
599	1541	783	46	0.0298507	0.0587484
600	635	635	283.8	0.446929	0.446929
601	3845	1217	609	0.158388	0.500411
602	905	50	0	0	0
603	703	288	247	0.351351	0.857639
604	347	347	441.4	1.27205	1.27205
605	4150	1289	871.4	0.209976	0.676028
606	650	0	0	0	0
607	773	0	0	0	0
608	4195	1484	1965.7	0.468582	1.3246
609	1525	1525	899	0.589508	0.589508
610	560	560	729.1	1.30196	1.30196
611	6377	4389	29121.6	4.56666	6.63513
612	5742	3579	38127.6	6.64013	10.6531
613	5111	5111	9031.3	1.76703	1.76703
614	4422	4422	19329.7	4.37126	4.37126
615	836	836	1815.3	2.17141	2.17141
616	5542	5542	53250	9.60844	9.60844
617	3260	3260	10095.7	3.09684	3.09684
618	341	0	0	0	0
619	1068	1068	2614.4	2.44794	2.44794
620	728	728	1622.5	2.22871	2.22871
621	23606	10422	452815	19.1822	43.448
622	3796	2228	15054.1	3.96578	6.75678
623	1787	1252	39571.6	22.1442	31.6067
624	10492	5544	88159.1	8.40251	15.9017
625	4852	2339	28242	5.82069	12.0744
626	1060	1060	15.2	0.0143396	0.0143396
627	550	550	160.5	0.291818	0.291818
628	1169	810	0	0	0
629	834	834	0	0	0
630	1006	627	319	0.317097	0.508772
631	1174	1019	297.1	0.253066	0.29156
632	408	408	168	0.411765	0.411765
633	533	533	0	0	0
634	1962	1854	636.4	0.324363	0.343258
635	2469	2469	0	0	0
636	892	892	0	0	0
637	447	447	0	0	0
638	907	907	0	0	0
639	711	711	58.9	0.0828411	0.0828411
640	571	571	436.4	0.764273	0.764273
641	2275	2275	101.7	0.0447033	0.0447033
642	786	765	365	0.464377	0.477124
643	1024	1024	225.5	0.220215	0.220215
644	1554	1554	175.4	0.11287	0.11287
645	1016	1016	82.9	0.0815945	0.0815945
646	329	329	86.3	0.26231	0.26231
647	1396	1396	288.2	0.206447	0.206447
648	716	716	470.5	0.657123	0.657123
649	610	593	452.5	0.741803	0.763069
650	1946	419	174.9	0.0898767	0.417422
651	1009	1009	403.5	0.399901	0.399901
652	1062	737	21.1	0.0198682	0.0286296
653	418	328	0	0	0
654	2075	994	88	0.0424096	0.0885312
655	1065	1065	15.6	0.0146479	0.0146479
656	2767	2220	672.9	0.243188	0.303108
657	1897	456	259.1	0.136584	0.568202
658	1049	1049	0	0	0
659	799	799	214.9	0.268961	0.268961
660	726	726	108.7	0.149725	0.149725
661	2304	2304	2143.3	0.930252	0.930252
662	4385	4385	11043.6	2.51849	2.51849
663	768	700	0	0	0
664	7961	3696	18836.7	2.36612	5.09651
665	2903	811	3344.3	1.15202	4.12367
666	5968	1911	37470.9	6.27864	19.608
667	5012	5012	54530.1	10.8799	10.8799
668	1215	1215	508.5	0.418519	0.418519
669	393	393	755.9	1.92341	1.92341
670	2017	1938	3182.8	1.57799	1.64231
671	1236	1236	1280.5	1.036	1.036
672	1063	784	710.9	0.668768	0.90676
673	619	554	0	0	0
674	1015	859	0	0	0
675	1674	634	0	0	0
676	761	515	319.2	0.419448	0.619806
677	1589	1519	1170.2	0.736438	0.770375
678	1180	1180	181.4	0.153729	0.153729
679	576	576	20.2	0.0350694	0.0350694
680	496	496	0	0	0
681	627	627	78.1	0.124561	0.124561
682	1441	1285	144.4	0.100208	0.112374
683	1266	1124	99.4	0.078515	0.0884342
684	645	645	823.5	1.27674	1.27674
685	559	559	265.9	0.475671	0.475671
686	1313	285	0	0	0
687	2132	2079	282.5	0.132505	0.135883
688	486	486	98.8	0.203292	0.203292
689	453	453	222.1	0.490287	0.490287
690	1164	1164	131.5	0.112973	0.112973
691	497	497	2.1	0.00422535	0.00422535
692	820	820	3.9	0.0047561	0.0047561
693	503	196	2	0.00397614	0.0102041
694	449	449	0	0	0
695	1319	896	366.8	0.278089	0.409375
696	3125	2455	985.9	0.315488	0.401589
697	771	771	443.1	0.574708	0.574708
698	740	567	27.4	0.037027	0.0483245
699	1020	1020	1344.7	1.31833	1.31833
700	932	743	582.5	0.625	0.783984
701	1591	1520	276009	173.481	181.585
702	620	620	0	0	0
703	1944	1455	261.6	0.134568	0.179794
704	867	867	128.8	0.148558	0.148558
705	1490	912	0	0	0
706	541	541	372.4	0.688355	0.688355
707	4337	2986	9072.9	2.09198	3.03848
708	724	724	24066.1	33.2405	33.2405
709	1027	1027	61867.9	60.2414	60.2414
710	1931	1931	239104	123.824	123.824
711	2222	2222	421827	189.841	189.841
712	750	739	0	0	0
713	769	769	555.3	0.722107	0.722107
714	726	726	120.3	0.165702	0.165702
715	947	947	218	0.230201	0.230201
716	1131	911	478.8	0.423342	0.525576
717	877	667	0	0	0
718	1394	1394	0	0	0
719	1241	1034	0	0	0
720	985	787	195.9	0.198883	0.24892
721	720	572	73.1	0.101528	0.127797
722	1693	618	86.7	0.0512109	0.140291
723	1036	1036	166.9	0.1611	0.1611
724	1290	1290	657.2	0.509457	0.509457
725	506	338	181.6	0.358893	0.537278
726	1261	1261	112.5	0.0892149	0.0892149
727	2368	2021	0	0	0
728	1514	1514	324.7	0.214465	0.214465
729	987	430	0	0	0
730	1153	670	0	0	0
731	1204	1204	147.4	0.122425	0.122425
732	1831	362	0	0	0
733	1490	1227	1357.2	0.910872	1.10611
734	750	750	228.8	0.305067	0.305067
735	1434	1434	69.8	0.048675	0.048675
736	782	782	37.9	0.0484655	0.0484655
737	696	696	0	0	0
738	1318	1318	207.1	0.157132	0.157132
739	1723	1284	702.9	0.407951	0.54743
740	860	860	248.9	0.289419	0.289419
741	936	598	307.4	0.328419	0.514047
742	724	724	188.1	0.259807	0.259807
743	3052	2181	66.1	0.0216579	0.0303072
744	515	136	0	0	0
745	1128	871	0	0	0
746	760	760	73.5	0.0967105	0.0967105
747	1967	1305	840	0.427046	0.643678
748	608	608	69	0.113487	0.113487
749	1518	1518	98.6	0.0649539	0.0649539
750	645	645	0	0	0
751	710	710	172.4	0.242817	0.242817
752	383	383	70.5	0.184073	0.184073
753	1165	1165	381.2	0.32721	0.32721
754	832	420	0	0	0
755	800	800	392.9	0.491125	0.491125
756	837	811	23.4	0.027957	0.0288533
757	1028	1028	608	0.59144	0.59144
758	823	823	70	0.0850547	0.0850547
759	836	836	134	0.160287	0.160287
760	1408	712	70.4	0.05	0.0988764
761	650	650	43.7	0.0672308	0.0672308
762	530	0	0	0	0
763	1902	1186	68.9	0.036225	0.0580944
764	920	870	82.1	0.0892391	0.0943678
765	664	641	245.5	0.369729	0.382995
766	1040	1040	37.1	0.0356731	0.0356731
767	1503	1503	111.7	0.074318	0.074318
768	1128	970	132.7	0.117642	0.136804
769	1933	1871	149.7	0.0774444	0.0800107
770	1091	935	448.9	0.411457	0.480107
771	1833	1833	0	0	0
772	1204	1204	446.3	0.370681	0.370681
773	723	723	30	0.0414938	0.0414938
774	1706	1148	252.8	0.148183	0.220209
775	682	682	618.7	0.907185	0.907185
776	459	459	200.6	0.437037	0.437037
777	905	549	500.9	0.553481	0.912386
778	359	359	0	0	0
779	1620	1620	168.2	0.103827	0.103827
780	1932	1932	1209.1	0.625828	0.625828
781	1385	1161	178.8	0.129097	0.154005
782	319	319	54.9	0.1721	0.1721
783	540	540	94	0.174074	0.174074
784	1438	1344	250.7	0.174339	0.186533
785	673	673	0	0	0
786	2330	2330	2785.7	1.19558	1.19558
787	2003	2003	4198.1	2.09591	2.09591
788	3412	3275	738725	216.508	225.565
789	4357	4357	431546	99.0465	99.0465
790	3151	3151	5140.3	1.63132	1.63132
791	1380	790	27.6	0.02	0.0349367
792	1406	1021	77.6	0.055192	0.0760039
793	1153	1153	99	0.085863	0.085863
794	808	808	319.4	0.395297	0.395297
795	635	635	319.1	0.50252	0.50252
796	568	568	0.5	0.000880282	0.000880282
797	762	762	77.2	0.101312	0.101312
798	41362	933	347.6	0.00840385	0.372562
799	1277	494	286.6	0.224432	0.580162
800	1245	1245	273.4	0.219598	0.219598
801	407	407	278.4	0.684029	0.684029
802	1142	1056	165.6	0.145009	0.156818
803	1252	1080	543.9	0.434425	0.503611
804	1035	882	201.4	0.194589	0.228345
805	1450	1357	302.6	0.20869	0.222992
806	579	579	312.7	0.540069	0.540069
807	837	837	63.2	0.0755078	0.0755078
808	371	371	79	0.212938	0.212938
809	728	523	189.8	0.260714	0.362906
810	613	613	50.3	0.0820555	0.0820555
811	1212	881	84.3	0.0695545	0.0956867
812	726	611	37.3	0.0513774	0.0610475
813	594	49	32.6	0.0548822	0.665306
814	660	660	116.5	0.176515	0.176515
815	759	759	116.2	0.153096	0.153096
816	2223	1751	14.3	0.00643275	0.00816676
817	665	624	128.5	0.193233	0.205929
818	631	631	0	0	0
819	359	47	0	0	0
820	909	909	57.9	0.0636964	0.0636964
821	652	652	459.5	0.704755	0.704755
822	2069	1531	395.3	0.191058	0.258197
823	1359	941	274.2	0.201766	0.291392
824	650	650	69	0.106154	0.106154
825	458	458	0	0	0
826	601	421	91.3	0.151913	0.216865
827	1052	1052	1281.5	1.21816	1.21816
828	1711	1711	0.5	0.000292227	0.000292227
829	776	776	0.8	0.00103093	0.00103093
830	1186	1186	429.4	0.362057	0.362057
831	3310	3149	271.6	0.0820544	0.0862496
832	1879	1306	3.9	0.00207557	0.00298622
833	1310	1310	325.7	0.248626	0.248626
834	736	380	3	0.00407609	0.00789474
835	634	634	0	0	0
836	1087	1087	82.1	0.075529	0.075529
837	2129	1743	132	0.0620009	0.0757315
838	725	472	2256.3	3.11214	4.7803
839	2546	2505	485.2	0.190573	0.193693
840	3199	1658	0	0	0
841	1036	932	64.3	0.0620656	0.0689914
842	380	380	71.4	0.187895	0.187895
843	659	305	0	0	0
844	1612	1585	10.3	0.00638958	0.00649842
845	324	324	69	0.212963	0.212963
846	1727	1385	79.8	0.0462073	0.0576173
847	1286	1286	270	0.209953	0.209953
848	727	727	123.6	0.170014	0.170014
849	492	492	148.4	0.301626	0.301626
850	640	394	371.3	0.580156	0.942386
851	1642	1303	260.7	0.15877	0.200077
852	803	790	288.6	0.359402	0.365316
853	2823	2167	277.3	0.0982288	0.127965
854	2706	2706	331.9	0.122653	0.122653
855	1017	1017	757.1	0.744444	0.744444
856	429	429	0	0	0
857	1938	1640	155.4	0.0801858	0.0947561
858	1119	1119	117.7	0.105183	0.105183
859	884	695	110.1	0.124548	0.158417
860	1491	1338	417	0.279678	0.311659
861	1082	1082	71.1	0.0657116	0.0657116
862	1045	1045	227.9	0.218086	0.218086
863	971	461	453.2	0.466735	0.98308
864	2154	1841	144.7	0.0671773	0.0785986
865	915	915	357	0.390164	0.390164
866	1794	1794	32.3	0.0180045	0.0180045
867	802	493	1247.7	1.55574	2.53083
868	2769	87	0	0	0
869	5965	1453	858.7	0.143956	0.590984
870	11190	2371	420.9	0.0376139	0.17752
871	669	633	0	0	0
872	7457	7457	60655.4	8.13402	8.13402
873	1218	1218	20917.3	17.1735	17.1735
874	13684	13469	304193	22.2298	22.5846
875	1558	732	158.2	0.10154	0.21612
876	7188	1585	4519.3	0.628728	2.85129
877	4357	0	0	0	0
878	8394	0	0	0	0
879	804	0	0	0	0
880	1015	0	0	0	0
881	2507	1118	1432.8	0.57152	1.28157
882	596	0	0	0	0
883	16274	9409	10865.1	0.667635	1.15476
884	20877	0	0	0	0
885	1057	0	0	0	0
886	475	0	0	0	0
887	1860	9	6.3	0.0033871	0.7
888	2564	1776	346.8	0.135257	0.19527
889	3118	328	0	0	0
890	896	79	118.5	0.132254	1.5
891	505	505	1328.6	2.63089	2.63089
892	986	986	2612.1	2.64919	2.64919
893	1231	399	0	0	0
894	893	278	0	0	0
895	953	389	0	0	0
896	2458	2458	33684	13.7038	13.7038
897	621	521	1727.4	2.78164	3.31555
898	1815	1556	99580.7	54.8654	63.9979
899	2826	1733	68319.8	24.1754	39.4229
900	1070	500	19996.3	18.6881	39.9926
901	6372	4467	214192	33.6146	47.9499
902	2921	0	0	0	0
903	11326	5083	270716	23.9022	53.2591
904	460	460	0	0	0
905	1778	1778	197.5	0.11108	0.11108
906	1430	1063	0	0	0
907	492	492	192.9	0.392073	0.392073
908	1120	1120	455.1	0.406339	0.406339
909	1636	1636	360.4	0.220293	0.220293
910	568	167	854.3	1.50405	5.11557
911	1266	1266	1171.5	0.925355	0.925355
912	1659	1659	4000	2.41109	2.41109
913	2503	2195	589.6	0.235557	0.26861
914	1051	893	0	0	0
915	3861	3784	661.9	0.171432	0.174921
916	710	334	69	0.0971831	0.206587
917	1636	751	0	0	0
918	1574	1259	684.5	0.434879	0.543685
919	1150	796	143.6	0.12487	0.180402
920	1440	786	74.5	0.0517361	0.0947837
921	1892	1892	335.5	0.177326	0.177326
922	1217	1166	378.3	0.310846	0.324443
923	706	706	120.6	0.170822	0.170822
924	1020	640	2.8	0.0027451	0.004375
925	4705	4016	1082.2	0.230011	0.269472
926	589	537	316.6	0.537521	0.589572
927	1708	1558	710.7	0.416101	0.456162
928	2467	2467	137.4	0.0556952	0.0556952
929	1167	1167	145.9	0.125021	0.125021
930	943	943	222.4	0.235843	0.235843
931	604	604	124.9	0.206788	0.206788
932	1334	1334	320.2	0.24003	0.24003
933	773	773	55.5	0.0717982	0.0717982
934	2031	1836	614.3	0.302462	0.334586
935	1556	1556	345	0.221722	0.221722
936	1105	834	106.2	0.0961086	0.127338
937	1702	1402	440.7	0.258931	0.314337
938	887	887	7914.4	8.92266	8.92266
939	1207	791	399.2	0.330737	0.504678
940	1947	1576	0	0	0
941	878	878	255.6	0.291116	0.291116
942	1083	935	198.6	0.18338	0.212406
943	3513	3342	384	0.109308	0.114901
944	840	840	117.8	0.140238	0.140238
945	898	898	302.5	0.33686	0.33686
946	950	864	215.7	0.227053	0.249653
947	1229	1217	77.5	0.0630594	0.0636812
948	766	766	64.9	0.0847259	0.0847259
949	2062	1982	0	0	0
950	834	834	85.6	0.102638	0.102638
951	488	488	298.1	0.610861	0.610861
952	939	939	70.1	0.0746539	0.0746539
953	1089	1089	514.7	0.472635	0.472635
954	1685	1685	892.5	0.529674	0.529674
955	468	468	7.9	0.0168803	0.0168803
956	451	451	15.3	0.0339246	0.0339246
957	657	447	143	0.217656	0.319911
958	1099	1099	0	0	0
959	1221	765	2.7	0.0022113	0.00352941
960	2318	2318	458.6	0.197843	0.197843
961	2095	1604	0	0	0
962	564	564	90.7	0.160816	0.160816
963	756	756	0	0	0
964	589	589	68.3	0.115959	0.115959
965	1514	1468	405.5	0.267834	0.276226
966	1096	1096	187.6	0.171168	0.171168
967	1727	1727	69	0.0399537	0.0399537
968	1549	1549	77.3	0.0499032	0.0499032
969	853	853	127.4	0.149355	0.149355
970	680	680	402.7	0.592206	0.592206
971	619	429	0	0	0
972	832	319	52.3	0.0628606	0.16395
973	812	607	176.3	0.217118	0.290445
974	1074	780	0	0	0
975	1032	1032	227.4	0.220349	0.220349
976	949	949	308.1	0.324658	0.324658
977	611	611	155.5	0.254501	0.254501
978	1840	241	43.5	0.0236413	0.180498
979	1381	827	232.8	0.168573	0.281499
980	831	831	571.6	0.687846	0.687846
981	1682	1288	43.6	0.0259215	0.0338509
982	1457	1225	646.1	0.443445	0.527429
983	895	895	76.4	0.0853631	0.0853631
984	501	501	127.6	0.254691	0.254691
985	329	329	446.1	1.35593	1.35593
986	1252	1215	360.3	0.28778	0.296543
987	1541	229	67.3	0.0436729	0.293886
988	1287	1060	0	0	0
989	1964	1964	0	0	0
990	971	971	8.7	0.00895984	0.00895984
991	1047	1003	1425	1.36103	1.42074
992	900	665	0	0	0
993	1063	1063	955.8	0.899153	0.899153
994	548	548	0	0	0
995	643	643	127.4	0.198134	0.198134
996	526	526	68.6	0.130418	0.130418
997	530	530	319	0.601887	0.601887
998	754	754	59.4	0.0787798	0.0787798
999	879	879	474.6	0.539932	0.539932
1000	646	646	143.6	0.222291	0.222291
1001	822	822	315.7	0.384063	0.384063
1002	2539	2336	370.9	0.146081	0.158776
1003	505	505	385	0.762376	0.762376
1004	3841	3841	35629.3	9.27605	9.27605
1005	545	545	1306.9	2.39798	2.39798
1006	15062	15062	52133	3.46123	3.46123
1007	6641	6641	15919.3	2.39712	2.39712
1008	663	663	2237.2	3.37436	3.37436
1009	5213	4944	20106.3	3.85695	4.06681
1010	990	817	290.4	0.293333	0.355447
1011	676	571	43.5	0.0643491	0.0761821
1012	1366	1366	1074.9	0.786896	0.786896
1013	1888	1763	280.9	0.148782	0.159331
1014	727	727	34.4	0.0473177	0.0473177
1015	734	350	0	0	0
1016	1114	908	354.6	0.318312	0.390529
1017	532	532	201.2	0.378195	0.378195
1018	1599	1443	612.5	0.383052	0.424463
1019	605	605	303.2	0.501157	0.501157
1020	583	583	10.3	0.0176672	0.0176672
1021	919	919	196.6	0.213928	0.213928
1022	646	646	132.5	0.205108	0.205108
1023	684	684	183.8	0.268713	0.268713
1024	456	456	141.1	0.30943	0.30943
1025	1542	1542	235	0.152399	0.152399
1026	1261	994	0	0	0
1027	1262	1262	315.8	0.250238	0.250238
1028	1496	1130	0	0	0
1029	935	935	9.8	0.0104813	0.0104813
1030	620	620	54.1	0.0872581	0.0872581
1031	1117	1117	172.9	0.15479	0.15479
1032	300	300	0	0	0
1033	1598	1390	160730	100.582	115.633
1034	616	616	250.6	0.406818	0.406818
1035	712	251	103	0.144663	0.410359
1036	832	18	0	0	0
1037	1091	1091	2765.5	2.53483	2.53483
1038	1505	1381	1482.6	0.985116	1.07357
1039	3289	1505	13810.8	4.19909	9.17661
1040	802	802	414	0.516209	0.516209
1041	1230	1100	714.7	0.581057	0.649727
1042	5385	5385	44693	8.29954	8.29954
1043	4530	4530	19072.3	4.21022	4.21022
1044	56634	56399	256985	4.53764	4.55655
1045	30431	30431	118897	3.90709	3.90709
1046	1317	1317	3896	2.95824	2.95824
1047	1295	1295	4014.6	3.10008	3.10008
1048	885	885	2106.2	2.37989	2.37989
1049	1754	1754	6037.9	3.44236	3.44236
1050	1224	1224	1259.1	1.02868	1.02868
1051	2060	1854	6268.5	3.04296	3.38107
1052	1760	1760	7897.6	4.48727	4.48727
1053	2547	2547	7337.3	2.88076	2.88076
1054	1677	1669	5926.6	3.53405	3.55099
1055	943	465	0	0	0
1056	636	143	0	0	0
1057	968	851	0	0	0
1058	1035	1035	150.4	0.145314	0.145314
1059	960	960	95.3	0.0992708	0.0992708
1060	695	695	0	0	0
1061	651	651	80	0.122888	0.122888
1062	2642	2559	403.3	0.15265	0.157601
1063	805	805	32.2	0.04	0.04
1064	578	421	312.6	0.54083	0.742518
1065	1883	1883	149.2	0.0792353	0.0792353
1066	1166	1166	133.1	0.114151	0.114151
1067	1611	1611	278.9	0.173122	0.173122
1068	1021	1021	93.4	0.0914789	0.0914789
1069	1395	586	284.9	0.204229	0.486177
1070	945	945	115.3	0.122011	0.122011
1071	731	731	177.7	0.243092	0.243092
1072	1113	818	1048.8	0.942318	1.28215
1073	689	689	234.9	0.340929	0.340929
1074	762	762	81.3	0.106693	0.106693
1075	874	874	323	0.369565	0.369565
1076	1497	1040	425.9	0.284502	0.409519
1077	642	642	69	0.107477	0.107477
1078	484	484	66.8	0.138017	0.138017
1079	631	631	7.5	0.0118859	0.0118859
1080	2447	1778	166.5	0.0680425	0.0936445
1081	488	488	74.5	0.152664	0.152664
1082	636	636	197.5	0.310535	0.310535
1083	490	490	143.8	0.293469	0.293469
1084	1411	568	122.1	0.0865344	0.214965
1085	2296	2296	5539.1	2.4125	2.4125
1086	839	567	122.9	0.146484	0.216755
1087	1493	0	0	0	0
1088	4452	289	0	0	0
1089	2218	1483	123.1	0.0555005	0.0830074
1090	3895	3156	858.3	0.220359	0.271958
1091	2040	2040	9982.5	4.89338	4.89338
1092	2568	2568	2787.5	1.08548	1.08548
1093	2351	1396	15.8	0.00672054	0.0113181
1094	3184	2444	1404.4	0.44108	0.574632
1095	1619	911	0	0	0
1096	2437	2333	728.5	0.298933	0.312259
1097	4354	261	0	0	0
1098	1645	0	0	0	0
1099	4145	1098	0	0	0
1100	1662	1534	0	0	0
1101	1320	1212	622.3	0.471439	0.513449
1102	841	612	0	0	0
1103	878	878	0	0	0
1104	1482	1120	287	0.193657	0.25625
1105	355	355	0	0	0
1106	642	642	355.4	0.553583	0.553583
1107	470	470	153	0.325532	0.325532
1108	1719	1719	243.3	0.141536	0.141536
1109	505	505	172.2	0.34099	0.34099
1110	831	831	227.1	0.273285	0.273285
1111	2211	2211	794.5	0.35934	0.35934
1112	701	701	224.7	0.320542	0.320542
1113	816	816	130	0.159314	0.159314
1114	1360	1201	201.3	0.148015	0.16761
1115	786	786	46.4	0.0590331	0.0590331
1116	601	601	112	0.186356	0.186356
1117	994	623	0	0	0
1118	718	718	69.3	0.0965181	0.0965181
1119	535	535	138.1	0.258131	0.258131
1120	443	443	0	0	0
1121	1165	1165	484.9	0.416223	0.416223
1122	1342	811	39.2	0.0292101	0.0483354
1123	1306	1306	0	0	0
1124	1000	1000	315.4	0.3154	0.3154
1125	609	609	0	0	0
1126	1173	1173	595.1	0.507332	0.507332
1127	835	835	137.7	0.16491	0.16491
1128	1020	1020	24.2	0.0237255	0.0237255
1129	588	588	0	0	0
1130	583	583	37.7	0.0646655	0.0646655
1131	362	362	200	0.552486	0.552486
1132	1001	780	123.2	0.123077	0.157949
1133	749	749	383.6	0.51215	0.51215
1134	1058	605	0	0	0
1135	2556	1754	566.4	0.221596	0.322919
1136	1017	426	386.8	0.380334	0.907981
1137	941	941	256.3	0.27237	0.27237
1138	1455	1292	575.9	0.395808	0.445743
1139	686	686	471.6	0.687464	0.687464
1140	608	608	130.5	0.214638	0.214638
1141	2882	2400	493.1	0.171096	0.205458
1142	499	188	10.8	0.0216433	0.0574468
1143	1089	1089	0	0	0
1144	2306	1969	186.2	0.0807459	0.0945658
1145	1385	743	2.8	0.00202166	0.00376851
1146	862	862	69.9	0.0810905	0.0810905
1147	1213	991	38.5	0.0317395	0.0388496
1148	681	539	0	0	0
1149	730	730	46.4	0.0635616	0.0635616
1150	416	416	4.9	0.0117788	0.0117788
1151	741	741	204.1	0.275439	0.275439
1152	1016	692	0	0	0
1153	1974	1752	222	0.112462	0.126712
1154	1975	1392	0	0	0
1155	1006	696	0	0	0
1156	656	615	92.6	0.141159	0.150569
1157	1267	589	0	0	0
1158	1095	885	0	0	0
1159	1606	1406	0	0	0
1160	1599	1403	0	0	0
1161	585	585	77.8	0.132991	0.132991
1162	661	661	69	0.104387	0.104387
1163	934	868	0	0	0
1164	869	869	0	0	0
1165	1069	1028	331.2	0.309822	0.322179
1166	2557	2303	19.1	0.00746969	0.00829353
1167	1699	1699	229.4	0.135021	0.135021
1168	1017	513	0	0	0
1169	434	434	0	0	0
1170	667	667	106.8	0.16012	0.16012
1171	1913	1656	621.5	0.324882	0.375302
1172	638	638	0	0	0
1173	865	865	0	0	0
1174	797	764	514.5	0.645546	0.673429
1175	664	664	218.9	0.329669	0.329669
1176	1069	1069	0	0	0
1177	2258	1034	555.2	0.245881	0.536944
1178	751	751	208.3	0.277364	0.277364
1179	1473	1473	307.5	0.208758	0.208758
1180	677	525	585.3	0.864549	1.11486
1181	885	323	18.2	0.020565	0.0563467
1182	1123	1123	123.1	0.109617	0.109617
1183	981	981	219	0.223242	0.223242
1184	821	821	189.7	0.23106	0.23106
1185	1317	1154	237.8	0.180562	0.206066
1186	701	341	77.1	0.109986	0.2261
1187	1270	908	26.5	0.0208661	0.029185
1188	691	691	147.6	0.213603	0.213603
1189	1054	1054	172.5	0.163662	0.163662
1190	1280	1040	23.5	0.0183594	0.0225962
1191	383	383	0	0	0
1192	745	647	307.8	0.413154	0.475734
1193	662	662	0	0	0
1194	722	722	189	0.261773	0.261773
1195	1105	939	420.7	0.380724	0.44803
1196	1426	1080	158.9	0.111431	0.14713
1197	970	742	556.6	0.573814	0.750135
1198	540	205	0	0	0
1199	512	512	0	0	0
1200	1683	911	374.9	0.222757	0.411526
1201	796	382	63	0.0791457	0.164921
1202	648	648	33.2	0.0512346	0.0512346
1203	1113	704	0	0	0
1204	1292	1127	79.3	0.0613777	0.0703638
1205	1179	1055	199.8	0.169466	0.189384
1206	3378	2659	293.4	0.0868561	0.110342
1207	983	343	180.1	0.183215	0.525073
1208	1035	697	0	0	0
1209	1433	974	361.8	0.252477	0.371458
1210	662	662	347.1	0.52432	0.52432
1211	2424	1932	1064.8	0.439274	0.551139
1212	675	675	0	0	0
1213	552	360	0	0	0
1214	879	776	586	0.666667	0.755155
1215	850	850	60	0.0705882	0.0705882
1216	851	851	1559.3	1.83231	1.83231
1217	893	444	394.3	0.441545	0.888063
1218	649	649	499.8	0.770108	0.770108
1219	1218	553	0	0	0
1220	944	702	137.8	0.145975	0.196296
1221	2003	1860	100.7	0.0502746	0.0541398
1222	1335	1116	585.4	0.438502	0.524552
1223	971	902	14.6	0.015036	0.0161863
1224	1262	1262	11.7	0.009271	0.009271
1225	915	810	0	0	0
1226	677	0	0	0	0
1227	886	886	1.3	0.00146727	0.00146727
1228	2086	1538	335.8	0.160978	0.218336
1229	850	850	166.8	0.196235	0.196235
1230	2157	2157	59.8	0.0277237	0.0277237
1231	2338	2040	123.1	0.0526518	0.0603431
1232	1672	1519	1086.3	0.649701	0.715142
1233	2463	2180	270.2	0.109704	0.123945
1234	946	946	110.7	0.117019	0.117019
1235	1462	1361	0	0	0
1236	627	627	194.7	0.310526	0.310526
1237	1168	1168	1.3	0.00111301	0.00111301
1238	640	640	271	0.423437	0.423437
1239	408	186	0	0	0
1240	681	681	69.4	0.101909	0.101909
1241	4498	4401	94.1	0.0209204	0.0213815
1242	1049	1049	25.5	0.0243089	0.0243089
1243	1033	962	314.7	0.304647	0.327131
1244	1575	1575	0	0	0
1245	786	702	14.7	0.0187023	0.0209402
1246	679	562	41.7	0.0614138	0.0741993
1247	1964	1964	411.8	0.209674	0.209674
1248	772	375	116.7	0.151166	0.3112
1249	432	432	0	0	0
1250	1457	996	95.6	0.0656143	0.0959839
1251	3467	2888	324	0.0934526	0.112188
1252	892	741	343.7	0.385314	0.463833
1253	1126	1126	537.1	0.476998	0.476998
1254	1262	1262	167.1	0.132409	0.132409
1255	641	641	1916.5	2.98986	2.98986
1256	57302	25961	342830	5.98286	13.2056
1257	2872	2776	217718	75.8072	78.4288
1258	4786	4735	91323.7	19.0814	19.2869
1259	507	130	0	0	0
1260	4550	4329	60930.2	13.3913	14.0749
1261	7117	6737	95991.3	13.4876	14.2484
1262	13949	13010	175980	12.616	13.5266
1263	774	774	0	0	0
1264	1041	1041	377	0.362152	0.362152
1265	1830	847	385.4	0.210601	0.455018
1266	1058	981	153.8	0.145369	0.156779
1267	1923	1685	76	0.0395216	0.0451039
1268	839	839	0	0	0
1269	1469	653	77.6	0.0528251	0.118836
1270	3122	2787	605.1	0.193818	0.217115
1271	2441	2441	1.6	0.000655469	0.000655469
1272	480	480	0	0	0
1273	4055	4055	3252.8	0.80217	0.80217
1274	982	982	510.1	0.51945	0.51945
1275	829	829	391.8	0.472618	0.472618
1276	2466	2466	121133	49.1211	49.1211
1277	614	614	109.5	0.178339	0.178339
1278	3562	3562	596.7	0.167518	0.167518
1279	878	878	53.9	0.0613895	0.0613895
1280	938	938	140.6	0.149893	0.149893
1281	980	602	0.4	0.000408163	0.000664452
1282	505	505	141.4	0.28	0.28
1283	1583	1510	69	0.0435881	0.0456954
1284	922	753	0	0	0
1285	469	469	0	0	0
1286	709	709	108.9	0.153597	0.153597
1287	1170	1170	353	0.301709	0.301709
1288	770	770	535.2	0.695065	0.695065
1289	983	654	83.2	0.0846389	0.127217
1290	469	407	0	0	0
1291	1252	962	235.2	0.187859	0.244491
1292	1429	1264	0	0	0
1293	686	686	859	1.25219	1.25219
1294	444	444	17.5	0.0394144	0.0394144
1295	600	439	85.1	0.141833	0.19385
1296	481	481	69.9	0.145322	0.145322
1297	457	457	0	0	0
1298	702	625	120.7	0.171937	0.19312
1299	586	586	180.3	0.307679	0.307679
1300	711	495	0	0	0
1301	835	835	451.9	0.541198	0.541198
1302	1760	1131	0	0	0
1303	1942	1644	393.1	0.20242	0.239112
1304	1535	872	0	0	0
1305	710	710	78.2	0.110141	0.110141
1306	912	912	74.1	0.08125	0.08125
1307	930	930	368	0.395699	0.395699
1308	972	308	0	0	0
1309	604	604	63.3	0.104801	0.104801
1310	332	332	23.1	0.0695783	0.0695783
1311	1381	937	16.3	0.011803	0.0173959
1312	866	866	217.9	0.251617	0.251617
1313	561	561	44.9	0.0800357	0.0800357
1314	1071	1071	69	0.0644258	0.0644258
1315	868	868	296.2	0.341244	0.341244
1316	1916	589	189.1	0.0986952	0.321053
1317	1059	1059	410.4	0.387535	0.387535
1318	1423	1286	90.6	0.0636683	0.070451
1319	367	367	11.5	0.0313352	0.0313352
1320	2573	2057	286.2	0.111232	0.139135
1321	2804	1399	36.5	0.0130171	0.0260901
1322	979	744	98.5	0.100613	0.132392
1323	1558	1558	94.2	0.0604621	0.0604621
1324	1426	830	165.7	0.116199	0.199639
1325	1201	1201	79.5	0.0661948	0.0661948
1326	957	957	309.7	0.323615	0.323615
1327	872	872	0	0	0
1328	1710	1243	0	0	0
1329	823	823	561.5	0.68226	0.68226
1330	519	519	119.4	0.230058	0.230058
1331	1692	1158	109.9	0.0649527	0.094905
1332	569	569	125.7	0.220914	0.220914
1333	977	977	143.7	0.147083	0.147083
1334	770	770	367.8	0.477662	0.477662
1335	712	712	107.2	0.150562	0.150562
1336	1006	879	460.9	0.458151	0.524346
1337	667	76	0	0	0
1338	2593	2593	83.5	0.0322021	0.0322021
1339	793	793	30.3	0.0382093	0.0382093
1340	1362	1245	181.8	0.13348	0.146024
1341	1637	1602	0	0	0
1342	983	983	148.4	0.150966	0.150966
1343	1357	1357	69.6	0.0512896	0.0512896
1344	2678	2678	220.3	0.0822629	0.0822629
1345	1325	809	35.9	0.0270943	0.0443758
1346	1425	1425	784.8	0.550737	0.550737
1347	1914	881	71.9	0.0375653	0.0816118
1348	813	813	63.1	0.0776138	0.0776138
1349	1478	1133	942.1	0.637415	0.831509
1350	579	565	41.7	0.0720207	0.0738053
1351	586	586	159.4	0.272014	0.272014
1352	514	514	0	0	0
1353	426	45	0	0	0
1354	1253	1253	1342.5	1.07143	1.07143
1355	1637	177	490.9	0.299878	2.77345
1356	27839	560	478.4	0.0171845	0.854286
1357	410	410	2476.4	6.04	6.04
1358	2154	407	0	0	0
1359	750	616	1173	1.564	1.90422
1360	622	622	0	0	0
1361	1467	1192	168.5	0.11486	0.141359
1362	1094	801	118.5	0.108318	0.14794
1363	1617	881	52.8	0.0326531	0.0599319
1364	770	770	80.1	0.104026	0.104026
1365	565	565	0	0	0
1366	1087	1087	11.9	0.0109476	0.0109476
1367	3365	2295	582.2	0.173016	0.253682
1368	1111	1111	671.7	0.60459	0.60459
1369	853	558	426.5	0.5	0.764337
1370	1329	521	241.6	0.181791	0.463724
1371	696	671	0	0	0
1372	867	776	67.9	0.078316	0.0875
1373	2151	2111	21.8	0.0101348	0.0103269
1374	1543	1543	0	0	0
1375	1199	1199	338.8	0.282569	0.282569
1376	665	665	0	0	0
1377	797	797	6.2	0.00777917	0.00777917
1378	1095	1095	0	0	0
1379	1112	1112	122.6	0.110252	0.110252
1380	1540	1540	383.9	0.249286	0.249286
1381	1467	1467	350.7	0.239059	0.239059
1382	890	721	0	0	0
1383	585	585	2.4	0.00410256	0.00410256
1384	674	674	206.2	0.305935	0.305935
1385	1066	1038	317.9	0.298218	0.306262
1386	665	665	0	0	0
1387	614	614	65.2	0.106189	0.106189
1388	497	386	156.4	0.314688	0.405181
1389	1251	1251	158.1	0.126379	0.126379
1390	401	401	0	0	0
1391	793	566	0	0	0
1392	281	281	28	0.0996441	0.0996441
1393	4809	4492	495.5	0.103036	0.110307
1394	2028	2028	2239.8	1.10444	1.10444
1395	1771	141	0	0	0
1396	1752	0	0	0	0
1397	2050	1985	0	0	0
1398	633	633	0	0	0
1399	2203	2089	575.3	0.261144	0.275395
1400	1167	1167	263.8	0.22605	0.22605
1401	2160	1424	51.4	0.0237963	0.0360955
1402	1292	1208	649.3	0.502554	0.5375
1403	1574	1509	42.3	0.0268742	0.0280318
1404	919	686	0	0	0
1405	3144	1553	502.3	0.159765	0.323439
1406	936	750	129.6	0.138462	0.1728
1407	1486	1056	0	0	0
1408	752	605	385.8	0.513032	0.637686
1409	645	645	273.6	0.424186	0.424186
1410	1113	1113	208.9	0.187691	0.187691
1411	1325	1325	904.7	0.682792	0.682792
1412	1234	1172	467	0.378444	0.398464
1413	2007	997	0	0	0
1414	881	881	0	0	0
1415	1425	1425	68.5	0.0480702	0.0480702
1416	362	362	94.2	0.260221	0.260221
1417	771	771	592.9	0.769001	0.769001
1418	649	649	47.9	0.0738059	0.0738059
1419	927	927	69.5	0.074973	0.074973
1420	1012	1012	0	0	0
1421	803	803	74.8	0.0931507	0.0931507
1422	2578	2578	180.4	0.0699767	0.0699767
1423	3847	3847	270	0.0701846	0.0701846
1424	1124	1124	807.1	0.71806	0.71806
1425	1237	860	1123.3	0.908084	1.30616
1426	3657	3657	3970.5	1.08573	1.08573
1427	1627	1241	254.6	0.156484	0.205157
1428	817	751	133.7	0.163647	0.178029
1429	1553	1553	64.7	0.0416613	0.0416613
1430	1475	853	88.1	0.0597288	0.103283
1431	1091	536	0	0	0
1432	521	314	90.5	0.173704	0.288217
1433	1123	1123	0	0	0
1434	790	498	132.3	0.167468	0.265663
1435	450	450	59.3	0.131778	0.131778
1436	371	371	0	0	0
1437	994	994	0	0	0
1438	1351	1351	0	0	0
1439	2247	2005	273.2	0.121584	0.136259
1440	1107	945	69.3	0.0626016	0.0733333
1441	641	641	37.1	0.0578783	0.0578783
1442	2088	1715	212.1	0.10158	0.123673
1443	768	768	660.1	0.859505	0.859505
1444	561	561	0	0	0
1445	645	532	188.4	0.292093	0.354135
1446	1231	1231	214.5	0.174249	0.174249
1447	1630	1006	75.1	0.0460736	0.0746521
1448	1384	1384	311.4	0.225	0.225
1449	5662	4916	712.1	0.125768	0.144854
1450	966	815	184.2	0.190683	0.226012
1451	1409	1409	193.7	0.137473	0.137473
1452	710	710	629.2	0.886197	0.886197
1453	665	665	0	0	0
1454	1136	1136	96.4	0.0848592	0.0848592
1455	1057	1057	1106.7	1.04702	1.04702
1456	385	385	78.6	0.204156	0.204156
1457	1865	1380	453.6	0.243217	0.328696
1458	874	874	0	0	0
1459	2917	2858	0	0	0
1460	1606	583	183.1	0.11401	0.314065
1461	488	365	0	0	0
1462	1063	676	316.1	0.297366	0.467604
1463	1235	1071	621.4	0.503158	0.580205
1464	1061	577	413.1	0.38935	0.715945
1465	1073	1073	900.8	0.839515	0.839515
1466	1665	960	0	0	0
1467	1628	757	131.9	0.0810197	0.17424
1468	1598	1000	246.7	0.15438	0.2467
1469	312	312	0	0	0
1470	2442	1747	1218.9	0.49914	0.69771
1471	548	548	7.9	0.0144161	0.0144161
1472	509	509	0	0	0
1473	1946	1836	0	0	0
1474	1645	1484	84.8	0.0515502	0.0571429
1475	1803	1691	1068.2	0.592457	0.631697
1476	1020	1020	32.2	0.0315686	0.0315686
1477	929	438	262.1	0.282131	0.598402
1478	926	383	0	0	0
1479	1980	1980	187.4	0.0946465	0.0946465
1480	1098	1098	0	0	0
1481	983	983	5.2	0.00528993	0.00528993
1482	878	878	113.1	0.128815	0.128815
1483	786	518	324.5	0.41285	0.626448
1484	396	396	57.9	0.146212	0.146212
1485	699	7	0	0	0
1486	608	0	0	0	0
1487	1152	435	312.9	0.271615	0.71931
1488	1318	1272	24.1	0.0182853	0.0189465
1489	1021	919	308.1	0.301763	0.335256
1490	1175	1175	129.2	0.109957	0.109957
1491	1150	1150	0	0	0
1492	1179	714	0	0	0
1493	1059	1059	28.1	0.0265345	0.0265345
1494	1595	696	95.4	0.0598119	0.137069
1495	1003	1003	131	0.130608	0.130608
1496	523	523	352.2	0.673423	0.673423
1497	1433	1433	228.6	0.159525	0.159525
1498	601	558	168.3	0.280033	0.301613
1499	771	771	69	0.0894942	0.0894942
1500	2798	1643	443.9	0.158649	0.270177
1501	418	418	201.8	0.482775	0.482775
1502	1180	1133	0	0	0
1503	1174	736	0	0	0
1504	858	858	193.1	0.225058	0.225058
1505	610	495	6.5	0.0106557	0.0131313
1506	1136	1136	475.2	0.41831	0.41831
1507	583	583	170.6	0.292624	0.292624
1508	838	838	425.3	0.507518	0.507518
1509	1465	1266	514	0.350853	0.406003
1510	1001	1001	82.9	0.0828172	0.0828172
1511	1173	947	0	0	0
1512	1315	1315	284.8	0.216578	0.216578
1513	1008	1008	1027.1	1.01895	1.01895
1514	1382	1382	285.3	0.20644	0.20644
1515	1143	344	0	0	0
1516	1607	435	555.7	0.3458	1.27747
1517	4524	4169	1.05943e+06	234.18	254.121
1518	881	881	2757.5	3.12997	3.12997
1519	1204	1204	0	0	0
1520	747	747	225.6	0.302008	0.302008
1521	618	303	9.7	0.0156958	0.0320132
1522	523	523	0	0	0
1523	1158	1158	254.1	0.21943	0.21943
1524	1137	1137	40.3	0.0354442	0.0354442
1525	957	957	188.8	0.197283	0.197283
1526	769	769	0	0	0
1527	737	582	0	0	0
1528	1152	1152	356	0.309028	0.309028
1529	758	201	30.8	0.0406332	0.153234
1530	700	567	339.1	0.484429	0.59806
1531	616	616	145.5	0.236201	0.236201
1532	1266	715	159.2	0.12575	0.222657
1533	1392	960	115.1	0.0826868	0.119896
1534	1023	956	324.5	0.317204	0.339435
1535	800	764	7.5	0.009375	0.00981675
1536	557	70	0	0	0
1537	599	599	528.1	0.881636	0.881636
1538	1524	1524	123.4	0.0809711	0.0809711
1539	966	966	559.2	0.578882	0.578882
1540	417	417	261.7	0.627578	0.627578
1541	1470	1470	276.7	0.188231	0.188231
1542	1260	921	134.1	0.106429	0.145603
1543	1023	1023	694.3	0.67869	0.67869
1544	1623	594	144	0.0887246	0.242424
1545	846	846	69	0.0815603	0.0815603
1546	1109	849	0	0	0
1547	1159	966	150.7	0.130026	0.156004
1548	736	736	0	0	0
1549	634	303	111.3	0.175552	0.367327
1550	823	823	493	0.599028	0.599028
1551	829	829	69	0.0832328	0.0832328
1552	826	826	91.5	0.110775	0.110775
1553	1105	877	40.5	0.0366516	0.0461802
1554	746	746	171.9	0.230429	0.230429
1555	1041	1041	0	0	0
1556	1212	1108	0	0	0
1557	809	809	185.2	0.228925	0.228925
1558	872	706	34.9	0.0400229	0.0494334
1559	1383	1383	69.6	0.0503254	0.0503254
1560	1151	897	618.9	0.537706	0.689967
1561	764	764	548.3	0.71767	0.71767
1562	921	921	410.5	0.445711	0.445711
1563	1038	818	92.1	0.0887283	0.112592
1564	439	439	3.7	0.00842825	0.00842825
1565	1660	1660	254.2	0.153133	0.153133
1566	783	561	209.4	0.267433	0.373262
1567	1308	1054	0	0	0
1568	996	996	216.7	0.21757	0.21757
1569	877	748	402.2	0.458609	0.537701
1570	896	896	173.9	0.194085	0.194085
1571	698	698	305.2	0.437249	0.437249
1572	1166	1166	510.6	0.437907	0.437907
1573	1253	1202	207.3	0.165443	0.172463
1574	2745	2194	639	0.232787	0.291249
1575	834	834	13.4	0.0160671	0.0160671
1576	1808	744	2701.8	1.49436	3.63145
1577	1375	935	195.7	0.142327	0.209305
1578	915	915	426.5	0.46612	0.46612
1579	853	498	87	0.101993	0.174699
1580	1392	1074	896	0.643678	0.834264
1581	1693	1640	140.7	0.0831069	0.0857927
1582	1698	1698	86.9	0.0511779	0.0511779
1583	1735	1735	319.6	0.184207	0.184207
1584	1216	1216	493.1	0.40551	0.40551
1585	1975	1884	282.7	0.143139	0.150053
1586	598	598	0	0	0
1587	446	0	0	0	0
1588	479	0	0	0	0
1589	804	804	115.3	0.143408	0.143408
1590	1291	1291	1551.7	1.20194	1.20194
1591	704	704	202.2	0.287216	0.287216
1592	1634	639	330.5	0.202264	0.517214
1593	4099	4099	203.9	0.0497438	0.0497438
1594	1295	1295	35.6	0.0274903	0.0274903
1595	1563	1563	162	0.103647	0.103647
1596	2475	1511	72.4	0.0292525	0.0479153
1597	2754	2660	183.2	0.0665214	0.0688722
1598	802	802	505.7	0.630549	0.630549
1599	711	711	223.4	0.314205	0.314205
1600	1051	856	403.8	0.384206	0.471729
1601	815	277	41.4	0.0507975	0.149458
1602	1016	714	116.3	0.114469	0.162885
1603	345	345	0	0	0
1604	911	911	0	0	0
1605	1012	1012	14.3	0.0141304	0.0141304
1606	828	828	77.8	0.0939614	0.0939614
1607	1387	1387	73.8	0.0532084	0.0532084
1608	811	811	36.6	0.0451295	0.0451295
1609	1068	549	0	0	0
1610	1109	973	263.9	0.237962	0.271223
1611	1068	1068	599.2	0.561049	0.561049
1612	822	574	336.2	0.409002	0.585714
1613	718	718	318.9	0.44415	0.44415
1614	2725	2725	29.8	0.0109358	0.0109358
1615	1816	1553	489.4	0.269493	0.315132
1616	597	597	84	0.140704	0.140704
1617	1429	1429	509.5	0.356543	0.356543
1618	2479	2479	316	0.127471	0.127471
1619	11055	11055	50129.7	4.53457	4.53457
1620	595	0	0	0	0
1621	803	803	105.5	0.131382	0.131382
1622	2415	2415	5442.1	2.25346	2.25346
1623	3294	3294	9011.5	2.73573	2.73573
1624	1575	1575	12293.5	7.8054	7.8054
1625	725	641	3702.4	5.10676	5.77598
1626	575	391	0	0	0
1627	2943	2943	7200.6	2.44669	2.44669
1628	5342	5342	17946.3	3.35947	3.35947
1629	5860	5860	20140	3.43686	3.43686
1630	425	425	260.1	0.612	0.612
1631	4135	3248	1.09435e+06	264.656	336.931
1632	465	465	417	0.896774	0.896774
1633	831	831	0	0	0
1634	3432	3432	202.5	0.0590035	0.0590035
1635	1222	1222	7778.5	6.36538	6.36538
1636	1141	1020	0	0	0
1637	1916	1916	119.9	0.0625783	0.0625783
1638	929	929	460.1	0.495264	0.495264
1639	481	481	78.3	0.162786	0.162786
1640	954	411	0	0	0
1641	1620	1398	241.6	0.149136	0.172818
1642	782	782	308.5	0.394501	0.394501
1643	644	644	20.1	0.0312112	0.0312112
1644	1084	1084	96.6	0.0891144	0.0891144
1645	1077	0	0	0	0
1646	548	0	0	0	0
1647	849	0	0	0	0
1648	2341	2229	367.9	0.157155	0.165052
1649	834	0	0	0	0
1650	565	0	0	0	0
1651	644	644	54.3	0.0843168	0.0843168
1652	2469	2469	269.4	0.109113	0.109113
1653	1035	1035	165.2	0.159614	0.159614
1654	501	501	12.7	0.0253493	0.0253493
1655	468	468	192.1	0.41047	0.41047
1656	1096	774	242	0.220803	0.312662
1657	960	960	0	0	0
1658	308	308	73.4	0.238312	0.238312
1659	681	681	86.7	0.127313	0.127313
1660	1031	833	0	0	0
1661	640	640	31.8	0.0496875	0.0496875
1662	374	374	0	0	0
1663	1367	1253	473.4	0.346306	0.377813
1664	990	990	349.3	0.352828	0.352828
1665	690	0	0	0	0
1666	1071	1071	453.8	0.423716	0.423716
1667	789	789	74	0.0937896	0.0937896
1668	1120	1120	14.3	0.0127679	0.0127679
1669	995	995	69.2	0.0695477	0.0695477
1670	926	926	198	0.213823	0.213823
1671	1387	1169	375.3	0.270584	0.321044
1672	2509	2371	154.7	0.061658	0.0652467
1673	1290	1288	539.5	0.418217	0.418866
1674	587	447	0.4	0.000681431	0.000894855
1675	494	494	55.8	0.112955	0.112955
1676	751	751	9.3	0.0123835	0.0123835
1677	678	417	0	0	0
1678	456	456	89.1	0.195395	0.195395
1679	922	922	199.5	0.216377	0.216377
1680	1535	1431	289.2	0.188404	0.202096
1681	2153	2039	80.6	0.0374361	0.0395292
1682	1022	1022	224.3	0.219472	0.219472
1683	572	572	71	0.124126	0.124126
1684	1150	1032	838.8	0.729391	0.812791
1685	1026	714	296.1	0.288596	0.414706
1686	773	773	1188	1.53687	1.53687
1687	837	837	452.9	0.541099	0.541099
1688	906	906	283.6	0.313024	0.313024
1689	587	587	44.5	0.0758092	0.0758092
1690	639	257	0	0	0
1691	428	428	0	0	0
1692	4631	3542	145.9	0.0315051	0.0411914
1693	1311	1311	72.5	0.0553013	0.0553013
1694	1068	1068	241.8	0.226404	0.226404
1695	969	969	410	0.423117	0.423117
1696	1155	654	32.7	0.0283117	0.05
1697	1090	1090	411.9	0.37789	0.37789
1698	1447	1186	210.7	0.145612	0.177656
1699	1578	855	0	0	0
1700	1838	1054	591.5	0.321817	0.561195
1701	991	991	910.2	0.918466	0.918466
1702	764	527	347.5	0.454843	0.659393
1703	918	918	4046.3	4.40773	4.40773
1704	1315	1289	71.5	0.0543726	0.0554694
1705	505	476	5.3	0.010495	0.0111345
1706	2140	1635	241.8	0.112991	0.14789
1707	578	578	54.7	0.0946367	0.0946367
1708	366	366	268.1	0.732514	0.732514
1709	622	622	248.9	0.400161	0.400161
1710	599	599	0	0	0
1711	1097	1097	164.6	0.150046	0.150046
1712	602	602	112.6	0.187043	0.187043
1713	1652	1081	101.2	0.0612591	0.093617
1714	3963	3963	551.4	0.139137	0.139137
1715	1671	582	0	0	0
1716	1580	580	0	0	0
1717	2018	2018	242.1	0.11997	0.11997
1718	742	285	446.8	0.602156	1.56772
1719	1496	1288	250.5	0.167447	0.194488
1720	1023	652	32.9	0.0321603	0.0504601
1721	1116	1116	20.3	0.01819	0.01819
1722	766	766	101.3	0.132245	0.132245
1723	1156	1156	365.3	0.316003	0.316003
1724	1771	1746	172.4	0.0973461	0.09874
1725	1152	1067	9.4	0.00815972	0.00880975
1726	1229	953	140.6	0.114402	0.147534
1727	1178	1178	163.7	0.138964	0.138964
1728	1132	713	234.2	0.20689	0.328471
1729	1073	894	0	0	0
1730	1373	591	86.6	0.0630736	0.146531
1731	862	862	331.7	0.384803	0.384803
1732	605	605	124.9	0.206446	0.206446
1733	591	591	288.7	0.488494	0.488494
1734	524	524	0	0	0
1735	1309	1309	0.1	7.63942e-05	7.63942e-05
1736	525	525	16.8	0.032	0.032
1737	987	987	69.2	0.0701114	0.0701114
1738	1938	1206	0	0	0
1739	2410	2115	227.3	0.0943154	0.10747
1740	398	398	269.6	0.677387	0.677387
1741	982	982	60.9	0.0620163	0.0620163
1742	4772	4772	161454	33.8337	33.8337
1743	2471	987	50274.5	20.3458	50.9367
1744	8227	3022	43700.5	5.31184	14.4608
1745	7889	420	5572.5	0.706363	13.2679
1746	6854	3554	29712.9	4.33512	8.36041
1747	9747	4569	61976.1	6.35848	13.5645
1748	1179	1036	273.4	0.231891	0.2639
1749	1787	1141	69.9	0.0391158	0.0612621
1750	2497	1342	53.9	0.0215859	0.0401639
1751	690	690	123.2	0.178551	0.178551
1752	1737	698	100	0.0575705	0.143266
1753	971	971	128.2	0.132029	0.132029
1754	774	774	49.6	0.0640827	0.0640827
1755	634	634	69	0.108833	0.108833
1756	2250	1779	194.9	0.0866222	0.109556
1757	1128	985	223.2	0.197872	0.226599
1758	396	338	389.4	0.983333	1.15207
1759	557	557	69.2	0.124237	0.124237
1760	935	490	126	0.134759	0.257143
1761	892	892	103.4	0.115919	0.115919
1762	1190	1190	334.9	0.281429	0.281429
1763	1452	1452	0	0	0
1764	951	208	73.5	0.0772871	0.353365
1765	632	632	27.4	0.0433544	0.0433544
1766	620	620	0	0	0
1767	1631	1631	78.8	0.0483139	0.0483139
1768	1154	1154	45.5	0.0394281	0.0394281
1769	716	716	201.3	0.281145	0.281145
1770	1648	0	0	0	0
1771	4522	769	6998.4	1.54763	9.10065
1772	8724	170	117.2	0.0134342	0.689412
1773	11234	0	0	0	0
1774	986	0	0	0	0
1775	9737	57	0	0	0
1776	1607	1607	0	0	0
1777	717	679	168.9	0.235565	0.248748
1778	930	930	26.2	0.028172	0.028172
1779	1110	1110	632.4	0.56973	0.56973
1780	866	569	31.7	0.0366051	0.0557118
1781	400	400	0	0	0
1782	836	826	302.2	0.361483	0.36586
1783	689	689	523.4	0.759652	0.759652
1784	888	628	151.7	0.170833	0.241561
1785	694	694	295.7	0.426081	0.426081
1786	1378	1195	634.9	0.46074	0.531297
1787	989	686	80.6	0.0814965	0.117493
1788	722	722	108.5	0.150277	0.150277
1789	930	930	238.9	0.256882	0.256882
1790	553	553	16.4	0.0296564	0.0296564
1791	794	794	182.5	0.229849	0.229849
1792	1568	1231	173.2	0.110459	0.140699
1793	1923	1713	182.3	0.0947998	0.106421
1794	729	729	220.4	0.302332	0.302332
1795	687	661	15.5	0.0225619	0.0234493
1796	1013	1013	744.6	0.735044	0.735044
1797	662	499	605.8	0.915106	1.21403
1798	1184	1184	130	0.109797	0.109797
1799	2357	1026	0	0	0
1800	1222	758	32.5	0.0265957	0.042876
1801	755	755	378.3	0.50106	0.50106
1802	940	940	1568.5	1.66862	1.66862
1803	1184	958	84	0.0709459	0.0876827
1804	976	879	69	0.0706967	0.0784983
1805	1432	1432	536.1	0.374372	0.374372
1806	2814	2225	71.9	0.0255508	0.0323146
1807	1237	886	126.9	0.102587	0.143228
1808	1570	1570	0	0	0
1809	1517	906	1203.6	0.793408	1.32848
1810	1158	1047	390.3	0.337047	0.372779
1811	484	484	61	0.126033	0.126033
1812	833	833	158.6	0.190396	0.190396
1813	1617	1504	280.9	0.173717	0.186769
1814	1132	1132	547.8	0.483922	0.483922
1815	1080	642	269.1	0.249167	0.419159
1816	675	580	91.1	0.134963	0.157069
1817	453	453	68.7	0.151656	0.151656
1818	1210	1210	0	0	0
1819	635	635	112.8	0.177638	0.177638
1820	508	508	0	0	0
1821	759	759	67.1	0.0884058	0.0884058
1822	1207	979	0	0	0
1823	1460	958	380.3	0.260479	0.396973
1824	989	989	59.5	0.0601618	0.0601618
1825	675	675	0	0	0
1826	1229	1229	424.9	0.345728	0.345728
1827	638	638	244.5	0.383229	0.383229
1828	673	673	261.8	0.389004	0.389004
1829	950	0	0	0	0
1830	903	0	0	0	0
1831	503	0	0	0	0
1832	1688	154	0	0	0
1833	303	0	0	0	0
1834	779	301	0	0	0
1835	728	0	0	0	0
1836	1391	0	0	0	0
1837	986	11	1226	1.24341	111.455
1838	1018	974	223.8	0.219843	0.229774
1839	3699	3699	27344.3	7.39235	7.39235
1840	403	0	0	0	0
1841	1262	0	0	0	0
1842	1440	0	0	0	0
1843	865	0	0	0	0
1844	1609	0	0	0	0
1845	1948	0	0	0	0
1846	686	0	0	0	0
1847	498	0	0	0	0
1848	1841	0	0	0	0
1849	329	147	0	0	0
1850	925	821	47.9	0.0517838	0.0583435
1851	745	192	0	0	0
1852	768	84	0	0	0
1853	1272	365	203.4	0.159906	0.55726
1854	624	0	0	0	0
1855	520	520	0	0	0
1856	503	503	5522.8	10.9797	10.9797
1857	1076	1076	214.8	0.199628	0.199628
1858	974	974	67.8	0.0696099	0.0696099
1859	685	398	0	0	0
1860	879	854	181.3	0.206257	0.212295
1861	1177	896	233.2	0.198131	0.260268
1862	829	829	86.2	0.103981	0.103981
1863	763	763	25.5	0.0334207	0.0334207
1864	764	764	405.8	0.531152	0.531152
1865	455	455	111.3	0.244615	0.244615
1866	911	911	72.1	0.0791438	0.0791438
1867	1142	1129	121.5	0.106392	0.107617
1868	856	727	0	0	0
1869	1119	723	59.6	0.0532618	0.0824343
1870	814	814	181.2	0.222604	0.222604
1871	798	798	114.7	0.143734	0.143734
1872	1023	1023	94.9	0.0927664	0.0927664
1873	577	577	45.1	0.0781629	0.0781629
1874	834	528	264.2	0.316787	0.500379
1875	1431	1431	69	0.048218	0.048218
1876	1947	1301	37.3	0.0191577	0.0286703
1877	599	599	156.3	0.260935	0.260935
1878	895	833	270	0.301676	0.32413
1879	633	633	0	0	0
1880	835	835	0	0	0
1881	2211	1918	0	0	0
1882	1191	687	0	0	0
1883	966	966	544	0.563147	0.563147
1884	381	381	114.2	0.299738	0.299738
1885	880	880	0	0	0
1886	895	463	227.4	0.254078	0.491145
1887	1903	0	0	0	0
1888	2092	1746	128.9	0.0616157	0.0738259
1889	693	646	101.6	0.146609	0.157276
1890	594	449	24.5	0.0412458	0.0545657
1891	1199	1176	70	0.058382	0.0595238
1892	474	474	0	0	0
1893	1444	959	437.5	0.302978	0.456204
1894	896	896	634.6	0.708259	0.708259
1895	545	545	47.1	0.086422	0.086422
1896	1118	1118	0	0	0
1897	2284	1977	151.6	0.0663748	0.0766818
1898	929	688	507.7	0.546502	0.737936
1899	803	803	0	0	0
1900	1030	1030	117	0.113592	0.113592
1901	1314	1191	142.8	0.108676	0.119899
1902	2306	2306	131.9	0.0571986	0.0571986
1903	661	661	0	0	0
1904	577	577	0	0	0
1905	1406	929	143	0.101707	0.153929
1906	1002	1002	200.2	0.1998	0.1998
1907	847	847	0	0	0
1908	993	612	0	0	0
1909	330	330	3.5	0.0106061	0.0106061
1910	840	553	0	0	0
1911	909	909	0	0	0
1912	657	657	145.6	0.221613	0.221613
1913	362	362	0	0	0
1914	490	392	0	0	0
1915	351	351	0	0	0
1916	850	173	47.1	0.0554118	0.272254
1917	1005	834	69.2	0.0688557	0.0829736
1918	2187	945	0	0	0
1919	918	667	0	0	0
1920	1102	1102	59.1	0.0536298	0.0536298
1921	2379	2204	343.7	0.144472	0.155944
1922	1316	573	2.1	0.00159574	0.00366492
1923	684	475	199.9	0.292251	0.420842
1924	372	372	181.3	0.487366	0.487366
1925	1578	1578	192.4	0.121926	0.121926
1926	674	674	119.9	0.177893	0.177893
1927	1169	804	42.3	0.0361848	0.0526119
1928	1913	1458	185.2	0.0968113	0.127023
1929	2819	2819	105.4	0.0373891	0.0373891
1930	1106	495	392.2	0.354611	0.792323
1931	1357	1357	201.3	0.148342	0.148342
1932	937	891	0.7	0.000747065	0.000785634
1933	767	662	681.6	0.888657	1.02961
1934	1097	1097	629.2	0.573564	0.573564
1935	2608	2608	440.6	0.168942	0.168942
1936	554	554	128.5	0.231949	0.231949
1937	1590	1590	0	0	0
1938	806	683	59	0.073201	0.0863836
1939	643	643	0	0	0
1940	1776	1496	217.7	0.122579	0.145521
1941	1490	1490	367.3	0.24651	0.24651
1942	527	331	211.1	0.400569	0.637764
1943	1283	972	281.8	0.219641	0.289918
1944	1659	1340	112.1	0.0675708	0.0836567
1945	589	589	249.1	0.42292	0.42292
1946	436	436	101.9	0.233716	0.233716
1947	493	493	0	0	0
1948	1703	500	487.1	0.286025	0.9742
1949	1072	945	126	0.117537	0.133333
1950	1875	1116	350.6	0.186987	0.314158
1951	1336	1189	1.6	0.0011976	0.00134567
1952	1648	1648	597.2	0.362379	0.362379
1953	827	827	417.6	0.504958	0.504958
1954	1068	817	61.9	0.0579588	0.075765
1955	1821	1778	0	0	0
1956	18274	1582	4085.1	0.223547	2.58224
1957	2299	366	1452.3	0.631709	3.96803
1958	9066	944	19452.3	2.14563	20.6062
1959	4622	3792	30160.3	6.52538	7.95367
1960	3593	3593	15582.8	4.33699	4.33699
1961	2558	2558	10175.8	3.97803	3.97803
1962	2524	2524	2616.1	1.03649	1.03649
1963	770	770	460.3	0.597792	0.597792
1964	1187	1165	120.5	0.101516	0.103433
1965	689	0	0	0	0
1966	1807	1807	917	0.507471	0.507471
1967	1246	1246	556.3	0.446469	0.446469
1968	667	667	0	0	0
1969	1508	1508	116.8	0.0774536	0.0774536
1970	463	463	0	0	0
1971	1325	1325	470.2	0.354868	0.354868
1972	400	400	352.1	0.88025	0.88025
1973	736	736	0	0	0
1974	843	383	31.2	0.0370107	0.0814621
1975	1301	1196	0	0	0
1976	1488	1488	676.8	0.454839	0.454839
1977	2122	506	0	0	0
1978	478	478	51.9	0.108577	0.108577
1979	1270	1270	501.4	0.394803	0.394803
1980	819	537	301	0.367521	0.560521
1981	1208	1208	0	0	0
1982	889	889	218.8	0.246119	0.246119
1983	815	815	289.6	0.355337	0.355337
1984	468	468	0	0	0
1985	854	538	6.4	0.00749415	0.0118959
1986	520	520	0	0	0
1987	1073	1063	0	0	0
1988	431	292	3.7	0.00858469	0.0126712
1989	1184	1184	449.7	0.379814	0.379814
1990	1534	1328	291.4	0.189961	0.219428
1991	621	621	419.5	0.675523	0.675523
1992	1211	978	0	0	0
1993	521	521	48.1	0.0923225	0.0923225
1994	309	309	99.5	0.322006	0.322006
1995	2145	1011	69	0.0321678	0.0682493
1996	1236	829	0	0	0
1997	968	968	151.5	0.156508	0.156508
1998	1577	1049	185.1	0.117375	0.176454
1999	524	466	26.2	0.05	0.0562232
2000	621	621	320.5	0.516103	0.516103
2001	341	341	0	0	0
2002	612	612	74	0.120915	0.120915
2003	679	679	61.3	0.0902798	0.0902798
2004	2141	1616	1477	0.689865	0.913985
2005	710	710	275.1	0.387465	0.387465
2006	1281	1172	19.6	0.0153005	0.0167235
2007	1499	1499	0	0	0
2008	433	433	3	0.00692841	0.00692841
2009	3386	3386	149.6	0.0441819	0.0441819
2010	1222	985	232.8	0.190507	0.236345
2011	1167	724	15.8	0.013539	0.0218232
2012	728	498	0	0	0
2013	905	905	7.9	0.00872928	0.00872928
2014	1040	1011	204	0.196154	0.20178
2015	2327	2327	598.6	0.257241	0.257241
2016	2002	2002	332.8	0.166234	0.166234
2017	1639	986	0	0	0
2018	576	576	0	0	0
2019	1949	1716	122.4	0.0628014	0.0713287
2020	682	682	0	0	0
2021	322	322	351.8	1.09255	1.09255
2022	510	510	0	0	0
2023	500	228	0	0	0
2024	812	812	262.3	0.32303	0.32303
2025	684	684	57.6	0.0842105	0.0842105
2026	1003	1003	0	0	0
2027	516	516	0	0	0
2028	774	774	0	0	0
2029	992	992	72.8	0.0733871	0.0733871
2030	1393	1022	346	0.248385	0.338552
2031	8779	8524	592.8	0.0675248	0.0695448
2032	642	642	279.6	0.435514	0.435514
2033	1891	1891	1383.3	0.731518	0.731518
2034	612	291	326	0.53268	1.12027
2035	2565	2475	111.5	0.0434698	0.0450505
2036	1127	596	41.8	0.0370896	0.0701342
2037	927	463	191.1	0.206149	0.412743
2038	704	704	16.2	0.0230114	0.0230114
2039	1183	1183	305.5	0.258242	0.258242
2040	636	636	141.4	0.222327	0.222327
2041	1504	1504	337.1	0.224136	0.224136
2042	1061	1061	66.7	0.0628652	0.0628652
2043	892	892	97.7	0.109529	0.109529
2044	654	607	0	0	0
2045	601	411	73.1	0.121631	0.177859
2046	1259	1259	0	0	0
2047	396	0	0	0	0
2048	748	0	0	0	0
2049	1446	1446	459.9	0.31805	0.31805
2050	1056	927	87	0.0823864	0.0938511
2051	1901	1138	453.7	0.238664	0.398682
2052	2769	2646	95.5	0.034489	0.0360922
2053	374	297	121.5	0.324866	0.409091
2054	462	462	121.7	0.26342	0.26342
2055	1251	1251	80.8	0.0645883	0.0645883
2056	1489	1489	0	0	0
2057	383	383	247	0.644909	0.644909
2058	1943	1943	0	0	0
2059	1129	719	0	0	0
2060	1588	1588	0	0	0
2061	449	449	36.3	0.0808463	0.0808463
2062	922	922	47.6	0.0516269	0.0516269
2063	631	371	61.6	0.0976228	0.166038
2064	585	585	72.2	0.123419	0.123419
2065	1381	1381	365.5	0.264663	0.264663
2066	669	669	0	0	0
2067	644	644	0	0	0
2068	667	667	0	0	0
2069	506	252	64.1	0.12668	0.254365
2070	2792	0	0	0	0
2071	2889	385	0	0	0
2072	1195	749	189	0.158159	0.252336
2073	490	0	0	0	0
2074	438	0	0	0	0
2075	1798	0	0	0	0
2076	1629	0	0	0	0
2077	1879	0	0	0	0
2078	626	0	0	0	0
2079	2105	0	0	0	0
2080	587	0	0	0	0
2081	6829	0	0	0	0
2082	2539	0	0	0	0
2083	13259	0	0	0	0
2084	1642	0	0	0	0
2085	5954	0	0	0	0
2086	4683	0	0	0	0
2087	2224	0	0	0	0
2088	4927	0	0	0	0
2089	11281	0	0	0	0
2090	2550	0	0	0	0
2091	2283	0	0	0	0
2092	3146	0	0	0	0
2093	6121	0	0	0	0
2094	7791	0	0	0	0
2095	20592	0	0	0	0
2096	2594	0	0	0	0
2097	6182	0	0	0	0
2098	1547	0	0	0	0
2099	1195	0	0	0	0
2100	4318	0	0	0	0
2101	1666	0	0	0	0
2102	8278	0	0	0	0
2103	6029	0	0	0	0
2104	2052	0	0	0	0
2105	7637	0	0	0	0
2106	2463	0	0	0	0
2107	6308	0	0	0	0
2108	8387	0	0	0	0
2109	11252	0	0	0	0
2110	443	0	0	0	0
2111	1164	0	0	0	0
