1	753	753	0	0	0
2	2974	2974	727.663	0.244675	0.244675
3	1070	1070	262.206	0.245053	0.245053
4	571	571	187.26	0.327952	0.327952
5	807	807	191.539	0.237348	0.237348
6	1159	1159	215.049	0.185547	0.185547
7	693	693	0	0	0
8	831	831	0	0	0
9	744	744	181.876	0.244457	0.244457
10	1743	1743	129.319	0.0741936	0.0741936
11	1120	1120	18.8246	0.0168077	0.0168077
12	459	459	143.4	0.312419	0.312419
13	1458	1458	228.135	0.156471	0.156471
14	756	756	43.2228	0.0571731	0.0571731
15	757	757	129.82	0.171493	0.171493
16	1136	1136	41.6123	0.0366306	0.0366306
17	5886	5886	1141.81	0.193987	0.193987
18	412	412	118.892	0.288574	0.288574
19	616	616	162.844	0.264357	0.264357
20	2838	2838	413.417	0.145672	0.145672
21	705	705	0	0	0
22	1039	1039	118.892	0.11443	0.11443
23	2368	2368	551.257	0.232794	0.232794
24	502	502	118.892	0.236837	0.236837
25	615	615	89.1693	0.144991	0.144991
26	947	947	309.613	0.326941	0.326941
27	2062	2062	196.816	0.095449	0.095449
28	1047	1047	81.6458	0.0779807	0.0779807
29	885	885	39.9168	0.0451037	0.0451037
30	1662	1662	211.004	0.126958	0.126958
31	844	844	0	0	0
32	536	536	152.705	0.284897	0.284897
33	851	851	118.892	0.139709	0.139709
34	411	411	119.883	0.291687	0.291687
35	650	650	91.1594	0.140245	0.140245
36	1205	1205	297.291	0.246715	0.246715
37	448	448	110.2	0.245981	0.245981
38	1077	1077	112.465	0.104425	0.104425
39	1252	1252	335.774	0.26819	0.26819
40	1942	1942	372.199	0.191657	0.191657
41	968	968	0	0	0
42	2527	2527	268.202	0.106134	0.106134
43	998	998	11.0507	0.0110728	0.0110728
44	968	968	118.892	0.122823	0.122823
45	692	692	118.892	0.17181	0.17181
46	787	787	320.861	0.407702	0.407702
47	1493	1493	231.826	0.155275	0.155275
48	1152	1152	0	0	0
49	686	686	9.9077	0.0144427	0.0144427
50	1117	1117	147.074	0.131669	0.131669
51	1436	1436	118.892	0.0827941	0.0827941
52	1593	1593	55.1733	0.0346348	0.0346348
53	1548	1548	162.504	0.104977	0.104977
54	865	865	95.3556	0.110238	0.110238
55	704	704	135.69	0.192741	0.192741
56	858	858	0	0	0
57	8769	8769	2136.97	0.243696	0.243696
58	7558	7558	2729.53	0.361144	0.361144
59	468	468	0	0	0
60	1297	1297	0	0	0
61	601	601	0	0	0
62	1199	1199	0	0	0
63	495	495	0	0	0
64	718	718	219.722	0.306019	0.306019
65	403	403	248.333	0.616211	0.616211
66	627	627	0	0	0
67	957	957	0	0	0
68	318	318	0	0	0
69	345	345	0	0	0
70	734	734	0	0	0
71	441	441	377.417	0.855822	0.855822
72	1477	1477	76.2893	0.0516515	0.0516515
73	474	474	0	0	0
74	412	412	0	0	0
75	969	969	0	0	0
76	857	857	237.806	0.277486	0.277486
77	442	442	70.308	0.159068	0.159068
78	1372	1372	163.406	0.1191	0.1191
79	749	749	0	0	0
80	823	823	168.675	0.204952	0.204952
81	1297	1297	220.755	0.170204	0.170204
82	738	738	230.384	0.312174	0.312174
83	1036	1036	271.942	0.262492	0.262492
84	771	771	0	0	0
85	989	989	84.5055	0.0854454	0.0854454
86	862	862	470.537	0.545867	0.545867
87	1086	1086	31.6915	0.0291819	0.0291819
88	1063	1063	144.652	0.136079	0.136079
89	490	490	25.7312	0.0525126	0.0525126
90	658	658	0	0	0
91	1101	1101	0	0	0
92	428	428	0	0	0
93	1136	1136	13.195	0.0116154	0.0116154
94	717	717	70.3447	0.0981097	0.0981097
95	1256	1256	0	0	0
96	1185	1185	341.823	0.288458	0.288458
97	1219	1219	500.263	0.410388	0.410388
98	1020	1020	377.648	0.370243	0.370243
99	1685	1685	134.755	0.0799731	0.0799731
100	433	433	130.782	0.302036	0.302036
101	404	404	118.892	0.294288	0.294288
102	589	589	237.795	0.403727	0.403727
103	1059	1059	0	0	0
104	930	930	143.662	0.154475	0.154475
105	1156	1156	361.504	0.31272	0.31272
106	1223	1223	0	0	0
107	502	502	88.2522	0.175801	0.175801
108	4888	4888	1724.33	0.352769	0.352769
109	1083	1083	107.126	0.098916	0.098916
110	528	528	91.5082	0.173311	0.173311
111	720	720	118.892	0.165128	0.165128
112	758	758	196.827	0.259667	0.259667
113	984	984	354.806	0.360575	0.360575
114	947	947	271.787	0.286998	0.286998
115	973	973	310.354	0.318966	0.318966
116	514	514	165.802	0.322573	0.322573
117	1092	1092	1.48449	0.00135942	0.00135942
118	2093	2093	0	0	0
119	684	684	0	0	0
120	1034	1034	96.5751	0.0933995	0.0933995
121	1470	0	0	0	0
122	867	867	143.031	0.164972	0.164972
123	658	658	118.892	0.180688	0.180688
124	660	660	59.7292	0.0904988	0.0904988
125	1276	1276	128.752	0.100903	0.100903
126	623	623	0	0	0
127	3055	3055	595.477	0.194919	0.194919
128	755	755	118.892	0.157473	0.157473
129	1130	1130	36.6599	0.0324424	0.0324424
130	1991	1991	137.62	0.0691209	0.0691209
131	915	915	94.4275	0.103199	0.103199
132	1155	1155	284.351	0.246191	0.246191
133	764	764	118.892	0.155618	0.155618
134	1118	1118	120.986	0.108217	0.108217
135	1162	1162	0	0	0
136	731	731	52.6858	0.0720736	0.0720736
137	1205	1205	889.65	0.738298	0.738298
138	531	531	56.767	0.106906	0.106906
139	775	775	0	0	0
140	461	461	0	0	0
141	1138	1138	167.917	0.147555	0.147555
142	1054	1054	0	0	0
143	1424	1424	128.8	0.0904495	0.0904495
144	1096	1096	213.615	0.194904	0.194904
145	1330	1330	115.127	0.0865614	0.0865614
146	886	886	0	0	0
147	864	864	0	0	0
148	713	713	0	0	0
149	2430	2430	34.6769	0.0142703	0.0142703
150	962	962	88.3243	0.0918132	0.0918132
151	1268	1268	250.652	0.197675	0.197675
152	1298	1298	0	0	0
153	310	310	144.652	0.466621	0.466621
154	437	437	368.591	0.843457	0.843457
155	808	808	134.64	0.166633	0.166633
156	8524	8524	2443.92	0.28671	0.28671
157	8077	8077	3979.85	0.492739	0.492739
158	19056	19056	5837.87	0.306354	0.306354
159	6486	6486	2226.2	0.343232	0.343232
160	6962	6962	2779.75	0.399275	0.399275
161	12458	12458	4625.53	0.37129	0.37129
162	30196	30196	6643.59	0.220015	0.220015
163	861	861	375.45	0.436062	0.436062
164	12524	12524	4446.53	0.355041	0.355041
165	19642	19642	5193.28	0.264397	0.264397
166	26100	26100	6396.87	0.245091	0.245091
167	7514	7514	581.517	0.0773911	0.0773911
168	6912	6912	883.818	0.127867	0.127867
169	1650	1650	324.67	0.19677	0.19677
170	1073	1073	294.779	0.274724	0.274724
171	1712	1712	199.763	0.116684	0.116684
172	1778	1778	504.928	0.283987	0.283987
173	10224	10224	513.056	0.0501816	0.0501816
174	2794	2794	0	0	0
175	776	776	0	0	0
176	3753	3753	676.534	0.180265	0.180265
177	3969	3969	513.684	0.129424	0.129424
178	4946	4946	955.718	0.19323	0.19323
179	6399	6399	2538.65	0.396727	0.396727
180	7161	7161	2468.77	0.344752	0.344752
181	1517	1517	535.293	0.352863	0.352863
182	2759	2759	1474.81	0.534546	0.534546
183	2367	2367	669.731	0.282945	0.282945
184	604	604	0	0	0
185	809	809	184.284	0.227792	0.227792
186	1206	1206	277.12	0.229785	0.229785
187	2380	2380	232.494	0.0976866	0.0976866
188	934	934	51.52	0.0551606	0.0551606
189	735	735	422.029	0.574189	0.574189
190	1603	1603	151.588	0.0945651	0.0945651
191	585	585	0	0	0
192	845	845	118.892	0.140701	0.140701
193	2857	2857	297.069	0.103979	0.103979
194	1218	1218	118.892	0.0976128	0.0976128
195	1078	1078	261.423	0.242507	0.242507
196	1120	1120	211.004	0.188396	0.188396
197	1778	1778	264.56	0.148796	0.148796
198	1196	1196	118.892	0.0994084	0.0994084
199	1568	1568	356.677	0.227473	0.227473
200	2855	2855	282.369	0.0989035	0.0989035
201	290	290	0	0	0
202	2057	2057	196.622	0.0955867	0.0955867
203	1182	1182	108.985	0.0922036	0.0922036
204	1041	1041	181.305	0.174164	0.174164
205	794	794	132.494	0.166869	0.166869
206	802	802	265.526	0.33108	0.33108
207	708	708	59.3796	0.0838695	0.0838695
208	2179	2179	356.677	0.163688	0.163688
209	687	687	64.4	0.093741	0.093741
210	559	559	111.317	0.199137	0.199137
211	1649	1649	0	0	0
212	544	544	308.585	0.567251	0.567251
213	1138	1138	0	0	0
214	518	518	74.1418	0.143131	0.143131
215	1201	1201	33.2978	0.027725	0.027725
216	682	682	510.571	0.748638	0.748638
217	1248	1248	0	0	0
218	687	687	0	0	0
219	1205	1205	134.702	0.111786	0.111786
220	924	924	35.6677	0.0386014	0.0386014
221	1431	1431	0	0	0
222	912	912	3.1122	0.0034125	0.0034125
223	585	585	370.574	0.633459	0.633459
224	823	823	283.329	0.344264	0.344264
225	1426	1426	118.892	0.0833748	0.0833748
226	640	640	118.892	0.185769	0.185769
227	974	974	666.775	0.684574	0.684574
228	1396	1396	135.203	0.0968505	0.0968505
229	1113	1113	426.425	0.383131	0.383131
230	663	663	64.4	0.0971343	0.0971343
231	2485	2485	79.2616	0.031896	0.031896
232	1118	1118	0	0	0
233	18795	18795	0	0	0
234	1174	1174	67.3346	0.0573549	0.0573549
235	1299	1299	0	0	0
236	1151	1151	237.807	0.206609	0.206609
237	774	774	0	0	0
238	440	440	5.44313	0.0123708	0.0123708
239	1160	1160	257.107	0.221644	0.221644
240	775	775	127.8	0.164903	0.164903
241	1084	1084	109.965	0.101444	0.101444
242	1098	1098	337.881	0.307724	0.307724
243	766	766	0	0	0
244	1160	1160	118.892	0.102493	0.102493
245	990	990	73.584	0.0743273	0.0743273
246	1524	1524	0	0	0
247	436	436	438.939	1.00674	1.00674
248	2615	2615	165.459	0.0632729	0.0632729
249	951	951	0	0	0
250	465	465	80.2524	0.172586	0.172586
251	823	823	116.808	0.14193	0.14193
252	765	765	0	0	0
253	436	436	0	0	0
254	1042	1042	0	0	0
255	625	625	235.907	0.377452	0.377452
256	2876	2876	199.145	0.0692437	0.0692437
257	1900	1900	254.073	0.133722	0.133722
258	1492	1492	118.892	0.0796866	0.0796866
259	1025	1025	266.495	0.259995	0.259995
260	1011	1011	0	0	0
261	1137	1137	0	0	0
262	1041	1041	118.892	0.11421	0.11421
263	715	715	82.1552	0.114902	0.114902
264	495	495	74.3077	0.150117	0.150117
265	831	831	113.822	0.13697	0.13697
266	1059	1059	247.838	0.23403	0.23403
267	1881	1881	50.3062	0.0267444	0.0267444
268	1114	1114	113.813	0.102166	0.102166
269	949	949	155.035	0.163367	0.163367
270	682	682	305.986	0.448661	0.448661
271	356	356	289.318	0.81269	0.81269
272	685	685	0	0	0
273	375	375	117.806	0.31415	0.31415
274	846	846	118.892	0.140535	0.140535
275	785	785	96.8428	0.123367	0.123367
276	479	479	117.902	0.246141	0.246141
277	1706	1706	118.892	0.0696907	0.0696907
278	1438	1438	118.892	0.082679	0.082679
279	916	916	0	0	0
280	1077	1077	300.173	0.278712	0.278712
281	931	931	0	0	0
282	1475	1475	118.892	0.080605	0.080605
283	1864	1864	356.703	0.191364	0.191364
284	699	699	308.509	0.441358	0.441358
285	620	620	107.003	0.172586	0.172586
286	477	477	126.807	0.265842	0.265842
287	560	560	0	0	0
288	599	599	237.797	0.39699	0.39699
289	659	659	43.5939	0.0661516	0.0661516
290	951	951	504.671	0.530674	0.530674
291	1588	1588	252.135	0.158775	0.158775
292	672	672	128.086	0.190604	0.190604
293	1629	1629	136.28	0.0836587	0.0836587
294	728	728	79.2616	0.108876	0.108876
295	968	968	55.4831	0.0573173	0.0573173
296	1967	1967	151.998	0.0772738	0.0772738
297	1723	1723	32.3281	0.0187627	0.0187627
298	613	613	87.1878	0.142231	0.142231
299	352	352	0	0	0
300	772	772	248.732	0.322192	0.322192
301	1626	1626	0	0	0
302	1454	1454	118.892	0.0817692	0.0817692
303	954	954	228.171	0.239173	0.239173
304	649	649	116.364	0.179298	0.179298
305	2827	2827	21.7722	0.00770153	0.00770153
306	445	445	0	0	0
307	659	659	270.963	0.411173	0.411173
308	843	843	118.892	0.141035	0.141035
309	709	709	251.93	0.355332	0.355332
310	968	968	384.444	0.397153	0.397153
311	382	382	178.404	0.467026	0.467026
312	1056	1056	96.4751	0.091359	0.091359
313	718	718	111.839	0.155765	0.155765
314	1206	1206	0	0	0
315	1484	1484	237.785	0.160232	0.160232
316	2056	2056	118.892	0.057827	0.057827
317	597	597	274.05	0.459045	0.459045
318	803	803	118.892	0.14806	0.14806
319	374	374	0	0	0
320	1583	1583	0	0	0
321	872	872	169.302	0.194153	0.194153
322	739	739	219.485	0.297003	0.297003
323	1928	1928	0	0	0
324	779	779	0	0	0
325	940	940	247.695	0.263505	0.263505
326	583	583	237.786	0.407867	0.407867
327	948	948	237.792	0.250835	0.250835
328	841	841	756.857	0.899949	0.899949
329	1193	1193	221.932	0.186029	0.186029
330	795	795	358.667	0.451153	0.451153
331	2044	2044	517.101	0.252985	0.252985
332	567	567	0	0	0
333	896	896	0	0	0
334	1276	1276	237.785	0.186352	0.186352
335	1047	1047	0	0	0
336	1586	1586	118.892	0.0749637	0.0749637
337	1109	1109	135.389	0.122082	0.122082
338	1559	1559	0	0	0
339	761	761	0	0	0
340	558	558	24.2467	0.0434528	0.0434528
341	1089	1089	256.609	0.235638	0.235638
342	793	793	228.159	0.287716	0.287716
343	945	945	665.273	0.703993	0.703993
344	1804	1804	380.172	0.210738	0.210738
345	2094	2094	543.597	0.259598	0.259598
346	3696	3696	566.565	0.153291	0.153291
347	367	367	127.305	0.346879	0.346879
348	3157	3157	832.275	0.263628	0.263628
349	1322	1322	118.892	0.0899337	0.0899337
350	701	701	0	0	0
351	1387	1387	282.369	0.203583	0.203583
352	534	534	111.687	0.209151	0.209151
353	1555	1555	204.231	0.131338	0.131338
354	740	740	123.579	0.166998	0.166998
355	639	639	6.93539	0.0108535	0.0108535
356	706	706	247.621	0.350738	0.350738
357	724	724	0	0	0
358	956	956	104.511	0.109321	0.109321
359	771	771	168.655	0.218749	0.218749
360	1985	1985	111.92	0.056383	0.056383
361	1749	1749	118.892	0.0679774	0.0679774
362	1533	1533	106.82	0.0696806	0.0696806
363	581	581	107.999	0.185884	0.185884
364	1289	1289	108.949	0.0845223	0.0845223
365	632	632	108.985	0.172444	0.172444
366	1412	1412	172.394	0.122092	0.122092
367	2550	2550	356.705	0.139884	0.139884
368	483	483	128.657	0.26637	0.26637
369	1469	1469	262.953	0.179002	0.179002
370	338	338	0	0	0
371	715	715	99.5507	0.139232	0.139232
372	681	681	0	0	0
373	594	594	271.384	0.456875	0.456875
374	1817	1817	492.435	0.271015	0.271015
375	1118	1118	0	0	0
376	986	986	68.3631	0.0693338	0.0693338
377	750	750	0	0	0
378	515	515	237.785	0.461718	0.461718
379	1205	1205	84.1766	0.0698561	0.0698561
380	1014	1014	75.3057	0.0742659	0.0742659
381	980	980	0	0	0
382	948	948	181.502	0.191457	0.191457
383	560	560	0	0	0
384	3432	3432	170.379	0.0496443	0.0496443
385	701	701	112.529	0.160526	0.160526
386	2336	2336	112.949	0.0483516	0.0483516
387	876	876	0	0	0
388	515	515	118.396	0.229896	0.229896
389	1645	1645	198.606	0.120733	0.120733
390	1624	1624	0	0	0
391	3319	3319	632.827	0.190668	0.190668
392	887	887	38.6145	0.0435338	0.0435338
393	1250	1250	0	0	0
394	778	778	118.892	0.152818	0.152818
395	522	522	0	0	0
396	654	654	0	0	0
397	2069	2069	679.989	0.328656	0.328656
398	495	495	95.8088	0.193553	0.193553
399	740	740	71.2822	0.0963272	0.0963272
400	2271	2271	126.162	0.0555536	0.0555536
401	362	362	0	0	0
402	850	850	356.705	0.419653	0.419653
403	959	959	99.077	0.103313	0.103313
404	1346	1346	116.845	0.086809	0.086809
405	976	976	60.4381	0.0619243	0.0619243
406	2237	2237	121.117	0.0541427	0.0541427
407	484	484	0	0	0
408	1382	1382	555.319	0.401822	0.401822
409	458	458	76.7705	0.167621	0.167621
410	1327	1327	356.706	0.268806	0.268806
411	757	0	0	0	0
412	460	460	0	0	0
413	4713	4713	237.785	0.050453	0.050453
414	1077	1077	55.4831	0.0515164	0.0515164
415	993	993	555.854	0.559773	0.559773
416	552	552	170.062	0.308083	0.308083
417	1702	1702	118.892	0.0698545	0.0698545
418	871	871	0	0	0
419	911	911	0	0	0
420	1798	1798	146.148	0.0812836	0.0812836
421	807	807	0	0	0
422	1078	1078	0	0	0
423	777	777	76.2893	0.0981844	0.0981844
424	1250	1250	88.6401	0.070912	0.070912
425	767	767	105.117	0.137049	0.137049
426	1705	1705	0	0	0
427	553	553	252.052	0.45579	0.45579
428	2563	2563	256.517	0.100085	0.100085
429	535	535	0	0	0
430	1025	1025	110.461	0.107767	0.107767
431	1147	1147	118.892	0.103655	0.103655
432	1804	1804	118.892	0.0659049	0.0659049
433	761	761	233.454	0.306773	0.306773
434	1763	1763	441.625	0.250497	0.250497
435	1254	1254	200.5	0.159888	0.159888
436	878	878	34.3923	0.0391712	0.0391712
437	1222	1222	0	0	0
438	1020	1020	0	0	0
439	1115	1115	152.979	0.137201	0.137201
440	1099	1099	92.5943	0.0842532	0.0842532
441	978	978	75.7456	0.0774495	0.0774495
442	472	472	0	0	0
443	703	703	329.954	0.469352	0.469352
444	1625	1625	175.737	0.108146	0.108146
445	1074	1074	118.892	0.110701	0.110701
446	1476	1476	202.107	0.136929	0.136929
447	1440	1440	0	0	0
448	835	835	0	0	0
449	832	832	96.5751	0.116076	0.116076
450	899	899	68.5799	0.0762846	0.0762846
451	748	748	18.8246	0.0251666	0.0251666
452	1780	1780	105.022	0.0590009	0.0590009
453	1328	1328	118.892	0.0895274	0.0895274
454	622	622	0	0	0
455	1244	1244	118.892	0.0955727	0.0955727
456	907	907	0	0	0
457	559	559	34.0947	0.0609923	0.0609923
458	746	746	118.892	0.159373	0.159373
459	745	745	0	0	0
460	872	872	87.1878	0.099986	0.099986
461	795	795	0	0	0
462	1191	1191	253.061	0.212478	0.212478
463	687	687	315.456	0.459179	0.459179
464	1029	1029	31.1752	0.0302966	0.0302966
465	535	535	77.6296	0.145102	0.145102
466	639	639	118.892	0.18606	0.18606
467	769	769	0	0	0
468	2280	2280	237.785	0.104292	0.104292
469	2526	2526	0	0	0
470	1035	1035	340.828	0.329303	0.329303
471	1275	1275	84.1489	0.0659991	0.0659991
472	641	641	68.3065	0.106562	0.106562
473	469	469	11.3811	0.0242667	0.0242667
474	1883	1883	583.919	0.3101	0.3101
475	1044	1044	0	0	0
476	453	453	0	0	0
477	940	940	111.453	0.118567	0.118567
478	695	695	222.893	0.32071	0.32071
479	495	495	0	0	0
480	495	495	211.052	0.426368	0.426368
481	964	964	24.2369	0.025142	0.025142
482	2681	2681	126.81	0.0472994	0.0472994
483	726	726	156.554	0.215639	0.215639
484	773	773	229.123	0.296408	0.296408
485	2017	2017	0	0	0
486	1040	1040	118.892	0.11432	0.11432
487	408	408	0	0	0
488	2851	2851	90.6238	0.0317867	0.0317867
489	675	675	26.9691	0.0399543	0.0399543
490	890	890	83.6323	0.0939689	0.0939689
491	1197	1197	0	0	0
492	808	808	0	0	0
493	779	779	88.6401	0.113787	0.113787
494	995	995	0	0	0
495	2225	2225	93.1324	0.0418572	0.0418572
496	818	818	173.571	0.21219	0.21219
497	1323	1323	160.925	0.121637	0.121637
498	1893	1893	85.118	0.0449646	0.0449646
499	1880	1880	44.5391	0.023691	0.023691
500	1162	1162	102.978	0.0886218	0.0886218
501	724	724	118.892	0.164216	0.164216
502	1294	1294	93.1324	0.0719725	0.0719725
503	910	910	224.394	0.246587	0.246587
504	1429	1429	157.066	0.109913	0.109913
505	1777	1777	57.7294	0.032487	0.032487
506	401	401	0	0	0
507	749	749	153.506	0.204948	0.204948
508	2359	2359	0	0	0
509	739	739	0	0	0
510	1619	1619	0	0	0
511	1432	1432	237.785	0.166051	0.166051
512	1032	1032	157.651	0.152763	0.152763
513	2097	2097	0	0	0
514	962	962	73.857	0.0767744	0.0767744
515	462	462	118.892	0.257343	0.257343
516	731	731	96.8472	0.132486	0.132486
517	1520	1520	39.5864	0.0260437	0.0260437
518	579	579	44.5347	0.0769166	0.0769166
519	927	927	364.625	0.393339	0.393339
520	1944	1944	77.2801	0.0397531	0.0397531
521	2495	2495	0	0	0
522	7583	7583	0	0	0
523	951	951	0	0	0
524	1071	1071	118.892	0.111011	0.111011
525	1185	1185	0	0	0
526	2340	2340	0	0	0
527	726	726	118.892	0.163764	0.163764
528	1261	1261	0	0	0
529	830	830	0	0	0
530	839	839	0	0	0
531	1118	1118	118.892	0.106344	0.106344
532	3994	3994	184.283	0.04614	0.04614
533	384	384	0	0	0
534	1454	1454	0	0	0
535	1745	1745	118.892	0.0681332	0.0681332
536	590	590	0	0	0
537	1101	1101	0	0	0
538	900	900	19.9294	0.0221438	0.0221438
539	1444	1444	69.5471	0.0481628	0.0481628
540	1136	1136	24.0527	0.0211732	0.0211732
541	766	766	253.088	0.330402	0.330402
542	675	675	0	0	0
543	571	571	180.229	0.315638	0.315638
544	637	637	118.892	0.186644	0.186644
545	576	576	237.811	0.412866	0.412866
546	2281	2281	343.811	0.150728	0.150728
547	701	701	0	0	0
548	1690	1690	0	0	0
549	759	759	0	0	0
550	3216	3216	242.389	0.0753698	0.0753698
551	955	955	10.8985	0.011412	0.011412
552	1033	1033	0	0	0
553	756	756	104.031	0.137607	0.137607
554	1256	1256	392.719	0.312675	0.312675
555	744	744	504.022	0.677449	0.677449
556	2087	2087	81.6457	0.0391211	0.0391211
557	1319	1319	328.502	0.249054	0.249054
558	912	912	0	0	0
559	852	852	118.892	0.139545	0.139545
560	515	515	309.576	0.601119	0.601119
561	1574	1574	323.823	0.205733	0.205733
562	949	949	0	0	0
563	2363	2363	356.685	0.150946	0.150946
564	934	934	66.3502	0.0710387	0.0710387
565	828	828	475.598	0.574394	0.574394
566	2174	2174	94.0788	0.0432745	0.0432745
567	980	980	0	0	0
568	1366	1366	177.009	0.129582	0.129582
569	429	429	209.573	0.488516	0.488516
570	1021	1021	356.563	0.349229	0.349229
571	859	859	63.0081	0.0733505	0.0733505
572	480	480	0	0	0
573	844	844	118.892	0.140868	0.140868
574	511	511	157.545	0.308308	0.308308
575	744	744	91.1508	0.122515	0.122515
576	828	828	172.196	0.207966	0.207966
577	981	981	133.74	0.13633	0.13633
578	702	702	148.241	0.211169	0.211169
579	822	822	118.892	0.144638	0.144638
580	1106	1106	247.641	0.223907	0.223907
581	680	680	0	0	0
582	1000	1000	368.242	0.368242	0.368242
583	864	864	167.44	0.193796	0.193796
584	533	533	0	0	0
585	1684	1684	172.078	0.102184	0.102184
586	1348	1348	934.358	0.693144	0.693144
587	924	924	0	0	0
588	709	709	0	0	0
589	817	817	0	0	0
590	1241	1241	1672.49	1.3477	1.3477
591	1079	1079	0	0	0
592	1684	1684	0	0	0
593	816	816	332.451	0.407416	0.407416
594	1014	1014	0	0	0
595	755	755	0	0	0
596	487	487	9.40168	0.0193053	0.0193053
597	2508	2508	0	0	0
598	1508	1508	80.9986	0.0537126	0.0537126
599	1541	1541	118.892	0.0771528	0.0771528
600	635	635	295.264	0.464982	0.464982
601	3845	3845	1188.98	0.309229	0.309229
602	905	905	0	0	0
603	703	703	0	0	0
604	347	347	0	0	0
605	4150	4150	118.892	0.0286488	0.0286488
606	650	650	0	0	0
607	773	773	0	0	0
608	4195	4195	88.6401	0.0211299	0.0211299
609	1525	1525	876.165	0.574534	0.574534
610	560	560	0	0	0
611	6377	6377	1365.33	0.214102	0.214102
612	5742	5742	949.353	0.165335	0.165335
613	5111	5111	980.304	0.191803	0.191803
614	4422	4422	1132.14	0.256025	0.256025
615	836	836	306.286	0.366371	0.366371
616	5542	5542	1252.14	0.225936	0.225936
617	3260	3260	539.909	0.165616	0.165616
618	341	341	0	0	0
619	1068	1068	291.304	0.272756	0.272756
620	728	728	0	0	0
621	23606	23606	2592.28	0.109814	0.109814
622	3796	3796	356.704	0.0939685	0.0939685
623	1787	1787	202.964	0.113578	0.113578
624	10492	10492	1245.38	0.118698	0.118698
625	4852	4852	237.785	0.0490076	0.0490076
626	1060	1060	347.628	0.327951	0.327951
627	550	550	112.194	0.203989	0.203989
628	1169	1169	0	0	0
629	834	834	65.3908	0.0784063	0.0784063
630	1006	1006	89.1693	0.0886375	0.0886375
631	1174	1174	155.563	0.132507	0.132507
632	408	408	13.4457	0.0329551	0.0329551
633	533	533	0	0	0
634	1962	1962	210.241	0.107157	0.107157
635	2469	2469	118.892	0.0481541	0.0481541
636	892	892	93.1324	0.104408	0.104408
637	447	447	4.94814	0.0110697	0.0110697
638	907	907	116.911	0.128898	0.128898
639	711	711	226.886	0.319109	0.319109
640	571	571	213.255	0.373477	0.373477
641	2275	2275	39.1199	0.0171956	0.0171956
642	786	786	93.1119	0.118463	0.118463
643	1024	1024	0	0	0
644	1554	1554	283.983	0.182743	0.182743
645	1016	1016	0	0	0
646	329	329	0	0	0
647	1396	1396	319.136	0.228607	0.228607
648	716	716	74.1504	0.103562	0.103562
649	610	610	44.1095	0.0723107	0.0723107
650	1946	1946	118.72	0.0610074	0.0610074
651	1009	1009	135.344	0.134136	0.134136
652	1062	1062	173.007	0.162907	0.162907
653	418	418	36.6285	0.087628	0.087628
654	2075	2075	0	0	0
655	1065	1065	390.836	0.366982	0.366982
656	2767	2767	147.954	0.0534709	0.0534709
657	1897	1897	0	0	0
658	1049	1049	237.785	0.226678	0.226678
659	799	799	0	0	0
660	726	726	237.812	0.327565	0.327565
661	2304	2304	371.919	0.161423	0.161423
662	4385	4385	1025.79	0.233932	0.233932
663	768	768	1.97932	0.00257724	0.00257724
664	7961	7961	322.457	0.0405046	0.0405046
665	2903	2903	155.51	0.0535687	0.0535687
666	5968	5968	237.785	0.0398433	0.0398433
667	5012	5012	2633.19	0.525377	0.525377
668	1215	1215	96.3192	0.0792751	0.0792751
669	393	393	0	0	0
670	2017	2017	163.674	0.0811471	0.0811471
671	1236	1236	517.856	0.418977	0.418977
672	1063	1063	118.892	0.111846	0.111846
673	619	619	0	0	0
674	1015	1015	523.127	0.515396	0.515396
675	1674	1674	53.4667	0.0319395	0.0319395
676	761	761	520.177	0.683544	0.683544
677	1589	1589	0	0	0
678	1180	1180	288.101	0.244153	0.244153
679	576	576	0	0	0
680	496	496	237.811	0.479459	0.479459
681	627	627	0	0	0
682	1441	1441	237.789	0.165017	0.165017
683	1266	1266	342.818	0.270788	0.270788
684	645	645	129.791	0.201226	0.201226
685	559	559	95.1232	0.170167	0.170167
686	1313	1313	0	0	0
687	2132	2132	118.892	0.0557657	0.0557657
688	486	486	118.892	0.244635	0.244635
689	453	453	235.941	0.520842	0.520842
690	1164	1164	438.853	0.377021	0.377021
691	497	497	0	0	0
692	820	820	288.101	0.351343	0.351343
693	503	503	261.59	0.52006	0.52006
694	449	449	157.239	0.350199	0.350199
695	1319	1319	48.5477	0.0368065	0.0368065
696	3125	3125	131.758	0.0421626	0.0421626
697	771	771	88.7839	0.115154	0.115154
698	740	740	74.9755	0.101318	0.101318
699	1020	1020	169.934	0.166602	0.166602
700	932	932	0	0	0
701	1591	1591	336.875	0.211738	0.211738
702	620	620	2.96898	0.00478868	0.00478868
703	1944	1944	237.785	0.122317	0.122317
704	867	867	0	0	0
705	1490	1490	118.892	0.0797936	0.0797936
706	541	541	0	0	0
707	4337	4337	648.818	0.149601	0.149601
708	724	724	286.352	0.395513	0.395513
709	1027	1027	160.36	0.156144	0.156144
710	1931	1931	357.655	0.185217	0.185217
711	2222	2222	636.058	0.286255	0.286255
712	750	750	0	0	0
713	769	769	118.892	0.154606	0.154606
714	726	726	0	0	0
715	947	947	264.951	0.279779	0.279779
716	1131	1131	39.7192	0.0351186	0.0351186
717	877	877	308.136	0.351352	0.351352
718	1394	1394	150.314	0.107829	0.107829
719	1241	1241	0	0	0
720	985	985	365.849	0.371421	0.371421
721	720	720	0	0	0
722	1693	1693	118.892	0.0702259	0.0702259
723	1036	1036	192.209	0.18553	0.18553
724	1290	1290	337.864	0.26191	0.26191
725	506	506	104.647	0.206813	0.206813
726	1261	1261	118.892	0.0942842	0.0942842
727	2368	2368	151.068	0.0637958	0.0637958
728	1514	1514	227.838	0.150488	0.150488
729	987	987	0	0	0
730	1153	1153	94.1231	0.0816333	0.0816333
731	1204	1204	56.4739	0.0469052	0.0469052
732	1831	1831	0	0	0
733	1490	1490	162.419	0.109006	0.109006
734	750	750	161.451	0.215268	0.215268
735	1434	1434	151.986	0.105988	0.105988
736	782	782	0	0	0
737	696	696	130.775	0.187895	0.187895
738	1318	1318	50.1039	0.0380151	0.0380151
739	1723	1723	269.87	0.156628	0.156628
740	860	860	61.3634	0.0713527	0.0713527
741	936	936	176.793	0.188881	0.188881
742	724	724	79.7186	0.110109	0.110109
743	3052	3052	118.178	0.0387216	0.0387216
744	515	515	0	0	0
745	1128	1128	145.643	0.129116	0.129116
746	760	760	219.965	0.289427	0.289427
747	1967	1967	118.892	0.0604435	0.0604435
748	608	608	0	0	0
749	1518	1518	0	0	0
750	645	645	0	0	0
751	710	710	117.806	0.165925	0.165925
752	383	383	0	0	0
753	1165	1165	282.554	0.242536	0.242536
754	832	832	140.689	0.169098	0.169098
755	800	800	0	0	0
756	837	837	284.369	0.339748	0.339748
757	1028	1028	332.745	0.323682	0.323682
758	823	823	75.2497	0.0914334	0.0914334
759	836	836	21.799	0.0260754	0.0260754
760	1408	1408	0	0	0
761	650	650	48.6554	0.0748545	0.0748545
762	530	530	0	0	0
763	1902	1902	0	0	0
764	920	920	0	0	0
765	664	664	53.5016	0.0805747	0.0805747
766	1040	1040	0	0	0
767	1503	1503	354.813	0.23607	0.23607
768	1128	1128	65.8268	0.0583571	0.0583571
769	1933	1933	64.3666	0.0332988	0.0332988
770	1091	1091	269.511	0.247031	0.247031
771	1833	1833	375.917	0.205083	0.205083
772	1204	1204	205.601	0.170765	0.170765
773	723	723	294.015	0.40666	0.40666
774	1706	1706	208.062	0.121959	0.121959
775	682	682	169.946	0.249188	0.249188
776	459	459	227.891	0.496495	0.496495
777	905	905	260.098	0.287401	0.287401
778	359	359	0	0	0
779	1620	1620	0	0	0
780	1932	1932	118.892	0.0615385	0.0615385
781	1385	1385	68.7925	0.0496697	0.0496697
782	319	319	0	0	0
783	540	540	0	0	0
784	1438	1438	0	0	0
785	673	673	1.237	0.00183804	0.00183804
786	2330	2330	774.695	0.332487	0.332487
787	2003	2003	460.075	0.229693	0.229693
788	3412	3412	823.583	0.241378	0.241378
789	4357	4357	1188.85	0.27286	0.27286
790	3151	3151	252.826	0.0802368	0.0802368
791	1380	1380	0	0	0
792	1406	1406	76.1031	0.0541274	0.0541274
793	1153	1153	237.785	0.206231	0.206231
794	808	808	211.607	0.26189	0.26189
795	635	635	123.328	0.194217	0.194217
796	568	568	97.4787	0.171617	0.171617
797	762	762	212.003	0.278219	0.278219
798	41362	41362	118.892	0.00287444	0.00287444
799	1277	1277	0	0	0
800	1245	1245	0	0	0
801	407	407	237.79	0.584251	0.584251
802	1142	1142	32.999	0.0288958	0.0288958
803	1252	1252	126.471	0.101015	0.101015
804	1035	1035	156.55	0.151256	0.151256
805	1450	1450	171.322	0.118153	0.118153
806	579	579	445.876	0.77008	0.77008
807	837	837	9.9077	0.0118372	0.0118372
808	371	371	0	0	0
809	728	728	0	0	0
810	613	613	40.319	0.0657732	0.0657732
811	1212	1212	80.705	0.0665883	0.0665883
812	726	726	51.5361	0.0709864	0.0709864
813	594	594	0	0	0
814	660	660	0	0	0
815	759	759	0	0	0
816	2223	2223	0.49483	0.000222596	0.000222596
817	665	665	0	0	0
818	631	631	12.88	0.0204121	0.0204121
819	359	359	0	0	0
820	909	909	173.207	0.190547	0.190547
821	652	652	171.982	0.263776	0.263776
822	2069	2069	377.919	0.182658	0.182658
823	1359	1359	210.474	0.154874	0.154874
824	650	650	214.006	0.32924	0.32924
825	458	458	0	0	0
826	601	601	118.892	0.197824	0.197824
827	1052	1052	35.6846	0.0339207	0.0339207
828	1711	1711	35.6511	0.0208364	0.0208364
829	776	776	54.4624	0.0701835	0.0701835
830	1186	1186	201.57	0.169958	0.169958
831	3310	3310	452.756	0.136784	0.136784
832	1879	1879	275.161	0.14644	0.14644
833	1310	1310	686.555	0.524088	0.524088
834	736	736	0	0	0
835	634	634	0	0	0
836	1087	1087	162.977	0.149933	0.149933
837	2129	2129	194.19	0.0912117	0.0912117
838	725	725	178.788	0.246604	0.246604
839	2546	2546	57.9528	0.0227623	0.0227623
840	3199	3199	118.892	0.0371655	0.0371655
841	1036	1036	118.892	0.114761	0.114761
842	380	380	0	0	0
843	659	659	21.7969	0.0330758	0.0330758
844	1612	1612	218.966	0.135835	0.135835
845	324	324	0	0	0
846	1727	1727	0	0	0
847	1286	1286	297.202	0.231105	0.231105
848	727	727	0	0	0
849	492	492	0	0	0
850	640	640	0	0	0
851	1642	1642	48.5371	0.0295597	0.0295597
852	803	803	289.245	0.360205	0.360205
853	2823	2823	0	0	0
854	2706	2706	118.892	0.0439366	0.0439366
855	1017	1017	552.404	0.543171	0.543171
856	429	429	2.94516	0.00686517	0.00686517
857	1938	1938	80.9665	0.0417784	0.0417784
858	1119	1119	0	0	0
859	884	884	0	0	0
860	1491	1491	221.371	0.148472	0.148472
861	1082	1082	0	0	0
862	1045	1045	71.2822	0.0682126	0.0682126
863	971	971	55.4669	0.0571235	0.0571235
864	2154	2154	20.7844	0.00964921	0.00964921
865	915	915	0	0	0
866	1794	1794	89.4678	0.0498706	0.0498706
867	802	802	69.0855	0.0861416	0.0861416
868	2769	2769	0	0	0
869	5965	5965	118.892	0.0199317	0.0199317
870	11190	11190	475.585	0.0425009	0.0425009
871	669	669	0	0	0
872	7457	7457	2480.59	0.332653	0.332653
873	1218	1218	104.056	0.0854321	0.0854321
874	13684	13684	5809.67	0.424559	0.424559
875	1558	1558	0	0	0
876	7188	7188	0	0	0
877	4357	4357	0	0	0
878	8394	8394	0	0	0
879	804	804	0	0	0
880	1015	1015	0	0	0
881	2507	2507	221.932	0.0885251	0.0885251
882	596	596	0	0	0
883	16274	16274	1017.85	0.0625446	0.0625446
884	20877	20877	0	0	0
885	1057	1057	0	0	0
886	475	475	0	0	0
887	1860	1860	0	0	0
888	2564	2564	0	0	0
889	3118	3118	0	0	0
890	896	896	0	0	0
891	505	505	77.4833	0.153432	0.153432
892	986	986	163.06	0.165375	0.165375
893	1231	1231	0	0	0
894	893	893	0	0	0
895	953	953	0	0	0
896	2458	2458	756.275	0.307679	0.307679
897	621	621	0	0	0
898	1815	1815	385.195	0.212229	0.212229
899	2826	2826	300.635	0.106382	0.106382
900	1070	1070	237.785	0.222229	0.222229
901	6372	6372	655.168	0.10282	0.10282
902	2921	2921	0	0	0
903	11326	11326	998.687	0.0881765	0.0881765
904	460	460	237.797	0.51695	0.51695
905	1778	1778	523.925	0.294671	0.294671
906	1430	1430	0	0	0
907	492	492	0	0	0
908	1120	1120	0	0	0
909	1636	1636	189.205	0.115651	0.115651
910	568	568	138.291	0.24347	0.24347
911	1266	1266	90.1245	0.0711884	0.0711884
912	1659	1659	307.111	0.185118	0.185118
913	2503	2503	0	0	0
914	1051	1051	118.892	0.113123	0.113123
915	3861	3861	832.274	0.215559	0.215559
916	710	710	0	0	0
917	1636	1636	203.108	0.124149	0.124149
918	1574	1574	159.727	0.101478	0.101478
919	1150	1150	103.661	0.0901402	0.0901402
920	1440	1440	94.265	0.0654618	0.0654618
921	1892	1892	356.677	0.188519	0.188519
922	1217	1217	118.892	0.097693	0.097693
923	706	706	118.892	0.168403	0.168403
924	1020	1020	96.9366	0.0950359	0.0950359
925	4705	4705	255.023	0.0542025	0.0542025
926	589	589	0	0	0
927	1708	1708	307.558	0.180069	0.180069
928	2467	2467	136.508	0.0553335	0.0553335
929	1167	1167	0	0	0
930	943	943	125.82	0.133425	0.133425
931	604	604	181.311	0.300184	0.300184
932	1334	1334	374.522	0.280751	0.280751
933	773	773	214.499	0.277489	0.277489
934	2031	2031	0	0	0
935	1556	1556	209.149	0.134414	0.134414
936	1105	1105	118.892	0.107595	0.107595
937	1702	1702	169.728	0.0997225	0.0997225
938	887	887	378.006	0.426163	0.426163
939	1207	1207	73.7619	0.0611117	0.0611117
940	1947	1947	0	0	0
941	878	878	475.609	0.541696	0.541696
942	1083	1083	0	0	0
943	3513	3513	125.837	0.0358203	0.0358203
944	840	840	0	0	0
945	898	898	55.4831	0.0617852	0.0617852
946	950	950	0	0	0
947	1229	1229	0	0	0
948	766	766	88.1441	0.115071	0.115071
949	2062	2062	250.092	0.121286	0.121286
950	834	834	0	0	0
951	488	488	350.441	0.718116	0.718116
952	939	939	118.892	0.126616	0.126616
953	1089	1089	150.292	0.138009	0.138009
954	1685	1685	329.417	0.1955	0.1955
955	468	468	51.52	0.110086	0.110086
956	451	451	0	0	0
957	657	657	54.985	0.083691	0.083691
958	1099	1099	0	0	0
959	1221	1221	0	0	0
960	2318	2318	594.489	0.256467	0.256467
961	2095	2095	224.394	0.10711	0.10711
962	564	564	118.892	0.210802	0.210802
963	756	756	0	0	0
964	589	589	231.33	0.39275	0.39275
965	1514	1514	161.946	0.106965	0.106965
966	1096	1096	656.28	0.598796	0.598796
967	1727	1727	469.03	0.271586	0.271586
968	1549	1549	118.892	0.0767543	0.0767543
969	853	853	78.1089	0.0915696	0.0915696
970	680	680	262.709	0.386337	0.386337
971	619	619	237.785	0.384143	0.384143
972	832	832	0.99077	0.00119083	0.00119083
973	812	812	109.378	0.134702	0.134702
974	1074	1074	0	0	0
975	1032	1032	173.394	0.168017	0.168017
976	949	949	25.76	0.0271444	0.0271444
977	611	611	868.953	1.42218	1.42218
978	1840	1840	29.195	0.0158668	0.0158668
979	1381	1381	160.506	0.116225	0.116225
980	831	831	0	0	0
981	1682	1682	156.542	0.0930688	0.0930688
982	1457	1457	30.9021	0.0212094	0.0212094
983	895	895	118.892	0.132841	0.132841
984	501	501	0	0	0
985	329	329	0	0	0
986	1252	1252	551.827	0.440756	0.440756
987	1541	1541	318.629	0.206767	0.206767
988	1287	1287	217.408	0.168926	0.168926
989	1964	1964	369.186	0.187976	0.187976
990	971	971	159.83	0.164603	0.164603
991	1047	1047	237.785	0.227111	0.227111
992	900	900	533.079	0.59231	0.59231
993	1063	1063	491.676	0.462536	0.462536
994	548	548	57.6519	0.105204	0.105204
995	643	643	0	0	0
996	526	526	12.8288	0.0243893	0.0243893
997	530	530	62.7004	0.118303	0.118303
998	754	754	48.7413	0.0646436	0.0646436
999	879	879	525.728	0.598098	0.598098
1000	646	646	0	0	0
1001	822	822	193.285	0.23514	0.23514
1002	2539	2539	356.677	0.140479	0.140479
1003	505	505	0	0	0
1004	3841	3841	874.839	0.227763	0.227763
1005	545	545	216.83	0.397853	0.397853
1006	15062	15062	3291.61	0.218537	0.218537
1007	6641	6641	1683	0.253426	0.253426
1008	663	663	199.783	0.301331	0.301331
1009	5213	5213	1331.36	0.255393	0.255393
1010	990	990	306.629	0.309727	0.309727
1011	676	676	15.8346	0.0234239	0.0234239
1012	1366	1366	8.659	0.00633895	0.00633895
1013	1888	1888	406.741	0.215435	0.215435
1014	727	727	0	0	0
1015	734	734	0	0	0
1016	1114	1114	113.058	0.101488	0.101488
1017	532	532	0	0	0
1018	1599	1599	231.023	0.14448	0.14448
1019	605	605	241.885	0.39981	0.39981
1020	583	583	0	0	0
1021	919	919	229.349	0.249564	0.249564
1022	646	646	43.0284	0.0666075	0.0666075
1023	684	684	0	0	0
1024	456	456	61.4277	0.13471	0.13471
1025	1542	1542	319.476	0.207183	0.207183
1026	1261	1261	237.785	0.188568	0.188568
1027	1262	1262	150.132	0.118964	0.118964
1028	1496	1496	0	0	0
1029	935	935	422.467	0.451836	0.451836
1030	620	620	6.92795	0.0111741	0.0111741
1031	1117	1117	0	0	0
1032	300	300	0	0	0
1033	1598	1598	51.52	0.0322403	0.0322403
1034	616	616	0	0	0
1035	712	712	0	0	0
1036	832	832	0	0	0
1037	1091	1091	236.324	0.216613	0.216613
1038	1505	1505	459.382	0.305237	0.305237
1039	3289	3289	882.164	0.268217	0.268217
1040	802	802	0	0	0
1041	1230	1230	0	0	0
1042	5385	5385	1654.1	0.307168	0.307168
1043	4530	4530	1275.47	0.28156	0.28156
1044	56634	56634	22245.4	0.392792	0.392792
1045	30431	30431	10797.7	0.354826	0.354826
1046	1317	1317	199.124	0.151195	0.151195
1047	1295	1295	824.837	0.636939	0.636939
1048	885	885	165.272	0.186748	0.186748
1049	1754	1754	519.401	0.296124	0.296124
1050	1224	1224	336.397	0.274834	0.274834
1051	2060	2060	364.595	0.176988	0.176988
1052	1760	1760	450.507	0.25597	0.25597
1053	2547	2547	450.197	0.176756	0.176756
1054	1677	1677	651.448	0.38846	0.38846
1055	943	943	0	0	0
1056	636	636	0	0	0
1057	968	968	0	0	0
1058	1035	1035	423.046	0.40874	0.40874
1059	960	960	12.88	0.0134167	0.0134167
1060	695	695	27.2147	0.0391578	0.0391578
1061	651	651	106.99	0.164347	0.164347
1062	2642	2642	237.785	0.0900018	0.0900018
1063	805	805	0	0	0
1064	578	578	0	0	0
1065	1883	1883	200.136	0.106285	0.106285
1066	1166	1166	291.793	0.250251	0.250251
1067	1611	1611	0	0	0
1068	1021	1021	174.321	0.170735	0.170735
1069	1395	1395	8.08202	0.00579356	0.00579356
1070	945	945	254.008	0.268792	0.268792
1071	731	731	114.429	0.156538	0.156538
1072	1113	1113	63.3471	0.0569157	0.0569157
1073	689	689	118.892	0.172558	0.172558
1074	762	762	0	0	0
1075	874	874	199.282	0.228012	0.228012
1076	1497	1497	186.384	0.124505	0.124505
1077	642	642	713.4	1.11122	1.11122
1078	484	484	54.3907	0.112378	0.112378
1079	631	631	0	0	0
1080	2447	2447	118.892	0.048587	0.048587
1081	488	488	11.227	0.0230061	0.0230061
1082	636	636	118.892	0.186938	0.186938
1083	490	490	0	0	0
1084	1411	1411	0	0	0
1085	2296	2296	594.473	0.258917	0.258917
1086	839	839	237.809	0.283444	0.283444
1087	1493	1493	0	0	0
1088	4452	4452	0	0	0
1089	2218	2218	0	0	0
1090	3895	3895	0	0	0
1091	2040	2040	633.421	0.3105	0.3105
1092	2568	2568	118.892	0.0462977	0.0462977
1093	2351	2351	17.8339	0.00758565	0.00758565
1094	3184	3184	0	0	0
1095	1619	1619	0	0	0
1096	2437	2437	0	0	0
1097	4354	4354	0	0	0
1098	1645	1645	0	0	0
1099	4145	4145	118.892	0.0286833	0.0286833
1100	1662	1662	0	0	0
1101	1320	1320	0	0	0
1102	841	841	0	0	0
1103	878	878	320.025	0.364493	0.364493
1104	1482	1482	0	0	0
1105	355	355	0	0	0
1106	642	642	68.8125	0.107185	0.107185
1107	470	470	0	0	0
1108	1719	1719	0	0	0
1109	505	505	455.082	0.901152	0.901152
1110	831	831	0	0	0
1111	2211	2211	475.583	0.215099	0.215099
1112	701	701	206.319	0.294321	0.294321
1113	816	816	611.73	0.749669	0.749669
1114	1360	1360	37.6493	0.0276833	0.0276833
1115	786	786	159.514	0.202944	0.202944
1116	601	601	88.1811	0.146724	0.146724
1117	994	994	100.989	0.101599	0.101599
1118	718	718	109.975	0.153169	0.153169
1119	535	535	84.2597	0.157495	0.157495
1120	443	443	118.892	0.26838	0.26838
1121	1165	1165	242.875	0.208477	0.208477
1122	1342	1342	0	0	0
1123	1306	1306	170.811	0.130789	0.130789
1124	1000	1000	177.983	0.177983	0.177983
1125	609	609	192.166	0.315544	0.315544
1126	1173	1173	273.146	0.232861	0.232861
1127	835	835	118.892	0.142386	0.142386
1128	1020	1020	157.402	0.154316	0.154316
1129	588	588	172.17	0.292806	0.292806
1130	583	583	10.3909	0.0178232	0.0178232
1131	362	362	0	0	0
1132	1001	1001	158.523	0.158365	0.158365
1133	749	749	237.785	0.31747	0.31747
1134	1058	1058	19.3172	0.0182583	0.0182583
1135	2556	2556	133.537	0.0522444	0.0522444
1136	1017	1017	223.923	0.22018	0.22018
1137	941	941	140.689	0.14951	0.14951
1138	1455	1455	105.05	0.0721992	0.0721992
1139	686	686	121.561	0.177203	0.177203
1140	608	608	78.4068	0.128959	0.128959
1141	2882	2882	379.868	0.131807	0.131807
1142	499	499	0	0	0
1143	1089	1089	736.304	0.676128	0.676128
1144	2306	2306	214.513	0.093024	0.093024
1145	1385	1385	385.845	0.278589	0.278589
1146	862	862	116.911	0.135627	0.135627
1147	1213	1213	159.607	0.13158	0.13158
1148	681	681	0	0	0
1149	730	730	81.6969	0.111914	0.111914
1150	416	416	0	0	0
1151	741	741	33.1536	0.0447417	0.0447417
1152	1016	1016	0	0	0
1153	1974	1974	0	0	0
1154	1975	1975	237.785	0.120397	0.120397
1155	1006	1006	118.567	0.117859	0.117859
1156	656	656	0	0	0
1157	1267	1267	118.892	0.0938377	0.0938377
1158	1095	1095	0	0	0
1159	1606	1606	0	0	0
1160	1599	1599	73.2659	0.0458198	0.0458198
1161	585	585	0	0	0
1162	661	661	0	0	0
1163	934	934	0	0	0
1164	869	869	0	0	0
1165	1069	1069	59.689	0.0558363	0.0558363
1166	2557	2557	0	0	0
1167	1699	1699	118.892	0.0699779	0.0699779
1168	1017	1017	237.796	0.233821	0.233821
1169	434	434	51.4643	0.118581	0.118581
1170	667	667	78.7336	0.118041	0.118041
1171	1913	1913	150.095	0.0784608	0.0784608
1172	638	638	77.7294	0.121833	0.121833
1173	865	865	72.3262	0.0836141	0.0836141
1174	797	797	132.22	0.165896	0.165896
1175	664	664	0	0	0
1176	1069	1069	342.231	0.320141	0.320141
1177	2258	2258	286.605	0.126929	0.126929
1178	751	751	238.288	0.317294	0.317294
1179	1473	1473	112.567	0.0764199	0.0764199
1180	677	677	68.784	0.101601	0.101601
1181	885	885	0	0	0
1182	1123	1123	237.805	0.211759	0.211759
1183	981	981	85.7031	0.087363	0.087363
1184	821	821	425.068	0.517744	0.517744
1185	1317	1317	206.427	0.15674	0.15674
1186	701	701	14.1663	0.0202087	0.0202087
1187	1270	1270	22.7877	0.0179431	0.0179431
1188	691	691	0	0	0
1189	1054	1054	179.338	0.17015	0.17015
1190	1280	1280	118.892	0.0928847	0.0928847
1191	383	383	64.4	0.168146	0.168146
1192	745	745	121.87	0.163585	0.163585
1193	662	662	33.1614	0.0500927	0.0500927
1194	722	722	205.49	0.284613	0.284613
1195	1105	1105	109.975	0.0995253	0.0995253
1196	1426	1426	118.892	0.0833748	0.0833748
1197	970	970	165.459	0.170576	0.170576
1198	540	540	0	0	0
1199	512	512	93.0793	0.181795	0.181795
1200	1683	1683	142.025	0.0843882	0.0843882
1201	796	796	12.1228	0.0152296	0.0152296
1202	648	648	294.742	0.454849	0.454849
1203	1113	1113	141.141	0.126811	0.126811
1204	1292	1292	433.984	0.335901	0.335901
1205	1179	1179	346.24	0.293672	0.293672
1206	3378	3378	86.197	0.0255172	0.0255172
1207	983	983	25.7609	0.0262064	0.0262064
1208	1035	1035	0	0	0
1209	1433	1433	237.804	0.165948	0.165948
1210	662	662	14.7891	0.0223401	0.0223401
1211	2424	2424	0	0	0
1212	675	675	0	0	0
1213	552	552	363.386	0.658309	0.658309
1214	879	879	0	0	0
1215	850	850	248.018	0.291786	0.291786
1216	851	851	304.538	0.357859	0.357859
1217	893	893	267.307	0.299336	0.299336
1218	649	649	734.994	1.1325	1.1325
1219	1218	1218	0	0	0
1220	944	944	7.42245	0.00786277	0.00786277
1221	2003	2003	190.631	0.0951726	0.0951726
1222	1335	1335	128.558	0.0962984	0.0962984
1223	971	971	163.564	0.168449	0.168449
1224	1262	1262	0	0	0
1225	915	915	0	0	0
1226	677	677	0	0	0
1227	886	886	423.318	0.477785	0.477785
1228	2086	2086	475.598	0.227995	0.227995
1229	850	850	4.95385	0.00582806	0.00582806
1230	2157	2157	118.892	0.0551193	0.0551193
1231	2338	2338	144.083	0.0616267	0.0616267
1232	1672	1672	74.5726	0.0446009	0.0446009
1233	2463	2463	0	0	0
1234	946	946	0	0	0
1235	1462	1462	151.685	0.103752	0.103752
1236	627	627	61.4277	0.0979709	0.0979709
1237	1168	1168	144.652	0.123846	0.123846
1238	640	640	217.984	0.3406	0.3406
1239	408	408	61.4078	0.150509	0.150509
1240	681	681	0	0	0
1241	4498	4498	227.503	0.0505787	0.0505787
1242	1049	1049	169.422	0.161508	0.161508
1243	1033	1033	44.0399	0.042633	0.042633
1244	1575	1575	117.232	0.0744328	0.0744328
1245	786	786	101.055	0.128569	0.128569
1246	679	679	0	0	0
1247	1964	1964	85.2335	0.0433979	0.0433979
1248	772	772	0	0	0
1249	432	432	78.2708	0.181182	0.181182
1250	1457	1457	21.2777	0.0146038	0.0146038
1251	3467	3467	118.892	0.0342926	0.0342926
1252	892	892	237.785	0.266575	0.266575
1253	1126	1126	388.404	0.344941	0.344941
1254	1262	1262	256.377	0.203152	0.203152
1255	641	641	46.7542	0.0729395	0.0729395
1256	57302	57302	5764.17	0.100593	0.100593
1257	2872	2872	789.13	0.274767	0.274767
1258	4786	4786	1215.54	0.253977	0.253977
1259	507	507	0	0	0
1260	4550	4550	1108.2	0.24356	0.24356
1261	7117	7117	1008.08	0.141643	0.141643
1262	13949	13949	3143.31	0.225343	0.225343
1263	774	774	0	0	0
1264	1041	1041	541.805	0.520466	0.520466
1265	1830	1830	20.8062	0.0113695	0.0113695
1266	1058	1058	118.892	0.112375	0.112375
1267	1923	1923	475.599	0.247322	0.247322
1268	839	839	0	0	0
1269	1469	1469	30.705	0.020902	0.020902
1270	3122	3122	237.785	0.0761643	0.0761643
1271	2441	2441	98.0862	0.0401828	0.0401828
1272	480	480	118.892	0.247692	0.247692
1273	4055	4055	1259.55	0.310616	0.310616
1274	982	982	61.3767	0.0625017	0.0625017
1275	829	829	0	0	0
1276	2466	2466	809.15	0.328123	0.328123
1277	614	614	553.874	0.902075	0.902075
1278	3562	3562	185.215	0.0519975	0.0519975
1279	878	878	241.963	0.275585	0.275585
1280	938	938	69.3228	0.0739049	0.0739049
1281	980	980	0	0	0
1282	505	505	21.7738	0.0431165	0.0431165
1283	1583	1583	107.998	0.0682238	0.0682238
1284	922	922	27.7416	0.0300885	0.0300885
1285	469	469	163.215	0.348007	0.348007
1286	709	709	0	0	0
1287	1170	1170	191.957	0.164066	0.164066
1288	770	770	192.03	0.249389	0.249389
1289	983	983	201.972	0.205465	0.205465
1290	469	469	0	0	0
1291	1252	1252	0	0	0
1292	1429	1429	72.3229	0.0506108	0.0506108
1293	686	686	112.434	0.163898	0.163898
1294	444	444	33.6862	0.0758698	0.0758698
1295	600	600	0	0	0
1296	481	481	0	0	0
1297	457	457	42.5909	0.0931967	0.0931967
1298	702	702	96.1047	0.136901	0.136901
1299	586	586	0	0	0
1300	711	711	122.243	0.171931	0.171931
1301	835	835	0	0	0
1302	1760	1760	118.892	0.0675525	0.0675525
1303	1942	1942	356.677	0.183665	0.183665
1304	1535	1535	79.2172	0.0516073	0.0516073
1305	710	710	28.7001	0.0404227	0.0404227
1306	912	912	356.093	0.390453	0.390453
1307	930	930	374.354	0.402532	0.402532
1308	972	972	54.2659	0.0558291	0.0558291
1309	604	604	308.149	0.510181	0.510181
1310	332	332	4.1235	0.0124202	0.0124202
1311	1381	1381	29.4423	0.0213195	0.0213195
1312	866	866	356.677	0.411867	0.411867
1313	561	561	118.892	0.211929	0.211929
1314	1071	1071	572.188	0.534256	0.534256
1315	868	868	5.94462	0.00684864	0.00684864
1316	1916	1916	0	0	0
1317	1059	1059	0	0	0
1318	1423	1423	412.621	0.289966	0.289966
1319	367	367	0	0	0
1320	2573	2573	385.283	0.149741	0.149741
1321	2804	2804	0	0	0
1322	979	979	10.8985	0.0111322	0.0111322
1323	1558	1558	245.153	0.157351	0.157351
1324	1426	1426	169.139	0.11861	0.11861
1325	1201	1201	0	0	0
1326	957	957	67.4275	0.0704571	0.0704571
1327	872	872	0	0	0
1328	1710	1710	0	0	0
1329	823	823	0	0	0
1330	519	519	195.564	0.376809	0.376809
1331	1692	1692	118.892	0.0702674	0.0702674
1332	569	569	118.892	0.20895	0.20895
1333	977	977	334.339	0.34221	0.34221
1334	770	770	25.76	0.0334546	0.0334546
1335	712	712	123.846	0.173941	0.173941
1336	1006	1006	377.179	0.374929	0.374929
1337	667	667	0	0	0
1338	2593	2593	118.892	0.0458513	0.0458513
1339	793	793	0	0	0
1340	1362	1362	129.791	0.0952943	0.0952943
1341	1637	1637	177.289	0.108301	0.108301
1342	983	983	257.85	0.262309	0.262309
1343	1357	1357	539.32	0.397435	0.397435
1344	2678	2678	470.641	0.175743	0.175743
1345	1325	1325	106.494	0.0803728	0.0803728
1346	1425	1425	200.093	0.140416	0.140416
1347	1914	1914	214.006	0.111811	0.111811
1348	813	813	228.87	0.281513	0.281513
1349	1478	1478	0	0	0
1350	579	579	0	0	0
1351	586	586	172.522	0.294406	0.294406
1352	514	514	218.443	0.424987	0.424987
1353	426	426	0	0	0
1354	1253	1253	353.5	0.282123	0.282123
1355	1637	1637	77.0504	0.0470681	0.0470681
1356	27839	27839	0	0	0
1357	410	410	86.1467	0.210114	0.210114
1358	2154	2154	65.8501	0.0305711	0.0305711
1359	750	750	100.978	0.134637	0.134637
1360	622	622	0	0	0
1361	1467	1467	97.0955	0.0661864	0.0661864
1362	1094	1094	148.561	0.135796	0.135796
1363	1617	1617	252.277	0.156015	0.156015
1364	770	770	118.838	0.154335	0.154335
1365	565	565	332.267	0.588083	0.588083
1366	1087	1087	0	0	0
1367	3365	3365	0	0	0
1368	1111	1111	118.892	0.107014	0.107014
1369	853	853	0	0	0
1370	1329	1329	0	0	0
1371	696	696	0	0	0
1372	867	867	0	0	0
1373	2151	2151	0	0	0
1374	1543	1543	277.866	0.180082	0.180082
1375	1199	1199	211.004	0.175983	0.175983
1376	665	665	0	0	0
1377	797	797	150.871	0.189298	0.189298
1378	1095	1095	118.892	0.108578	0.108578
1379	1112	1112	0	0	0
1380	1540	1540	286.333	0.18593	0.18593
1381	1467	1467	61.3634	0.0418291	0.0418291
1382	890	890	60.437	0.0679067	0.0679067
1383	585	585	0	0	0
1384	674	674	0	0	0
1385	1066	1066	0	0	0
1386	665	665	187.256	0.281587	0.281587
1387	614	614	5.93796	0.00967094	0.00967094
1388	497	497	117.806	0.237035	0.237035
1389	1251	1251	69.2952	0.0553919	0.0553919
1390	401	401	46.8605	0.116859	0.116859
1391	793	793	5.94462	0.00749637	0.00749637
1392	281	281	0	0	0
1393	4809	4809	237.785	0.0494458	0.0494458
1394	2028	2028	445.839	0.219841	0.219841
1395	1771	1771	0	0	0
1396	1752	1752	0	0	0
1397	2050	2050	0	0	0
1398	633	633	24.2711	0.038343	0.038343
1399	2203	2203	237.595	0.107851	0.107851
1400	1167	1167	29.3765	0.0251727	0.0251727
1401	2160	2160	314.083	0.145409	0.145409
1402	1292	1292	0	0	0
1403	1574	1574	28.7001	0.0182339	0.0182339
1404	919	919	60.437	0.0657638	0.0657638
1405	3144	3144	581.116	0.184833	0.184833
1406	936	936	0	0	0
1407	1486	1486	208.524	0.140326	0.140326
1408	752	752	189.863	0.252478	0.252478
1409	645	645	102.127	0.158337	0.158337
1410	1113	1113	0	0	0
1411	1325	1325	0	0	0
1412	1234	1234	47.5265	0.0385142	0.0385142
1413	2007	2007	139.699	0.0696057	0.0696057
1414	881	881	0	0	0
1415	1425	1425	112.465	0.0789229	0.0789229
1416	362	362	78.5436	0.216971	0.216971
1417	771	771	118.892	0.154205	0.154205
1418	649	649	237.798	0.366406	0.366406
1419	927	927	0	0	0
1420	1012	1012	170.416	0.168395	0.168395
1421	803	803	90.1753	0.112298	0.112298
1422	2578	2578	306.089	0.118731	0.118731
1423	3847	3847	498.207	0.129505	0.129505
1424	1124	1124	447.728	0.398335	0.398335
1425	1237	1237	0	0	0
1426	3657	3657	895.076	0.244757	0.244757
1427	1627	1627	174.826	0.107453	0.107453
1428	817	817	75.6342	0.0925755	0.0925755
1429	1553	1553	99.0195	0.0637601	0.0637601
1430	1475	1475	0	0	0
1431	1091	1091	0	0	0
1432	521	521	0	0	0
1433	1123	1123	0	0	0
1434	790	790	0	0	0
1435	450	450	0	0	0
1436	371	371	0	0	0
1437	994	994	48.5477	0.0488408	0.0488408
1438	1351	1351	0	0	0
1439	2247	2247	713.383	0.317482	0.317482
1440	1107	1107	332.872	0.300698	0.300698
1441	641	641	124.336	0.193971	0.193971
1442	2088	2088	215.967	0.103432	0.103432
1443	768	768	178.077	0.231871	0.231871
1444	561	561	0	0	0
1445	645	645	0	0	0
1446	1231	1231	25.76	0.0209261	0.0209261
1447	1630	1630	118.892	0.0729401	0.0729401
1448	1384	1384	118.892	0.0859049	0.0859049
1449	5662	5662	594.462	0.104992	0.104992
1450	966	966	9.40177	0.00973268	0.00973268
1451	1409	1409	118.892	0.0843807	0.0843807
1452	710	710	104.604	0.147329	0.147329
1453	665	665	118.892	0.178786	0.178786
1454	1136	1136	59.6456	0.0525049	0.0525049
1455	1057	1057	0	0	0
1456	385	385	0	0	0
1457	1865	1865	105.502	0.0565693	0.0565693
1458	874	874	62.3984	0.071394	0.071394
1459	2917	2917	9.9077	0.00339654	0.00339654
1460	1606	1606	6.87204	0.00427898	0.00427898
1461	488	488	116.921	0.239593	0.239593
1462	1063	1063	460.708	0.433404	0.433404
1463	1235	1235	136.706	0.110693	0.110693
1464	1061	1061	215.856	0.203446	0.203446
1465	1073	1073	237.803	0.221625	0.221625
1466	1665	1665	133.489	0.0801736	0.0801736
1467	1628	1628	92.6076	0.0568843	0.0568843
1468	1598	1598	0	0	0
1469	312	312	22.0398	0.0706403	0.0706403
1470	2442	2442	1.98154	0.000811441	0.000811441
1471	548	548	13.3604	0.0243803	0.0243803
1472	509	509	0	0	0
1473	1946	1946	118.892	0.0610958	0.0610958
1474	1645	1645	0	0	0
1475	1803	1803	337.75	0.187327	0.187327
1476	1020	1020	77.0448	0.0755341	0.0755341
1477	929	929	50.5293	0.054391	0.054391
1478	926	926	0	0	0
1479	1980	1980	123.676	0.0624628	0.0624628
1480	1098	1098	30.7139	0.0279726	0.0279726
1481	983	983	85.6644	0.0871459	0.0871459
1482	878	878	0	0	0
1483	786	786	45.0493	0.0573146	0.0573146
1484	396	396	0	0	0
1485	699	699	0	0	0
1486	608	608	0	0	0
1487	1152	1152	276.866	0.240335	0.240335
1488	1318	1318	229.306	0.17398	0.17398
1489	1021	1021	251.735	0.246557	0.246557
1490	1175	1175	0	0	0
1491	1150	1150	193.207	0.168006	0.168006
1492	1179	1179	118.892	0.100842	0.100842
1493	1059	1059	0	0	0
1494	1595	1595	189.234	0.118642	0.118642
1495	1003	1003	0	0	0
1496	523	523	172.902	0.330596	0.330596
1497	1433	1433	111.949	0.0781223	0.0781223
1498	601	601	0	0	0
1499	771	771	184.283	0.239018	0.239018
1500	2798	2798	0.99077	0.000354099	0.000354099
1501	418	418	0	0	0
1502	1180	1180	0	0	0
1503	1174	1174	60.219	0.0512939	0.0512939
1504	858	858	155.41	0.181131	0.181131
1505	610	610	288.231	0.472511	0.472511
1506	1136	1136	167.063	0.147062	0.147062
1507	583	583	350.674	0.601498	0.601498
1508	838	838	118.892	0.141876	0.141876
1509	1465	1465	161.7	0.110375	0.110375
1510	1001	1001	0	0	0
1511	1173	1173	130.216	0.111011	0.111011
1512	1315	1315	237.785	0.180825	0.180825
1513	1008	1008	229.443	0.227622	0.227622
1514	1382	1382	25.9692	0.018791	0.018791
1515	1143	1143	5.44313	0.00476214	0.00476214
1516	1607	1607	118.892	0.0739841	0.0739841
1517	4524	4524	1357.44	0.300054	0.300054
1518	881	881	237.789	0.269908	0.269908
1519	1204	1204	80.2091	0.0666188	0.0666188
1520	747	747	128.8	0.172423	0.172423
1521	618	618	18.8246	0.0304606	0.0304606
1522	523	523	0	0	0
1523	1158	1158	122.855	0.106093	0.106093
1524	1137	1137	67.3146	0.0592037	0.0592037
1525	957	957	23.7641	0.0248318	0.0248318
1526	769	769	237.796	0.309227	0.309227
1527	737	737	118.892	0.161319	0.161319
1528	1152	1152	0	0	0
1529	758	758	0	0	0
1530	700	700	0	0	0
1531	616	616	224.915	0.365122	0.365122
1532	1266	1266	0	0	0
1533	1392	1392	29.7231	0.0213528	0.0213528
1534	1023	1023	0	0	0
1535	800	800	2.97231	0.00371539	0.00371539
1536	557	557	0	0	0
1537	599	599	0	0	0
1538	1524	1524	270.343	0.17739	0.17739
1539	966	966	467.489	0.483943	0.483943
1540	417	417	0	0	0
1541	1470	1470	348.115	0.236813	0.236813
1542	1260	1260	118.892	0.094359	0.094359
1543	1023	1023	84.6725	0.0827689	0.0827689
1544	1623	1623	251.68	0.155071	0.155071
1545	846	846	653.839	0.77286	0.77286
1546	1109	1109	39.6308	0.0357356	0.0357356
1547	1159	1159	108.98	0.0940294	0.0940294
1548	736	736	118.892	0.161539	0.161539
1549	634	634	57.4258	0.090577	0.090577
1550	823	823	344.181	0.418203	0.418203
1551	829	829	128.771	0.155333	0.155333
1552	826	826	251.663	0.304677	0.304677
1553	1105	1105	249.209	0.225529	0.225529
1554	746	746	0	0	0
1555	1041	1041	10.6382	0.0102192	0.0102192
1556	1212	1212	93.5995	0.0772273	0.0772273
1557	809	809	118.892	0.146962	0.146962
1558	872	872	29.7231	0.0340861	0.0340861
1559	1383	1383	48.3282	0.0349445	0.0349445
1560	1151	1151	104.982	0.0912094	0.0912094
1561	764	764	121.865	0.159509	0.159509
1562	921	921	305.114	0.331285	0.331285
1563	1038	1038	293.529	0.282783	0.282783
1564	439	439	30.1302	0.0686337	0.0686337
1565	1660	1660	0	0	0
1566	783	783	118.892	0.151842	0.151842
1567	1308	1308	0	0	0
1568	996	996	5.49776	0.00551984	0.00551984
1569	877	877	0	0	0
1570	896	896	648.189	0.723426	0.723426
1571	698	698	233.263	0.334187	0.334187
1572	1166	1166	268.406	0.230194	0.230194
1573	1253	1253	205.972	0.164383	0.164383
1574	2745	2745	118.892	0.0433123	0.0433123
1575	834	834	113.023	0.135519	0.135519
1576	1808	1808	137.717	0.0761709	0.0761709
1577	1375	1375	163.477	0.118892	0.118892
1578	915	915	0	0	0
1579	853	853	165.102	0.193555	0.193555
1580	1392	1392	232.681	0.167156	0.167156
1581	1693	1693	109.861	0.0648913	0.0648913
1582	1698	1698	0	0	0
1583	1735	1735	139.699	0.0805179	0.0805179
1584	1216	1216	52.229	0.0429515	0.0429515
1585	1975	1975	136.736	0.0692336	0.0692336
1586	598	598	189.824	0.317432	0.317432
1587	446	446	0	0	0
1588	479	479	0	0	0
1589	804	804	102.118	0.127012	0.127012
1590	1291	1291	237.788	0.184189	0.184189
1591	704	704	23.7785	0.0337762	0.0337762
1592	1634	1634	70.3447	0.0430506	0.0430506
1593	4099	4099	783.672	0.191186	0.191186
1594	1295	1295	5.9976	0.00463135	0.00463135
1595	1563	1563	0	0	0
1596	2475	2475	156.877	0.0633845	0.0633845
1597	2754	2754	11.3811	0.00413257	0.00413257
1598	802	802	0	0	0
1599	711	711	0	0	0
1600	1051	1051	0	0	0
1601	815	815	2.97254	0.00364729	0.00364729
1602	1016	1016	0	0	0
1603	345	345	0	0	0
1604	911	911	237.785	0.261015	0.261015
1605	1012	1012	0	0	0
1606	828	828	54.9406	0.0663533	0.0663533
1607	1387	1387	0	0	0
1608	811	811	37.6326	0.0464027	0.0464027
1609	1068	1068	19.5461	0.0183016	0.0183016
1610	1109	1109	247.344	0.223033	0.223033
1611	1068	1068	769.968	0.720944	0.720944
1612	822	822	0	0	0
1613	718	718	214.417	0.298631	0.298631
1614	2725	2725	372.545	0.136714	0.136714
1615	1816	1816	0	0	0
1616	597	597	0	0	0
1617	1429	1429	0	0	0
1618	2479	2479	263.545	0.106311	0.106311
1619	11055	11055	3117.15	0.281967	0.281967
1620	595	595	0	0	0
1621	803	803	118.892	0.14806	0.14806
1622	2415	2415	483.092	0.200038	0.200038
1623	3294	3294	569.665	0.17294	0.17294
1624	1575	1575	457.599	0.290539	0.290539
1625	725	725	0	0	0
1626	575	575	0	0	0
1627	2943	2943	465.328	0.158113	0.158113
1628	5342	5342	901.152	0.168692	0.168692
1629	5860	5860	1846.17	0.315046	0.315046
1630	425	425	82.2413	0.193509	0.193509
1631	4135	4135	672.937	0.162742	0.162742
1632	465	465	0	0	0
1633	831	831	0	0	0
1634	3432	3432	463.706	0.135113	0.135113
1635	1222	1222	442.358	0.361995	0.361995
1636	1141	1141	77.3291	0.0677731	0.0677731
1637	1916	1916	0	0	0
1638	929	929	0	0	0
1639	481	481	166.919	0.347024	0.347024
1640	954	954	118.892	0.124625	0.124625
1641	1620	1620	237.169	0.146401	0.146401
1642	782	782	0	0	0
1643	644	644	3.96308	0.00615385	0.00615385
1644	1084	1084	140.67	0.129769	0.129769
1645	1077	1077	0	0	0
1646	548	548	0	0	0
1647	849	849	0	0	0
1648	2341	2341	245.648	0.104933	0.104933
1649	834	834	0	0	0
1650	565	565	0	0	0
1651	644	644	0	0	0
1652	2469	2469	118.892	0.0481541	0.0481541
1653	1035	1035	295.249	0.285265	0.285265
1654	501	501	39.0993	0.0780426	0.0780426
1655	468	468	0	0	0
1656	1096	1096	447.863	0.408634	0.408634
1657	960	960	328.951	0.342657	0.342657
1658	308	308	0	0	0
1659	681	681	0	0	0
1660	1031	1031	0	0	0
1661	640	640	185.238	0.289434	0.289434
1662	374	374	322.263	0.861665	0.861665
1663	1367	1367	475.58	0.347901	0.347901
1664	990	990	0	0	0
1665	690	690	0	0	0
1666	1071	1071	30.8906	0.0288427	0.0288427
1667	789	789	235.865	0.298942	0.298942
1668	1120	1120	103.04	0.0920001	0.0920001
1669	995	995	79.7131	0.0801137	0.0801137
1670	926	926	118.892	0.128394	0.128394
1671	1387	1387	353.708	0.255017	0.255017
1672	2509	2509	237.785	0.0947727	0.0947727
1673	1290	1290	0	0	0
1674	587	587	175.119	0.29833	0.29833
1675	494	494	156.154	0.316101	0.316101
1676	751	751	0	0	0
1677	678	678	237.806	0.350746	0.350746
1678	456	456	44.9	0.0984649	0.0984649
1679	922	922	352.435	0.38225	0.38225
1680	1535	1535	103.447	0.0673922	0.0673922
1681	2153	2153	0	0	0
1682	1022	1022	118.892	0.116333	0.116333
1683	572	572	56.433	0.098659	0.098659
1684	1150	1150	108.985	0.0947693	0.0947693
1685	1026	1026	101.841	0.0992606	0.0992606
1686	773	773	58.8881	0.0761812	0.0761812
1687	837	837	0	0	0
1688	906	906	52.9499	0.0584436	0.0584436
1689	587	587	78.3145	0.133415	0.133415
1690	639	639	118.892	0.18606	0.18606
1691	428	428	0	0	0
1692	4631	4631	280.302	0.0605274	0.0605274
1693	1311	1311	152.404	0.11625	0.11625
1694	1068	1068	116.395	0.108984	0.108984
1695	969	969	176.241	0.181879	0.181879
1696	1155	1155	0	0	0
1697	1090	1090	118.892	0.109076	0.109076
1698	1447	1447	0	0	0
1699	1578	1578	216.543	0.137226	0.137226
1700	1838	1838	36.6585	0.0199448	0.0199448
1701	991	991	307.044	0.309833	0.309833
1702	764	764	80.9041	0.105895	0.105895
1703	918	918	180.396	0.196509	0.196509
1704	1315	1315	235.625	0.179183	0.179183
1705	505	505	0	0	0
1706	2140	2140	40.6216	0.018982	0.018982
1707	578	578	377.525	0.653157	0.653157
1708	366	366	149.919	0.409616	0.409616
1709	622	622	67.3232	0.108237	0.108237
1710	599	599	0	0	0
1711	1097	1097	118.892	0.10838	0.10838
1712	602	602	22.1063	0.0367214	0.0367214
1713	1652	1652	0	0	0
1714	3963	3963	279.609	0.070555	0.070555
1715	1671	1671	0	0	0
1716	1580	1580	0	0	0
1717	2018	2018	132.769	0.0657925	0.0657925
1718	742	742	0	0	0
1719	1496	1496	728.27	0.486811	0.486811
1720	1023	1023	17.3191	0.0169297	0.0169297
1721	1116	1116	356.706	0.319629	0.319629
1722	766	766	118.892	0.155212	0.155212
1723	1156	1156	0	0	0
1724	1771	1771	368.588	0.208124	0.208124
1725	1152	1152	0	0	0
1726	1229	1229	246.186	0.200314	0.200314
1727	1178	1178	311.119	0.264108	0.264108
1728	1132	1132	63.1356	0.0557735	0.0557735
1729	1073	1073	0	0	0
1730	1373	1373	118.892	0.0865932	0.0865932
1731	862	862	250.051	0.290082	0.290082
1732	605	605	270.522	0.447144	0.447144
1733	591	591	66.3816	0.112321	0.112321
1734	524	524	118.892	0.226894	0.226894
1735	1309	1309	181.323	0.13852	0.13852
1736	525	525	98.2853	0.18721	0.18721
1737	987	987	0	0	0
1738	1938	1938	0	0	0
1739	2410	2410	73.4524	0.0304782	0.0304782
1740	398	398	28.2153	0.0708927	0.0708927
1741	982	982	75.2754	0.0766552	0.0766552
1742	4772	4772	3021.03	0.633075	0.633075
1743	2471	2471	0	0	0
1744	8227	8227	26.7508	0.00325158	0.00325158
1745	7889	7889	197.614	0.0250493	0.0250493
1746	6854	6854	118.892	0.0173464	0.0173464
1747	9747	9747	897.5	0.0920796	0.0920796
1748	1179	1179	381.383	0.32348	0.32348
1749	1787	1787	119.883	0.0670863	0.0670863
1750	2497	2497	38.64	0.0154746	0.0154746
1751	690	690	104.031	0.150769	0.150769
1752	1737	1737	92.1416	0.0530464	0.0530464
1753	971	971	176.752	0.182031	0.182031
1754	774	774	69.0422	0.0892018	0.0892018
1755	634	634	86.8027	0.136913	0.136913
1756	2250	2250	110.665	0.0491845	0.0491845
1757	1128	1128	369.486	0.327558	0.327558
1758	396	396	73.317	0.185144	0.185144
1759	557	557	342.831	0.615496	0.615496
1760	935	935	98.0629	0.10488	0.10488
1761	892	892	124.837	0.139952	0.139952
1762	1190	1190	148.516	0.124803	0.124803
1763	1452	1452	1862.15	1.28247	1.28247
1764	951	951	35.6677	0.0375055	0.0375055
1765	632	632	0	0	0
1766	620	620	0	0	0
1767	1631	1631	237.785	0.145791	0.145791
1768	1154	1154	136.726	0.11848	0.11848
1769	716	716	0	0	0
1770	1648	1648	0	0	0
1771	4522	4522	149.646	0.0330929	0.0330929
1772	8724	8724	0	0	0
1773	11234	11234	0	0	0
1774	986	986	0	0	0
1775	9737	9737	0	0	0
1776	1607	1607	268.941	0.167356	0.167356
1777	717	717	114.412	0.15957	0.15957
1778	930	930	13.1129	0.0140999	0.0140999
1779	1110	1110	72.2082	0.0650525	0.0650525
1780	866	866	123.846	0.14301	0.14301
1781	400	400	0	0	0
1782	836	836	297.712	0.356115	0.356115
1783	689	689	141.68	0.205632	0.205632
1784	888	888	63.8431	0.0718953	0.0718953
1785	694	694	112.445	0.162025	0.162025
1786	1378	1378	50.5293	0.0366686	0.0366686
1787	989	989	184.283	0.186333	0.186333
1788	722	722	118.892	0.164671	0.164671
1789	930	930	154.57	0.166205	0.166205
1790	553	553	223.726	0.404568	0.404568
1791	794	794	200.087	0.251998	0.251998
1792	1568	1568	116.228	0.0741248	0.0741248
1793	1923	1923	117.647	0.0611788	0.0611788
1794	729	729	61.4277	0.084263	0.084263
1795	687	687	32.6954	0.0475916	0.0475916
1796	1013	1013	118.892	0.117367	0.117367
1797	662	662	0	0	0
1798	1184	1184	104.031	0.0878639	0.0878639
1799	2357	2357	0	0	0
1800	1222	1222	218.536	0.178835	0.178835
1801	755	755	136.847	0.181254	0.181254
1802	940	940	1958.89	2.08393	2.08393
1803	1184	1184	118.892	0.100416	0.100416
1804	976	976	594.5	0.609119	0.609119
1805	1432	1432	90.1601	0.0629609	0.0629609
1806	2814	2814	84.449	0.0300103	0.0300103
1807	1237	1237	20.7579	0.0167808	0.0167808
1808	1570	1570	136.726	0.0870868	0.0870868
1809	1517	1517	180.752	0.119151	0.119151
1810	1158	1158	0.87727	0.000757573	0.000757573
1811	484	484	0	0	0
1812	833	833	0	0	0
1813	1617	1617	118.892	0.0735265	0.0735265
1814	1132	1132	108.413	0.0957712	0.0957712
1815	1080	1080	183.72	0.170111	0.170111
1816	675	675	0	0	0
1817	453	453	113.828	0.251276	0.251276
1818	1210	1210	0	0	0
1819	635	635	0	0	0
1820	508	508	63.9939	0.125972	0.125972
1821	759	759	191.145	0.251838	0.251838
1822	1207	1207	0	0	0
1823	1460	1460	118.892	0.0814331	0.0814331
1824	989	989	201.473	0.203713	0.203713
1825	675	675	0	0	0
1826	1229	1229	94.1279	0.076589	0.076589
1827	638	638	118.892	0.186352	0.186352
1828	673	673	52.512	0.0780267	0.0780267
1829	950	950	0	0	0
1830	903	903	0	0	0
1831	503	503	0	0	0
1832	1688	1688	118.892	0.0704339	0.0704339
1833	303	303	0	0	0
1834	779	779	0	0	0
1835	728	728	0	0	0
1836	1391	1391	0	0	0
1837	986	986	118.892	0.120581	0.120581
1838	1018	1018	118.892	0.11679	0.11679
1839	3699	3699	1566.94	0.423612	0.423612
1840	403	403	0	0	0
1841	1262	1262	99.077	0.0785079	0.0785079
1842	1440	1440	0	0	0
1843	865	865	0	0	0
1844	1609	1609	0	0	0
1845	1948	1948	0	0	0
1846	686	686	0	0	0
1847	498	498	0	0	0
1848	1841	1841	0	0	0
1849	329	329	0	0	0
1850	925	925	0	0	0
1851	745	745	118.892	0.159587	0.159587
1852	768	768	0	0	0
1853	1272	1272	0	0	0
1854	624	624	0	0	0
1855	520	520	35.6311	0.0685213	0.0685213
1856	503	503	117.305	0.233211	0.233211
1857	1076	1076	18.1442	0.0168626	0.0168626
1858	974	974	69.3539	0.0712052	0.0712052
1859	685	685	141.68	0.206832	0.206832
1860	879	879	0	0	0
1861	1177	1177	0	0	0
1862	829	829	0	0	0
1863	763	763	118.892	0.155822	0.155822
1864	764	764	92.4029	0.120946	0.120946
1865	455	455	0	0	0
1866	911	911	12.3713	0.0135799	0.0135799
1867	1142	1142	0	0	0
1868	856	856	34.6403	0.0404676	0.0404676
1869	1119	1119	0	0	0
1870	814	814	0	0	0
1871	798	798	258.617	0.324082	0.324082
1872	1023	1023	118.892	0.116219	0.116219
1873	577	577	118.892	0.206053	0.206053
1874	834	834	0	0	0
1875	1431	1431	258.591	0.180706	0.180706
1876	1947	1947	83.7151	0.042997	0.042997
1877	599	599	118.892	0.198485	0.198485
1878	895	895	202.173	0.225892	0.225892
1879	633	633	118.892	0.187824	0.187824
1880	835	835	152.51	0.182647	0.182647
1881	2211	2211	70.8339	0.0320371	0.0320371
1882	1191	1191	17.8339	0.0149739	0.0149739
1883	966	966	104.031	0.107692	0.107692
1884	381	381	71.4767	0.187603	0.187603
1885	880	880	0	0	0
1886	895	895	480.568	0.536948	0.536948
1887	1903	0	0	0	0
1888	2092	2092	124.836	0.059673	0.059673
1889	693	693	351.745	0.507569	0.507569
1890	594	594	86.197	0.145113	0.145113
1891	1199	1199	0	0	0
1892	474	474	0	0	0
1893	1444	1444	229.859	0.159182	0.159182
1894	896	896	118.892	0.132692	0.132692
1895	545	545	0	0	0
1896	1118	1118	0	0	0
1897	2284	2284	118.892	0.0520545	0.0520545
1898	929	929	0	0	0
1899	803	803	0	0	0
1900	1030	1030	0	0	0
1901	1314	1314	0	0	0
1902	2306	2306	118.892	0.0515578	0.0515578
1903	661	661	0	0	0
1904	577	577	0	0	0
1905	1406	1406	0	0	0
1906	1002	1002	504.236	0.503229	0.503229
1907	847	847	118.892	0.140369	0.140369
1908	993	993	0	0	0
1909	330	330	230.702	0.699096	0.699096
1910	840	840	37.6493	0.0448205	0.0448205
1911	909	909	50.4721	0.0555249	0.0555249
1912	657	657	216.956	0.330222	0.330222
1913	362	362	0	0	0
1914	490	490	0	0	0
1915	351	351	0	0	0
1916	850	850	0	0	0
1917	1005	1005	118.892	0.118301	0.118301
1918	2187	2187	1.98154	0.000906054	0.000906054
1919	918	918	78.5531	0.0855699	0.0855699
1920	1102	1102	237.785	0.215776	0.215776
1921	2379	2379	429.076	0.18036	0.18036
1922	1316	1316	236.237	0.179511	0.179511
1923	684	684	234.579	0.342952	0.342952
1924	372	372	0	0	0
1925	1578	1578	199.145	0.126201	0.126201
1926	674	674	0	0	0
1927	1169	1169	157.539	0.134764	0.134764
1928	1913	1913	237.791	0.124303	0.124303
1929	2819	2819	741.075	0.262886	0.262886
1930	1106	1106	56.0789	0.0507043	0.0507043
1931	1357	1357	86.2747	0.0635775	0.0635775
1932	937	937	356.701	0.380684	0.380684
1933	767	767	0	0	0
1934	1097	1097	10.8985	0.00993479	0.00993479
1935	2608	2608	122.356	0.0469157	0.0469157
1936	554	554	118.892	0.214607	0.214607
1937	1590	1590	118.892	0.0747751	0.0747751
1938	806	806	20.8062	0.0258141	0.0258141
1939	643	643	0	0	0
1940	1776	1776	78.2216	0.0440437	0.0440437
1941	1490	1490	191.419	0.128469	0.128469
1942	527	527	0	0	0
1943	1283	1283	356.705	0.278024	0.278024
1944	1659	1659	118.892	0.0716651	0.0716651
1945	589	589	303.53	0.515331	0.515331
1946	436	436	0	0	0
1947	493	493	0	0	0
1948	1703	1703	207.378	0.121772	0.121772
1949	1072	1072	0	0	0
1950	1875	1875	0	0	0
1951	1336	1336	0	0	0
1952	1648	1648	356.702	0.216446	0.216446
1953	827	827	31.7046	0.0383369	0.0383369
1954	1068	1068	0	0	0
1955	1821	1821	0.99077	0.00054408	0.00054408
1956	18274	18274	50.9961	0.00279064	0.00279064
1957	2299	2299	0	0	0
1958	9066	9066	89.136	0.0098319	0.0098319
1959	4622	4622	214.476	0.0464032	0.0464032
1960	3593	3593	580.29	0.161506	0.161506
1961	2558	2558	701.846	0.274373	0.274373
1962	2524	2524	508.173	0.201336	0.201336
1963	770	770	154.26	0.200338	0.200338
1964	1187	1187	237.785	0.200324	0.200324
1965	689	689	0	0	0
1966	1807	1807	96.0792	0.0531705	0.0531705
1967	1246	1246	207.532	0.166559	0.166559
1968	667	667	0	0	0
1969	1508	1508	124.83	0.0827788	0.0827788
1970	463	463	9.9077	0.0213989	0.0213989
1971	1325	1325	2.96898	0.00224074	0.00224074
1972	400	400	80.1703	0.200426	0.200426
1973	736	736	131.772	0.179039	0.179039
1974	843	843	0	0	0
1975	1301	1301	0	0	0
1976	1488	1488	580.664	0.390231	0.390231
1977	2122	2122	0	0	0
1978	478	478	0	0	0
1979	1270	1270	0	0	0
1980	819	819	118.892	0.145168	0.145168
1981	1208	1208	0	0	0
1982	889	889	0	0	0
1983	815	815	237.785	0.29176	0.29176
1984	468	468	0	0	0
1985	854	854	159.92	0.18726	0.18726
1986	520	520	0	0	0
1987	1073	1073	45.5754	0.0424748	0.0424748
1988	431	431	92.1416	0.213786	0.213786
1989	1184	1184	118.892	0.100416	0.100416
1990	1534	1534	0	0	0
1991	621	621	0	0	0
1992	1211	1211	12.88	0.0106358	0.0106358
1993	521	521	0	0	0
1994	309	309	118.892	0.384765	0.384765
1995	2145	2145	118.892	0.0554277	0.0554277
1996	1236	1236	118.892	0.0961913	0.0961913
1997	968	968	209.06	0.215971	0.215971
1998	1577	1577	13.3604	0.00847204	0.00847204
1999	524	524	44.5849	0.0850856	0.0850856
2000	621	621	254.281	0.409471	0.409471
2001	341	341	90.131	0.264314	0.264314
2002	612	612	0	0	0
2003	679	679	97.567	0.143692	0.143692
2004	2141	2141	129.791	0.0606216	0.0606216
2005	710	710	84.542	0.119073	0.119073
2006	1281	1281	118.892	0.0928122	0.0928122
2007	1499	1499	0	0	0
2008	433	433	0	0	0
2009	3386	3386	118.892	0.0351129	0.0351129
2010	1222	1222	249.674	0.204316	0.204316
2011	1167	1167	61.36	0.0525793	0.0525793
2012	728	728	92.1416	0.126568	0.126568
2013	905	905	60.8674	0.0672568	0.0672568
2014	1040	1040	475.598	0.457306	0.457306
2015	2327	2327	171.88	0.0738635	0.0738635
2016	2002	2002	475.597	0.237561	0.237561
2017	1639	1639	20.8062	0.0126944	0.0126944
2018	576	576	183.727	0.318971	0.318971
2019	1949	1949	0	0	0
2020	682	682	0	0	0
2021	322	322	0	0	0
2022	510	510	83.7133	0.164144	0.164144
2023	500	500	0	0	0
2024	812	812	148.642	0.183056	0.183056
2025	684	684	706.281	1.03257	1.03257
2026	1003	1003	104.031	0.10372	0.10372
2027	516	516	39.1238	0.0758212	0.0758212
2028	774	774	73.2659	0.0946588	0.0946588
2029	992	992	90.8156	0.091548	0.091548
2030	1393	1393	47.9978	0.0344564	0.0344564
2031	8779	8779	577.125	0.0657393	0.0657393
2032	642	642	19.8154	0.0308651	0.0308651
2033	1891	1891	416.965	0.2205	0.2205
2034	612	612	0	0	0
2035	2565	2565	3.71104	0.0014468	0.0014468
2036	1127	1127	31.6691	0.0281004	0.0281004
2037	927	927	0	0	0
2038	704	704	66.8187	0.0949129	0.0949129
2039	1183	1183	0	0	0
2040	636	636	118.993	0.187096	0.187096
2041	1504	1504	239.244	0.159072	0.159072
2042	1061	1061	123.855	0.116734	0.116734
2043	892	892	106.438	0.119325	0.119325
2044	654	654	138.708	0.212091	0.212091
2045	601	601	131.772	0.219255	0.219255
2046	1259	1259	48.4965	0.0385199	0.0385199
2047	396	396	0	0	0
2048	748	748	0	0	0
2049	1446	1446	88.4036	0.0611366	0.0611366
2050	1056	1056	0	0	0
2051	1901	1901	118.892	0.062542	0.062542
2052	2769	2769	78.2275	0.0282512	0.0282512
2053	374	374	0	0	0
2054	462	462	0	0	0
2055	1251	1251	64.3823	0.0514647	0.0514647
2056	1489	1489	118.892	0.0798471	0.0798471
2057	383	383	0	0	0
2058	1943	1943	108.98	0.0560885	0.0560885
2059	1129	1129	21.7969	0.0193064	0.0193064
2060	1588	1588	118.892	0.0748693	0.0748693
2061	449	449	0	0	0
2062	922	922	70.1729	0.0761094	0.0761094
2063	631	631	0	0	0
2064	585	585	0	0	0
2065	1381	1381	15.8523	0.0114789	0.0114789
2066	669	669	356.682	0.533157	0.533157
2067	644	644	92.1423	0.143078	0.143078
2068	667	667	5.93796	0.00890249	0.00890249
2069	506	506	24.9298	0.0492685	0.0492685
2070	2792	2792	0	0	0
2071	2889	2889	0	0	0
2072	1195	0	0	0	0
2073	490	490	0	0	0
2074	438	438	0	0	0
2075	1798	1798	0	0	0
2076	1629	1629	0	0	0
2077	1879	1879	188.191	0.100155	0.100155
2078	626	626	93.1324	0.148774	0.148774
2079	2105	2105	0	0	0
2080	587	587	0	0	0
2081	6829	6829	1251.32	0.183236	0.183236
2082	2539	2539	627.081	0.24698	0.24698
2083	13259	13259	3836.27	0.289333	0.289333
2084	1642	1642	731.689	0.445608	0.445608
2085	5954	5954	436.129	0.0732498	0.0732498
2086	4683	4683	611.744	0.130631	0.130631
2087	2224	2224	356.705	0.160389	0.160389
2088	4927	4927	418.041	0.0848469	0.0848469
2089	11281	11281	321.961	0.0285401	0.0285401
2090	2550	2550	214.997	0.0843126	0.0843126
2091	2283	2283	0	0	0
2092	3146	3146	0	0	0
2093	6121	6121	0	0	0
2094	7791	7791	505.229	0.0648477	0.0648477
2095	20592	20592	475.592	0.0230959	0.0230959
2096	2594	2594	118.892	0.0458336	0.0458336
2097	6182	6182	237.785	0.0384641	0.0384641
2098	1547	1547	118.892	0.0768535	0.0768535
2099	1195	1195	118.892	0.0994915	0.0994915
2100	4318	4318	465.395	0.10778	0.10778
2101	1666	1666	230.849	0.138565	0.138565
2102	8278	8278	684.207	0.0826537	0.0826537
2103	6029	6029	515.785	0.0855507	0.0855507
2104	2052	2052	0	0	0
2105	7637	7637	1188.95	0.155683	0.155683
2106	2463	2463	0	0	0
2107	6308	6308	237.785	0.0376958	0.0376958
2108	8387	8387	0	0	0
2109	11252	11252	5042.36	0.44813	0.44813
2110	443	443	11.1882	0.0252555	0.0252555
2111	1164	0	0	0	0
