1	753	753	105.738	0.140422	0.140422
2	2974	2974	528.69	0.177771	0.177771
3	1070	1070	0	0	0
4	571	571	0	0	0
5	807	807	78.9368	0.0978151	0.0978151
6	1159	1159	76.5936	0.066086	0.066086
7	693	693	78.1541	0.112776	0.112776
8	831	831	229.516	0.276193	0.276193
9	744	744	198.997	0.26747	0.26747
10	1743	1743	192.167	0.110251	0.110251
11	1120	1120	144.845	0.129326	0.129326
12	459	459	84.1139	0.183255	0.183255
13	1458	1458	264.964	0.181731	0.181731
14	756	756	149.424	0.19765	0.19765
15	757	757	152.458	0.201398	0.201398
16	1136	1136	372	0.327465	0.327465
17	5886	5886	1268.86	0.215572	0.215572
18	412	412	259.288	0.629339	0.629339
19	616	616	199.035	0.323109	0.323109
20	2838	2838	814.62	0.28704	0.28704
21	705	705	100.897	0.143117	0.143117
22	1039	1039	73.5568	0.0707958	0.0707958
23	2368	2368	506.349	0.21383	0.21383
24	502	502	105.738	0.210633	0.210633
25	615	615	48.7314	0.079238	0.079238
26	947	947	262.906	0.277619	0.277619
27	2062	2062	173.127	0.0839607	0.0839607
28	1047	1047	68.2535	0.0651896	0.0651896
29	885	885	192.6	0.217627	0.217627
30	1662	1662	0	0	0
31	844	844	58.2813	0.0690536	0.0690536
32	536	536	0	0	0
33	851	851	105.738	0.124251	0.124251
34	411	411	0	0	0
35	650	650	317.215	0.488023	0.488023
36	1205	1205	289.685	0.240402	0.240402
37	448	448	0	0	0
38	1077	1077	0	0	0
39	1252	1252	275.485	0.220036	0.220036
40	1942	1942	120.49	0.0620445	0.0620445
41	968	968	20.2281	0.0208968	0.0208968
42	2527	2527	244.074	0.0965864	0.0965864
43	998	998	74.1001	0.0742486	0.0742486
44	968	968	105.738	0.109233	0.109233
45	692	692	138.045	0.199486	0.199486
46	787	787	234.285	0.297694	0.297694
47	1493	1493	42.2479	0.0282973	0.0282973
48	1152	1152	47.8119	0.0415034	0.0415034
49	686	686	65.5844	0.0956041	0.0956041
50	1117	1117	55.8845	0.0500309	0.0500309
51	1436	1436	208.372	0.145106	0.145106
52	1593	1593	359.877	0.225912	0.225912
53	1548	1548	96.2456	0.0621741	0.0621741
54	865	865	167.494	0.193635	0.193635
55	704	704	681.316	0.967778	0.967778
56	858	858	0	0	0
57	8769	8769	1585.04	0.180755	0.180755
58	7558	7558	3251.8	0.430246	0.430246
59	468	468	0	0	0
60	1297	1297	224.873	0.173379	0.173379
61	601	601	0	0	0
62	1199	1199	105.738	0.0881884	0.0881884
63	495	495	1.83892	0.00371499	0.00371499
64	718	718	95.2814	0.132704	0.132704
65	403	403	17.3275	0.0429963	0.0429963
66	627	627	0	0	0
67	957	957	0	0	0
68	318	318	0	0	0
69	345	345	0	0	0
70	734	734	0	0	0
71	441	441	24.2055	0.0548878	0.0548878
72	1477	1477	588.159	0.398212	0.398212
73	474	474	41.568	0.0876963	0.0876963
74	412	412	71.4144	0.173336	0.173336
75	969	969	422.766	0.436291	0.436291
76	857	857	105.738	0.123381	0.123381
77	442	442	0	0	0
78	1372	1372	247.434	0.180346	0.180346
79	749	749	119.53	0.159586	0.159586
80	823	823	101.976	0.123908	0.123908
81	1297	1297	30.6116	0.0236019	0.0236019
82	738	738	146.045	0.197893	0.197893
83	1036	1036	27.4825	0.0265275	0.0265275
84	771	771	0	0	0
85	989	989	333.368	0.337076	0.337076
86	862	862	317.215	0.367999	0.367999
87	1086	1086	692.796	0.637934	0.637934
88	1063	1063	0	0	0
89	490	490	0	0	0
90	658	658	0	0	0
91	1101	1101	21.1476	0.0192076	0.0192076
92	428	428	0	0	0
93	1136	1136	223.211	0.196488	0.196488
94	717	717	152.63	0.212874	0.212874
95	1256	1256	72.6373	0.0578323	0.0578323
96	1185	1185	165.503	0.139665	0.139665
97	1219	1219	172.986	0.141908	0.141908
98	1020	1020	136.212	0.133542	0.133542
99	1685	1685	302.503	0.179527	0.179527
100	433	433	105.738	0.244198	0.244198
101	404	404	211.476	0.523456	0.523456
102	589	589	0	0	0
103	1059	1059	3.9609	0.00374023	0.00374023
104	930	930	105.738	0.113697	0.113697
105	1156	1156	62.5955	0.0541484	0.0541484
106	1223	1223	0	0	0
107	502	502	95.2254	0.189692	0.189692
108	4888	4888	2141.08	0.438028	0.438028
109	1083	1083	1037.83	0.958292	0.958292
110	528	528	0	0	0
111	720	720	0	0	0
112	758	758	0	0	0
113	984	984	95.6743	0.0972299	0.0972299
114	947	947	106.276	0.112224	0.112224
115	973	973	295.869	0.304079	0.304079
116	514	514	105.738	0.205716	0.205716
117	1092	1092	295.942	0.271009	0.271009
118	2093	2093	0	0	0
119	684	684	0	0	0
120	1034	1034	392.943	0.380022	0.380022
121	1470	0	0	0	0
122	867	867	317.392	0.366081	0.366081
123	658	658	105.738	0.160696	0.160696
124	660	660	0	0	0
125	1276	1276	70.7446	0.0554425	0.0554425
126	623	623	0	0	0
127	3055	3055	653.511	0.213915	0.213915
128	755	755	0	0	0
129	1130	1130	37.698	0.033361	0.033361
130	1991	1991	199.698	0.1003	0.1003
131	915	915	59.3149	0.064825	0.064825
132	1155	1155	211.476	0.183097	0.183097
133	764	764	0	0	0
134	1118	1118	67.0269	0.0599525	0.0599525
135	1162	1162	426.467	0.367011	0.367011
136	731	731	89.2345	0.122072	0.122072
137	1205	1205	168.813	0.140094	0.140094
138	531	531	44.9982	0.0847423	0.0847423
139	775	775	2.2004	0.00283923	0.00283923
140	461	461	105.738	0.229366	0.229366
141	1138	1138	248.546	0.218406	0.218406
142	1054	1054	10.1141	0.00959588	0.00959588
143	1424	1424	139.365	0.0978689	0.0978689
144	1096	1096	105.738	0.0964762	0.0964762
145	1330	1330	0	0	0
146	886	886	58.8454	0.066417	0.066417
147	864	864	173.127	0.200378	0.200378
148	713	713	143.437	0.201173	0.201173
149	2430	2430	0	0	0
150	962	962	86.3149	0.0897244	0.0897244
151	1268	1268	225.545	0.177875	0.177875
152	1298	1298	103.406	0.0796656	0.0796656
153	310	310	51.4898	0.166096	0.166096
154	437	437	105.738	0.241963	0.241963
155	808	808	282.774	0.349968	0.349968
156	8524	8524	2936.79	0.344531	0.344531
157	8077	8077	3576.07	0.442747	0.442747
158	19056	19056	7666.46	0.402312	0.402312
159	6486	6486	2544.45	0.392299	0.392299
160	6962	6962	2822.83	0.405463	0.405463
161	12458	12458	4514.04	0.362341	0.362341
162	30196	30196	9653.88	0.319707	0.319707
163	861	861	105.738	0.122808	0.122808
164	12524	12524	5029.7	0.401605	0.401605
165	19642	19642	7380	0.375726	0.375726
166	26100	26100	7286.18	0.279164	0.279164
167	7514	7514	1980.45	0.263568	0.263568
168	6912	6912	1366.52	0.197702	0.197702
169	1650	1650	320.383	0.194172	0.194172
170	1073	1073	260.397	0.242681	0.242681
171	1712	1712	501.365	0.292854	0.292854
172	1778	1778	277.04	0.155815	0.155815
173	10224	10224	680.406	0.0665499	0.0665499
174	2794	2794	0	0	0
175	776	776	0	0	0
176	3753	3753	1141.26	0.304092	0.304092
177	3969	3969	538.805	0.135753	0.135753
178	4946	4946	2155.08	0.435721	0.435721
179	6399	6399	1938.76	0.302979	0.302979
180	7161	7161	2204.34	0.307825	0.307825
181	1517	1517	650.176	0.428594	0.428594
182	2759	2759	833.245	0.30201	0.30201
183	2367	2367	683.547	0.288782	0.288782
184	604	604	0	0	0
185	809	809	0	0	0
186	1206	1206	32.127	0.0266393	0.0266393
187	2380	2380	570.047	0.239515	0.239515
188	934	934	222.949	0.238704	0.238704
189	735	735	63.7784	0.0867733	0.0867733
190	1603	1603	105.738	0.0659625	0.0659625
191	585	585	0	0	0
192	845	845	98.3822	0.116429	0.116429
193	2857	2857	0	0	0
194	1218	1218	105.738	0.0868127	0.0868127
195	1078	1078	295.265	0.273901	0.273901
196	1120	1120	584.096	0.521514	0.521514
197	1778	1778	95.3002	0.0535997	0.0535997
198	1196	1196	105.738	0.0884096	0.0884096
199	1568	1568	172.403	0.109951	0.109951
200	2855	2855	387	0.135552	0.135552
201	290	290	0	0	0
202	2057	2057	180.113	0.0875609	0.0875609
203	1182	1182	0	0	0
204	1041	1041	225.111	0.216245	0.216245
205	794	794	0	0	0
206	802	802	105.738	0.131843	0.131843
207	708	708	95.6014	0.13503	0.13503
208	2179	2179	422.952	0.194104	0.194104
209	687	687	105.738	0.153913	0.153913
210	559	559	0	0	0
211	1649	1649	161.825	0.0981354	0.0981354
212	544	544	58.7505	0.107997	0.107997
213	1138	1138	59.5903	0.0523641	0.0523641
214	518	518	65.1619	0.125795	0.125795
215	1201	1201	131.263	0.109295	0.109295
216	682	682	312.601	0.45836	0.45836
217	1248	1248	143.681	0.115129	0.115129
218	687	687	105.738	0.153913	0.153913
219	1205	1205	135.541	0.112483	0.112483
220	924	924	87.3487	0.0945332	0.0945332
221	1431	1431	127.36	0.0890007	0.0890007
222	912	912	411.376	0.45107	0.45107
223	585	585	162.744	0.278196	0.278196
224	823	823	68.4046	0.0831161	0.0831161
225	1426	1426	0	0	0
226	640	640	105.162	0.164316	0.164316
227	974	974	118.313	0.121471	0.121471
228	1396	1396	303.402	0.217336	0.217336
229	1113	1113	261.324	0.234793	0.234793
230	663	663	105.738	0.159484	0.159484
231	2485	2485	55.4051	0.0222958	0.0222958
232	1118	1118	104.335	0.0933231	0.0933231
233	18795	18795	0	0	0
234	1174	1174	51.5848	0.0439393	0.0439393
235	1299	1299	66.9303	0.0515245	0.0515245
236	1151	1151	0	0	0
237	774	774	105.738	0.136612	0.136612
238	440	440	0	0	0
239	1160	1160	105.738	0.0911534	0.0911534
240	775	775	26.406	0.0340723	0.0340723
241	1084	1084	673.537	0.621344	0.621344
242	1098	1098	149.872	0.136495	0.136495
243	766	766	30.3753	0.0396544	0.0396544
244	1160	1160	211.476	0.182307	0.182307
245	990	990	440.682	0.445133	0.445133
246	1524	1524	211.477	0.138764	0.138764
247	436	436	84.5903	0.194014	0.194014
248	2615	2615	391.081	0.149553	0.149553
249	951	951	160.905	0.169196	0.169196
250	465	465	0	0	0
251	823	823	96.6142	0.117393	0.117393
252	765	765	63.4427	0.0829317	0.0829317
253	436	436	0	0	0
254	1042	1042	237.482	0.227909	0.227909
255	625	625	104.779	0.167646	0.167646
256	2876	2876	388.353	0.135032	0.135032
257	1900	1900	400.372	0.210722	0.210722
258	1492	1492	361.632	0.24238	0.24238
259	1025	1025	105.738	0.103159	0.103159
260	1011	1011	216.549	0.214192	0.214192
261	1137	1137	0	0	0
262	1041	1041	0	0	0
263	715	715	91.1455	0.127476	0.127476
264	495	495	0	0	0
265	831	831	83.0911	0.0999893	0.0999893
266	1059	1059	203.78	0.192427	0.192427
267	1881	1881	125.872	0.0669174	0.0669174
268	1114	1114	88.0084	0.0790021	0.0790021
269	949	949	83.6646	0.0881608	0.0881608
270	682	682	90.3514	0.13248	0.13248
271	356	356	0	0	0
272	685	685	0	0	0
273	375	375	105.738	0.281968	0.281968
274	846	846	0	0	0
275	785	785	0	0	0
276	479	479	189.409	0.395425	0.395425
277	1706	1706	272.912	0.159972	0.159972
278	1438	1438	105.738	0.0735312	0.0735312
279	916	916	0	0	0
280	1077	1077	83.6711	0.0776891	0.0776891
281	931	931	0	0	0
282	1475	1475	89.1876	0.0604662	0.0604662
283	1864	1864	105.738	0.0567263	0.0567263
284	699	699	205.992	0.294696	0.294696
285	620	620	63.4427	0.102327	0.102327
286	477	477	43.6631	0.091537	0.091537
287	560	560	105.738	0.188818	0.188818
288	599	599	0	0	0
289	659	659	105.738	0.160452	0.160452
290	951	951	0	0	0
291	1588	1588	357.935	0.2254	0.2254
292	672	672	83.7197	0.124583	0.124583
293	1629	1629	87.6622	0.0538135	0.0538135
294	728	728	102.98	0.141455	0.141455
295	968	968	204.121	0.210869	0.210869
296	1967	1967	105.738	0.0537559	0.0537559
297	1723	1723	46.8606	0.0271971	0.0271971
298	613	613	0	0	0
299	352	352	0	0	0
300	772	772	161.421	0.209094	0.209094
301	1626	1626	80.8112	0.0496994	0.0496994
302	1454	1454	70.7446	0.0486552	0.0486552
303	954	954	150.235	0.157479	0.157479
304	649	649	5.94112	0.00915427	0.00915427
305	2827	2827	105.738	0.0374029	0.0374029
306	445	445	0	0	0
307	659	659	104.347	0.158341	0.158341
308	843	843	0	0	0
309	709	709	95.3674	0.13451	0.13451
310	968	968	168.451	0.17402	0.17402
311	382	382	46.8606	0.122672	0.122672
312	1056	1056	0	0	0
313	718	718	0	0	0
314	1206	1206	68.04	0.0564179	0.0564179
315	1484	1484	0	0	0
316	2056	2056	0	0	0
317	597	597	118.969	0.199278	0.199278
318	803	803	0	0	0
319	374	374	0	0	0
320	1583	1583	105.738	0.0667959	0.0667959
321	872	872	187.487	0.215008	0.215008
322	739	739	0	0	0
323	1928	1928	556.05	0.288408	0.288408
324	779	779	11.953	0.015344	0.015344
325	940	940	63.4427	0.0674923	0.0674923
326	583	583	0	0	0
327	948	948	105.738	0.111538	0.111538
328	841	841	211.477	0.251459	0.251459
329	1193	1193	0	0	0
330	795	795	317.215	0.399012	0.399012
331	2044	2044	370.021	0.181028	0.181028
332	567	567	15.6308	0.0275676	0.0275676
333	896	896	105.738	0.118011	0.118011
334	1276	1276	218.518	0.171253	0.171253
335	1047	1047	0	0	0
336	1586	1586	77.2771	0.0487245	0.0487245
337	1109	1109	0	0	0
338	1559	1559	192.361	0.123387	0.123387
339	761	761	326.409	0.428922	0.428922
340	558	558	275.485	0.493701	0.493701
341	1089	1089	105.738	0.0970963	0.0970963
342	793	793	250.982	0.316497	0.316497
343	945	945	329.755	0.348947	0.348947
344	1804	1804	428.521	0.237539	0.237539
345	2094	2094	85.2203	0.0406974	0.0406974
346	3696	3696	917.69	0.248293	0.248293
347	367	367	53.8017	0.146599	0.146599
348	3157	3157	1096.92	0.347456	0.347456
349	1322	1322	403.433	0.305169	0.305169
350	701	701	0	0	0
351	1387	1387	211.476	0.15247	0.15247
352	534	534	446.694	0.836505	0.836505
353	1555	1555	995.712	0.640329	0.640329
354	740	740	169.265	0.228736	0.228736
355	639	639	162.745	0.254687	0.254687
356	706	706	163.179	0.231132	0.231132
357	724	724	131.711	0.181921	0.181921
358	956	956	18.8375	0.0197045	0.0197045
359	771	771	83.4854	0.108282	0.108282
360	1985	1985	116.3	0.0585894	0.0585894
361	1749	1749	0	0	0
362	1533	1533	0	0	0
363	581	581	98.3822	0.169333	0.169333
364	1289	1289	515.104	0.399615	0.399615
365	632	632	53.3287	0.0843808	0.0843808
366	1412	1412	0	0	0
367	2550	2550	105.738	0.0414658	0.0414658
368	483	483	38.267	0.0792278	0.0792278
369	1469	1469	517.664	0.352392	0.352392
370	338	338	0	0	0
371	715	715	105.738	0.147885	0.147885
372	681	681	0	0	0
373	594	594	37.4085	0.0629773	0.0629773
374	1817	1817	188.489	0.103737	0.103737
375	1118	1118	0	0	0
376	986	986	0	0	0
377	750	750	212.16	0.28288	0.28288
378	515	515	252.851	0.490974	0.490974
379	1205	1205	159.705	0.132535	0.132535
380	1014	1014	163.664	0.161404	0.161404
381	980	980	0	0	0
382	948	948	113.936	0.120186	0.120186
383	560	560	200.017	0.357174	0.357174
384	3432	3432	292.233	0.0851495	0.0851495
385	701	701	0	0	0
386	2336	2336	205.96	0.0881679	0.0881679
387	876	876	105.738	0.120705	0.120705
388	515	515	6.71928	0.0130471	0.0130471
389	1645	1645	67.1206	0.0408028	0.0408028
390	1624	1624	529.864	0.326271	0.326271
391	3319	3319	426.128	0.12839	0.12839
392	887	887	43.2146	0.04872	0.04872
393	1250	1250	0	0	0
394	778	778	317.215	0.407731	0.407731
395	522	522	94.7044	0.181426	0.181426
396	654	654	96.6301	0.147752	0.147752
397	2069	2069	324.57	0.156873	0.156873
398	495	495	226.835	0.458252	0.458252
399	740	740	163.06	0.220352	0.220352
400	2271	2271	58.2835	0.0256642	0.0256642
401	362	362	611.444	1.68907	1.68907
402	850	850	119.53	0.140624	0.140624
403	959	959	42.7968	0.0446265	0.0446265
404	1346	1346	0	0	0
405	976	976	248.255	0.254359	0.254359
406	2237	2237	70.7446	0.0316248	0.0316248
407	484	484	100.009	0.206629	0.206629
408	1382	1382	317.215	0.229533	0.229533
409	458	458	120.568	0.263248	0.263248
410	1327	1327	0	0	0
411	757	0	0	0	0
412	460	460	0	0	0
413	4713	4713	252.625	0.0536017	0.0536017
414	1077	1077	0	0	0
415	993	993	105.738	0.106483	0.106483
416	552	552	63.6168	0.115248	0.115248
417	1702	1702	317.215	0.186378	0.186378
418	871	871	53.6726	0.0616219	0.0616219
419	911	911	0	0	0
420	1798	1798	0	0	0
421	807	807	0	0	0
422	1078	1078	270.491	0.25092	0.25092
423	777	777	105.738	0.136085	0.136085
424	1250	1250	146.283	0.117026	0.117026
425	767	767	49.3131	0.0642934	0.0642934
426	1705	1705	242.654	0.142319	0.142319
427	553	553	91.4693	0.165406	0.165406
428	2563	2563	248.877	0.0971037	0.0971037
429	535	535	205.96	0.384971	0.384971
430	1025	1025	119.098	0.116193	0.116193
431	1147	1147	257.716	0.224687	0.224687
432	1804	1804	273.999	0.151884	0.151884
433	761	761	100.803	0.132461	0.132461
434	1763	1763	351.694	0.199486	0.199486
435	1254	1254	186.624	0.148823	0.148823
436	878	878	15.6233	0.0177942	0.0177942
437	1222	1222	88.8986	0.0727485	0.0727485
438	1020	1020	105.738	0.103665	0.103665
439	1115	1115	291.031	0.261014	0.261014
440	1099	1099	313.179	0.284967	0.284967
441	978	978	6.43622	0.006581	0.006581
442	472	472	88.2682	0.187009	0.187009
443	703	703	0	0	0
444	1625	1625	113.66	0.0699444	0.0699444
445	1074	1074	113.094	0.105301	0.105301
446	1476	1476	305.709	0.20712	0.20712
447	1440	1440	414.072	0.28755	0.28755
448	835	835	0	0	0
449	832	832	0	0	0
450	899	899	38.4212	0.0427378	0.0427378
451	748	748	227.107	0.303619	0.303619
452	1780	1780	50.5703	0.0284103	0.0284103
453	1328	1328	131.923	0.0993395	0.0993395
454	622	622	0	0	0
455	1244	1244	41.0224	0.0329762	0.0329762
456	907	907	0	0	0
457	559	559	47.8367	0.0855756	0.0855756
458	746	746	105.738	0.14174	0.14174
459	745	745	0	0	0
460	872	872	211.476	0.242518	0.242518
461	795	795	75.0589	0.0944137	0.0944137
462	1191	1191	122.189	0.102594	0.102594
463	687	687	0	0	0
464	1029	1029	105.738	0.102758	0.102758
465	535	535	166.765	0.31171	0.31171
466	639	639	0	0	0
467	769	769	295.643	0.384451	0.384451
468	2280	2280	317.214	0.139129	0.139129
469	2526	2526	40.3549	0.0159758	0.0159758
470	1035	1035	204.121	0.197218	0.197218
471	1275	1275	100.253	0.0786298	0.0786298
472	641	641	0	0	0
473	469	469	0	0	0
474	1883	1883	317.214	0.168462	0.168462
475	1044	1044	45.9971	0.0440586	0.0440586
476	453	453	211.476	0.466835	0.466835
477	940	940	206.323	0.219492	0.219492
478	695	695	0	0	0
479	495	495	0	0	0
480	495	495	0	0	0
481	964	964	168.643	0.17494	0.17494
482	2681	2681	688.686	0.256877	0.256877
483	726	726	0	0	0
484	773	773	248.51	0.321488	0.321488
485	2017	2017	105.738	0.0524234	0.0524234
486	1040	1040	316.294	0.304129	0.304129
487	408	408	0	0	0
488	2851	2851	0	0	0
489	675	675	123.341	0.182728	0.182728
490	890	890	314.818	0.353728	0.353728
491	1197	1197	0	0	0
492	808	808	196.759	0.243514	0.243514
493	779	779	187.508	0.240703	0.240703
494	995	995	49.6297	0.0498791	0.0498791
495	2225	2225	430.308	0.193397	0.193397
496	818	818	140.12	0.171295	0.171295
497	1323	1323	68.6366	0.0518795	0.0518795
498	1893	1893	18.9243	0.00999699	0.00999699
499	1880	1880	192.915	0.102614	0.102614
500	1162	1162	58.444	0.050296	0.050296
501	724	724	160.788	0.222082	0.222082
502	1294	1294	396.288	0.306251	0.306251
503	910	910	221.59	0.243505	0.243505
504	1429	1429	3.0807	0.00215584	0.00215584
505	1777	1777	105.738	0.0595036	0.0595036
506	401	401	0	0	0
507	749	749	160.067	0.213707	0.213707
508	2359	2359	0	0	0
509	739	739	0	0	0
510	1619	1619	5.51676	0.00340751	0.00340751
511	1432	1432	105.738	0.0738393	0.0738393
512	1032	1032	106.297	0.103001	0.103001
513	2097	2097	153.622	0.0732579	0.0732579
514	962	962	80.4091	0.0835853	0.0835853
515	462	462	0	0	0
516	731	731	88.5407	0.121123	0.121123
517	1520	1520	147.471	0.0970205	0.0970205
518	579	579	84.1766	0.145383	0.145383
519	927	927	422.953	0.45626	0.45626
520	1944	1944	189.409	0.0974325	0.0974325
521	2495	2495	105.738	0.0423799	0.0423799
522	7583	7583	211.476	0.0278881	0.0278881
523	951	951	0	0	0
524	1071	1071	0	0	0
525	1185	1185	0	0	0
526	2340	2340	0	0	0
527	726	726	0	0	0
528	1261	1261	0	0	0
529	830	830	0	0	0
530	839	839	105.738	0.126028	0.126028
531	1118	1118	0	0	0
532	3994	3994	105.738	0.0264742	0.0264742
533	384	384	0	0	0
534	1454	1454	0	0	0
535	1745	1745	0	0	0
536	590	590	0	0	0
537	1101	1101	6.6015	0.00599591	0.00599591
538	900	900	1739.23	1.93248	1.93248
539	1444	1444	25.737	0.0178234	0.0178234
540	1136	1136	55.6079	0.0489507	0.0489507
541	766	766	2.43941	0.00318461	0.00318461
542	675	675	228.946	0.339179	0.339179
543	571	571	0	0	0
544	637	637	105.738	0.165994	0.165994
545	576	576	200.442	0.34799	0.34799
546	2281	2281	210.038	0.0920814	0.0920814
547	701	701	105.738	0.150839	0.150839
548	1690	1690	19.5843	0.0115883	0.0115883
549	759	759	33.5245	0.0441692	0.0441692
550	3216	3216	187.394	0.0582692	0.0582692
551	955	955	945.209	0.989748	0.989748
552	1033	1033	462.506	0.447731	0.447731
553	756	756	21.1476	0.027973	0.027973
554	1256	1256	105.715	0.0841681	0.0841681
555	744	744	67.5918	0.0908492	0.0908492
556	2087	2087	88.5616	0.0424349	0.0424349
557	1319	1319	221.858	0.168201	0.168201
558	912	912	579.964	0.635925	0.635925
559	852	852	0	0	0
560	515	515	159.002	0.308742	0.308742
561	1574	1574	123.225	0.0782878	0.0782878
562	949	949	105.738	0.11142	0.11142
563	2363	2363	705.653	0.298626	0.298626
564	934	934	68.9595	0.0738324	0.0738324
565	828	828	422.953	0.510813	0.510813
566	2174	2174	92.5582	0.0425751	0.0425751
567	980	980	35.6	0.0363265	0.0363265
568	1366	1366	0	0	0
569	429	429	6.69718	0.0156111	0.0156111
570	1021	1021	35.3438	0.0346169	0.0346169
571	859	859	0	0	0
572	480	480	0	0	0
573	844	844	105.738	0.125282	0.125282
574	511	511	0	0	0
575	744	744	262.046	0.352212	0.352212
576	828	828	0	0	0
577	981	981	959.584	0.978169	0.978169
578	702	702	26.8461	0.0382423	0.0382423
579	822	822	0	0	0
580	1106	1106	105.738	0.0956039	0.0956039
581	680	680	0	0	0
582	1000	1000	357.17	0.35717	0.35717
583	864	864	105.738	0.122382	0.122382
584	533	533	0	0	0
585	1684	1684	85.5264	0.0507877	0.0507877
586	1348	1348	422.953	0.313763	0.313763
587	924	924	0	0	0
588	709	709	0	0	0
589	817	817	0	0	0
590	1241	1241	369.722	0.297922	0.297922
591	1079	1079	0	0	0
592	1684	1684	611.063	0.362864	0.362864
593	816	816	278.759	0.341617	0.341617
594	1014	1014	0	0	0
595	755	755	0	0	0
596	487	487	77.5734	0.159288	0.159288
597	2508	2508	105.738	0.0421602	0.0421602
598	1508	1508	241.06	0.159854	0.159854
599	1541	1541	329.167	0.213606	0.213606
600	635	635	196.737	0.309821	0.309821
601	3845	3845	317.215	0.0825006	0.0825006
602	905	905	0	0	0
603	703	703	0	0	0
604	347	347	0	0	0
605	4150	4150	211.476	0.050958	0.050958
606	650	650	0	0	0
607	773	773	0	0	0
608	4195	4195	350.502	0.0835524	0.0835524
609	1525	1525	1797.92	1.17896	1.17896
610	560	560	211.476	0.377635	0.377635
611	6377	6377	2544.75	0.399051	0.399051
612	5742	5742	538.296	0.0937471	0.0937471
613	5111	5111	1405.47	0.27499	0.27499
614	4422	4422	1616.21	0.365493	0.365493
615	836	836	210.054	0.25126	0.25126
616	5542	5542	1321.94	0.238532	0.238532
617	3260	3260	662.03	0.203077	0.203077
618	341	341	0	0	0
619	1068	1068	105.738	0.0990055	0.0990055
620	728	728	211.476	0.290489	0.290489
621	23606	23606	2906.4	0.123121	0.123121
622	3796	3796	0	0	0
623	1787	1787	206.37	0.115484	0.115484
624	10492	10492	574.169	0.0547245	0.0547245
625	4852	4852	0	0	0
626	1060	1060	599.624	0.565683	0.565683
627	550	550	143.491	0.260892	0.260892
628	1169	1169	0	0	0
629	834	834	211.476	0.253569	0.253569
630	1006	1006	898.316	0.892958	0.892958
631	1174	1174	358.185	0.305098	0.305098
632	408	408	120.628	0.295656	0.295656
633	533	533	93.9111	0.176193	0.176193
634	1962	1962	201.165	0.10253	0.10253
635	2469	2469	0	0	0
636	892	892	0	0	0
637	447	447	0	0	0
638	907	907	0	0	0
639	711	711	187.57	0.263811	0.263811
640	571	571	27.7982	0.0486833	0.0486833
641	2275	2275	39.1909	0.0172268	0.0172268
642	786	786	66.2855	0.0843326	0.0843326
643	1024	1024	222.617	0.2174	0.2174
644	1554	1554	204.23	0.131422	0.131422
645	1016	1016	0	0	0
646	329	329	31.0052	0.0942407	0.0942407
647	1396	1396	290.522	0.20811	0.20811
648	716	716	84.7018	0.118299	0.118299
649	610	610	73.8559	0.121075	0.121075
650	1946	1946	0	0	0
651	1009	1009	465.673	0.46152	0.46152
652	1062	1062	102.35	0.0963748	0.0963748
653	418	418	0	0	0
654	2075	2075	170.251	0.0820486	0.0820486
655	1065	1065	121.53	0.114112	0.114112
656	2767	2767	4.8409	0.00174951	0.00174951
657	1897	1897	0	0	0
658	1049	1049	105.738	0.100799	0.100799
659	799	799	1258.82	1.5755	1.5755
660	726	726	105.738	0.145644	0.145644
661	2304	2304	788.464	0.342215	0.342215
662	4385	4385	1247.94	0.284593	0.284593
663	768	768	105.244	0.137036	0.137036
664	7961	7961	20.9041	0.00262582	0.00262582
665	2903	2903	0	0	0
666	5968	5968	0	0	0
667	5012	5012	3115.91	0.62169	0.62169
668	1215	1215	260.688	0.214558	0.214558
669	393	393	38.6174	0.0982631	0.0982631
670	2017	2017	471.026	0.233528	0.233528
671	1236	1236	226.181	0.182995	0.182995
672	1063	1063	86.0841	0.0809823	0.0809823
673	619	619	0	0	0
674	1015	1015	414.678	0.408549	0.408549
675	1674	1674	198.092	0.118334	0.118334
676	761	761	0	0	0
677	1589	1589	0	0	0
678	1180	1180	1147.28	0.972273	0.972273
679	576	576	0	0	0
680	496	496	317.214	0.639544	0.639544
681	627	627	88.0084	0.140364	0.140364
682	1441	1441	484.556	0.336264	0.336264
683	1266	1266	211.476	0.167042	0.167042
684	645	645	36.7784	0.0570208	0.0570208
685	559	559	0	0	0
686	1313	1313	0	0	0
687	2132	2132	105.738	0.0495956	0.0495956
688	486	486	211.476	0.435135	0.435135
689	453	453	0	0	0
690	1164	1164	413.325	0.35509	0.35509
691	497	497	194.808	0.391967	0.391967
692	820	820	72.1633	0.088004	0.088004
693	503	503	105.738	0.210215	0.210215
694	449	449	145.582	0.324236	0.324236
695	1319	1319	211.477	0.160331	0.160331
696	3125	3125	0	0	0
697	771	771	0	0	0
698	740	740	636.855	0.860615	0.860615
699	1020	1020	259.149	0.254068	0.254068
700	932	932	590.31	0.633379	0.633379
701	1591	1591	327.186	0.205648	0.205648
702	620	620	0	0	0
703	1944	1944	0	0	0
704	867	867	0	0	0
705	1490	1490	105.738	0.070965	0.070965
706	541	541	0	0	0
707	4337	4337	646.084	0.14897	0.14897
708	724	724	278.227	0.384292	0.384292
709	1027	1027	260.096	0.253258	0.253258
710	1931	1931	280.601	0.145314	0.145314
711	2222	2222	462.069	0.207952	0.207952
712	750	750	0	0	0
713	769	769	105.738	0.137501	0.137501
714	726	726	142.564	0.196369	0.196369
715	947	947	105.738	0.111656	0.111656
716	1131	1131	31.278	0.0276552	0.0276552
717	877	877	0	0	0
718	1394	1394	0	0	0
719	1241	1241	88.0016	0.0709118	0.0709118
720	985	985	340.785	0.345975	0.345975
721	720	720	0	0	0
722	1693	1693	12.8724	0.00760333	0.00760333
723	1036	1036	105.738	0.102064	0.102064
724	1290	1290	92.8655	0.0719887	0.0719887
725	506	506	0	0	0
726	1261	1261	247.062	0.195925	0.195925
727	2368	2368	341.334	0.144144	0.144144
728	1514	1514	59.24	0.0391281	0.0391281
729	987	987	55.18	0.0559068	0.0559068
730	1153	1153	850.504	0.737644	0.737644
731	1204	1204	412.839	0.34289	0.34289
732	1831	1831	0	0	0
733	1490	1490	605.41	0.406315	0.406315
734	750	750	87.4437	0.116592	0.116592
735	1434	1434	228.93	0.159645	0.159645
736	782	782	0	0	0
737	696	696	74.6657	0.107278	0.107278
738	1318	1318	190.731	0.144712	0.144712
739	1723	1723	243.582	0.141371	0.141371
740	860	860	105.738	0.122951	0.122951
741	936	936	301.208	0.321804	0.321804
742	724	724	94.2408	0.130167	0.130167
743	3052	3052	269.667	0.0883575	0.0883575
744	515	515	63.0716	0.122469	0.122469
745	1128	1128	0	0	0
746	760	760	86.4292	0.113723	0.113723
747	1967	1967	415.597	0.211285	0.211285
748	608	608	105.738	0.173911	0.173911
749	1518	1518	105.738	0.0696561	0.0696561
750	645	645	11.0335	0.0171062	0.0171062
751	710	710	297.948	0.419645	0.419645
752	383	383	50.5703	0.132037	0.132037
753	1165	1165	148.912	0.127822	0.127822
754	832	832	0	0	0
755	800	800	270.351	0.337939	0.337939
756	837	837	77.2346	0.0922756	0.0922756
757	1028	1028	47.7727	0.0464715	0.0464715
758	823	823	411.927	0.500519	0.500519
759	836	836	0	0	0
760	1408	1408	0	0	0
761	650	650	93.0836	0.143206	0.143206
762	530	530	0	0	0
763	1902	1902	105.738	0.055593	0.055593
764	920	920	0	0	0
765	664	664	584.357	0.880056	0.880056
766	1040	1040	105.738	0.101671	0.101671
767	1503	1503	896.769	0.596652	0.596652
768	1128	1128	105.738	0.0937393	0.0937393
769	1933	1933	131.972	0.068273	0.068273
770	1091	1091	179.295	0.16434	0.16434
771	1833	1833	292.287	0.159458	0.159458
772	1204	1204	240.381	0.199652	0.199652
773	723	723	6.49914	0.00898913	0.00898913
774	1706	1706	400.886	0.234986	0.234986
775	682	682	293.723	0.430679	0.430679
776	459	459	211.476	0.460732	0.460732
777	905	905	101.754	0.112435	0.112435
778	359	359	0	0	0
779	1620	1620	203.201	0.125433	0.125433
780	1932	1932	105.738	0.0547298	0.0547298
781	1385	1385	292.004	0.210833	0.210833
782	319	319	316.295	0.991522	0.991522
783	540	540	0	0	0
784	1438	1438	0	0	0
785	673	673	18.0437	0.0268109	0.0268109
786	2330	2330	284.612	0.122151	0.122151
787	2003	2003	475.075	0.237182	0.237182
788	3412	3412	910.661	0.2669	0.2669
789	4357	4357	936.188	0.21487	0.21487
790	3151	3151	519.687	0.164928	0.164928
791	1380	1380	127.365	0.0922937	0.0922937
792	1406	1406	105.738	0.0752048	0.0752048
793	1153	1153	105.738	0.0917068	0.0917068
794	808	808	205.587	0.254439	0.254439
795	635	635	155.562	0.24498	0.24498
796	568	568	97.8212	0.17222	0.17222
797	762	762	555.954	0.729598	0.729598
798	41362	41362	0	0	0
799	1277	1277	348.674	0.273041	0.273041
800	1245	1245	652.819	0.524353	0.524353
801	407	407	0	0	0
802	1142	1142	0	0	0
803	1252	1252	0	0	0
804	1035	1035	8.27514	0.0079953	0.0079953
805	1450	1450	373.872	0.257843	0.257843
806	579	579	125.966	0.217558	0.217558
807	837	837	0	0	0
808	371	371	0	0	0
809	728	728	105.738	0.145244	0.145244
810	613	613	199.266	0.325067	0.325067
811	1212	1212	185.669	0.153193	0.153193
812	726	726	10.7774	0.0148448	0.0148448
813	594	594	0	0	0
814	660	660	0	0	0
815	759	759	0	0	0
816	2223	2223	119.821	0.0539006	0.0539006
817	665	665	0	0	0
818	631	631	209.624	0.33221	0.33221
819	359	359	0	0	0
820	909	909	377.682	0.415492	0.415492
821	652	652	141.791	0.217471	0.217471
822	2069	2069	30.807	0.0148898	0.0148898
823	1359	1359	116.557	0.0857665	0.0857665
824	650	650	221.59	0.340907	0.340907
825	458	458	0	0	0
826	601	601	105.738	0.175937	0.175937
827	1052	1052	3.9609	0.00376511	0.00376511
828	1711	1711	422.952	0.247196	0.247196
829	776	776	0	0	0
830	1186	1186	126.681	0.106814	0.106814
831	3310	3310	564.441	0.170526	0.170526
832	1879	1879	129.693	0.0690224	0.0690224
833	1310	1310	267.36	0.204092	0.204092
834	736	736	0	0	0
835	634	634	111.255	0.175481	0.175481
836	1087	1087	36.7786	0.0338349	0.0338349
837	2129	2129	664.771	0.312246	0.312246
838	725	725	235.244	0.324474	0.324474
839	2546	2546	178.4	0.0700707	0.0700707
840	3199	3199	211.476	0.0661068	0.0661068
841	1036	1036	0	0	0
842	380	380	0	0	0
843	659	659	200.442	0.304162	0.304162
844	1612	1612	105.738	0.0655942	0.0655942
845	324	324	84.5903	0.261081	0.261081
846	1727	1727	0	0	0
847	1286	1286	7.7014	0.00598865	0.00598865
848	727	727	835.206	1.14884	1.14884
849	492	492	211.477	0.429831	0.429831
850	640	640	164.037	0.256308	0.256308
851	1642	1642	16.8333	0.0102517	0.0102517
852	803	803	37.4085	0.0465859	0.0465859
853	2823	2823	101.511	0.0359587	0.0359587
854	2706	2706	607.663	0.224561	0.224561
855	1017	1017	225.194	0.22143	0.22143
856	429	429	52.5058	0.122391	0.122391
857	1938	1938	0	0	0
858	1119	1119	0	0	0
859	884	884	0	0	0
860	1491	1491	165.937	0.111292	0.111292
861	1082	1082	317.215	0.293175	0.293175
862	1045	1045	347.542	0.332576	0.332576
863	971	971	99.8071	0.102788	0.102788
864	2154	2154	282.771	0.131277	0.131277
865	915	915	86.0841	0.094081	0.094081
866	1794	1794	46.2688	0.0257908	0.0257908
867	802	802	32.959	0.041096	0.041096
868	2769	2769	0	0	0
869	5965	5965	317.214	0.0531792	0.0531792
870	11190	11190	317.214	0.028348	0.028348
871	669	669	211.476	0.316107	0.316107
872	7457	7457	3458.47	0.463788	0.463788
873	1218	1218	323.097	0.265268	0.265268
874	13684	13684	4646.49	0.339556	0.339556
875	1558	1558	0	0	0
876	7188	7188	0	0	0
877	4357	4357	0	0	0
878	8394	8394	0	0	0
879	804	804	0	0	0
880	1015	1015	0	0	0
881	2507	2507	302.503	0.120663	0.120663
882	596	596	0	0	0
883	16274	16274	1426.4	0.087649	0.087649
884	20877	20877	0	0	0
885	1057	1057	0	0	0
886	475	475	0	0	0
887	1860	1860	0	0	0
888	2564	2564	0	0	0
889	3118	3118	0	0	0
890	896	896	0	0	0
891	505	505	155.686	0.308288	0.308288
892	986	986	104.163	0.105641	0.105641
893	1231	1231	105.738	0.0858959	0.0858959
894	893	893	0	0	0
895	953	953	0	0	0
896	2458	2458	390.438	0.158844	0.158844
897	621	621	0	0	0
898	1815	1815	276.748	0.152478	0.152478
899	2826	2826	377.362	0.133532	0.133532
900	1070	1070	105.738	0.0988205	0.0988205
901	6372	6372	844.762	0.132574	0.132574
902	2921	2921	0	0	0
903	11326	11326	934.821	0.0825376	0.0825376
904	460	460	211.476	0.45973	0.45973
905	1778	1778	493.238	0.277412	0.277412
906	1430	1430	105.738	0.0739426	0.0739426
907	492	492	0	0	0
908	1120	1120	177.495	0.158477	0.158477
909	1636	1636	540.74	0.330526	0.330526
910	568	568	28.6951	0.0505196	0.0505196
911	1266	1266	386.679	0.305434	0.305434
912	1659	1659	356.641	0.214973	0.214973
913	2503	2503	422.953	0.168978	0.168978
914	1051	1051	145.275	0.138225	0.138225
915	3861	3861	679.089	0.175884	0.175884
916	710	710	0	0	0
917	1636	1636	275.839	0.168606	0.168606
918	1574	1574	159.836	0.101548	0.101548
919	1150	1150	70.9739	0.0617164	0.0617164
920	1440	1440	162.989	0.113187	0.113187
921	1892	1892	422.952	0.223547	0.223547
922	1217	1217	0	0	0
923	706	706	272.138	0.385464	0.385464
924	1020	1020	74.5795	0.0731172	0.0731172
925	4705	4705	160.664	0.0341474	0.0341474
926	589	589	105.738	0.179521	0.179521
927	1708	1708	236.22	0.138302	0.138302
928	2467	2467	0	0	0
929	1167	1167	1.10022	0.000942776	0.000942776
930	943	943	291.469	0.309087	0.309087
931	604	604	0	0	0
932	1334	1334	0	0	0
933	773	773	0	0	0
934	2031	2031	0	0	0
935	1556	1556	178.753	0.11488	0.11488
936	1105	1105	105.738	0.0956904	0.0956904
937	1702	1702	2260.56	1.32818	1.32818
938	887	887	284.898	0.321193	0.321193
939	1207	1207	0	0	0
940	1947	1947	84.2864	0.0432904	0.0432904
941	878	878	122.902	0.139979	0.139979
942	1083	1083	57.5024	0.0530954	0.0530954
943	3513	3513	143.436	0.04083	0.04083
944	840	840	211.477	0.251758	0.251758
945	898	898	411.919	0.458708	0.458708
946	950	950	77.2346	0.0812996	0.0812996
947	1229	1229	160.303	0.130434	0.130434
948	766	766	335.709	0.438262	0.438262
949	2062	2062	219.857	0.106623	0.106623
950	834	834	603.612	0.723755	0.723755
951	488	488	226.96	0.465081	0.465081
952	939	939	0	0	0
953	1089	1089	201.803	0.185311	0.185311
954	1685	1685	301.109	0.1787	0.1787
955	468	468	0	0	0
956	451	451	11.953	0.0265033	0.0265033
957	657	657	105.738	0.16094	0.16094
958	1099	1099	118.61	0.107926	0.107926
959	1221	1221	137	0.112203	0.112203
960	2318	2318	947.046	0.408562	0.408562
961	2095	2095	105.738	0.0504716	0.0504716
962	564	564	139.758	0.247798	0.247798
963	756	756	58.8457	0.0778383	0.0778383
964	589	589	100.009	0.169794	0.169794
965	1514	1514	94.4268	0.0623691	0.0623691
966	1096	1096	0	0	0
967	1727	1727	379.938	0.219999	0.219999
968	1549	1549	147.114	0.0949733	0.0949733
969	853	853	187	0.219226	0.219226
970	680	680	178.403	0.262358	0.262358
971	619	619	0	0	0
972	832	832	0	0	0
973	812	812	53.6448	0.066065	0.066065
974	1074	1074	14.0826	0.0131123	0.0131123
975	1032	1032	45.973	0.0445475	0.0445475
976	949	949	97.7313	0.102983	0.102983
977	611	611	153.55	0.251309	0.251309
978	1840	1840	11.0025	0.00597962	0.00597962
979	1381	1381	385.083	0.278844	0.278844
980	831	831	125.966	0.151584	0.151584
981	1682	1682	79.18	0.0470749	0.0470749
982	1457	1457	0	0	0
983	895	895	0	0	0
984	501	501	105.738	0.211054	0.211054
985	329	329	93.7849	0.285061	0.285061
986	1252	1252	314.222	0.250976	0.250976
987	1541	1541	0	0	0
988	1287	1287	211.275	0.164161	0.164161
989	1964	1964	54.0169	0.0275035	0.0275035
990	971	971	84.5929	0.0871194	0.0871194
991	1047	1047	105.738	0.100991	0.100991
992	900	900	266.644	0.296271	0.296271
993	1063	1063	694.628	0.65346	0.65346
994	548	548	102.541	0.187119	0.187119
995	643	643	184.031	0.286206	0.286206
996	526	526	0	0	0
997	530	530	55.6507	0.105001	0.105001
998	754	754	117.664	0.156053	0.156053
999	879	879	110.418	0.125617	0.125617
1000	646	646	486.229	0.752677	0.752677
1001	822	822	81.9346	0.0996772	0.0996772
1002	2539	2539	513.553	0.202266	0.202266
1003	505	505	0	0	0
1004	3841	3841	709.258	0.184654	0.184654
1005	545	545	0	0	0
1006	15062	15062	6502.16	0.431693	0.431693
1007	6641	6641	1523.35	0.229385	0.229385
1008	663	663	275.871	0.416095	0.416095
1009	5213	5213	1184.91	0.227299	0.227299
1010	990	990	0	0	0
1011	676	676	0	0	0
1012	1366	1366	311.446	0.227999	0.227999
1013	1888	1888	0	0	0
1014	727	727	152.317	0.209514	0.209514
1015	734	734	24.4893	0.0333641	0.0333641
1016	1114	1114	0	0	0
1017	532	532	56.767	0.106705	0.106705
1018	1599	1599	369.148	0.230862	0.230862
1019	605	605	309.513	0.511592	0.511592
1020	583	583	507.081	0.869779	0.869779
1021	919	919	306.189	0.333176	0.333176
1022	646	646	0	0	0
1023	684	684	105.738	0.154588	0.154588
1024	456	456	114.933	0.252046	0.252046
1025	1542	1542	211.477	0.137144	0.137144
1026	1261	1261	105.738	0.0838524	0.0838524
1027	1262	1262	92.4638	0.0732677	0.0732677
1028	1496	1496	211.476	0.141361	0.141361
1029	935	935	84.9416	0.0908467	0.0908467
1030	620	620	39.3631	0.0634889	0.0634889
1031	1117	1117	123.671	0.110717	0.110717
1032	300	300	0	0	0
1033	1598	1598	105.738	0.0661689	0.0661689
1034	616	616	105.738	0.171652	0.171652
1035	712	712	0	0	0
1036	832	832	0	0	0
1037	1091	1091	241.135	0.221022	0.221022
1038	1505	1505	468.386	0.31122	0.31122
1039	3289	3289	1001.75	0.304577	0.304577
1040	802	802	57.3225	0.0714745	0.0714745
1041	1230	1230	214.234	0.174174	0.174174
1042	5385	5385	1864.75	0.346285	0.346285
1043	4530	4530	1541.12	0.340203	0.340203
1044	56634	56634	28930	0.510824	0.510824
1045	30431	30431	12818.4	0.421227	0.421227
1046	1317	1317	231.015	0.17541	0.17541
1047	1295	1295	911.35	0.703745	0.703745
1048	885	885	335.27	0.378836	0.378836
1049	1754	1754	600.779	0.342519	0.342519
1050	1224	1224	156.552	0.127902	0.127902
1051	2060	2060	439.814	0.213502	0.213502
1052	1760	1760	380.922	0.216433	0.216433
1053	2547	2547	460.567	0.180827	0.180827
1054	1677	1677	847.785	0.505537	0.505537
1055	943	943	0	0	0
1056	636	636	0	0	0
1057	968	968	211.476	0.218467	0.218467
1058	1035	1035	0	0	0
1059	960	960	6.43622	0.0067044	0.0067044
1060	695	695	144.057	0.207276	0.207276
1061	651	651	210.682	0.323629	0.323629
1062	2642	2642	269.402	0.101969	0.101969
1063	805	805	211.571	0.262821	0.262821
1064	578	578	9.1946	0.0159076	0.0159076
1065	1883	1883	274.919	0.146001	0.146001
1066	1166	1166	634.429	0.544107	0.544107
1067	1611	1611	224.348	0.13926	0.13926
1068	1021	1021	105.738	0.103563	0.103563
1069	1395	1395	47.9686	0.0343861	0.0343861
1070	945	945	384.512	0.406891	0.406891
1071	731	731	0	0	0
1072	1113	1113	86.9026	0.0780796	0.0780796
1073	689	689	0	0	0
1074	762	762	0	0	0
1075	874	874	0	0	0
1076	1497	1497	131.665	0.0879525	0.0879525
1077	642	642	105.738	0.164701	0.164701
1078	484	484	0	0	0
1079	631	631	0	0	0
1080	2447	2447	0	0	0
1081	488	488	7.0416	0.0144295	0.0144295
1082	636	636	62.5955	0.0984206	0.0984206
1083	490	490	226.028	0.461282	0.461282
1084	1411	1411	105.738	0.0749383	0.0749383
1085	2296	2296	317.214	0.138159	0.138159
1086	839	839	0	0	0
1087	1493	1493	0	0	0
1088	4452	4452	0	0	0
1089	2218	2218	0	0	0
1090	3895	3895	105.738	0.0271471	0.0271471
1091	2040	2040	192.167	0.0941996	0.0941996
1092	2568	2568	496.094	0.193183	0.193183
1093	2351	2351	211.476	0.0899514	0.0899514
1094	3184	3184	105.738	0.0332091	0.0332091
1095	1619	1619	0	0	0
1096	2437	2437	0	0	0
1097	4354	4354	0	0	0
1098	1645	1645	0	0	0
1099	4145	4145	0	0	0
1100	1662	1662	0	0	0
1101	1320	1320	0	0	0
1102	841	841	101.141	0.120262	0.120262
1103	878	878	0	0	0
1104	1482	1482	0	0	0
1105	355	355	46.8925	0.132091	0.132091
1106	642	642	123.782	0.192807	0.192807
1107	470	470	0	0	0
1108	1719	1719	165.864	0.0964889	0.0964889
1109	505	505	92.8963	0.183953	0.183953
1110	831	831	317.214	0.381725	0.381725
1111	2211	2211	725.455	0.328112	0.328112
1112	701	701	86.6628	0.123627	0.123627
1113	816	816	405.867	0.497386	0.497386
1114	1360	1360	311.698	0.22919	0.22919
1115	786	786	0	0	0
1116	601	601	0	0	0
1117	994	994	272.161	0.273804	0.273804
1118	718	718	0	0	0
1119	535	535	97.6463	0.182516	0.182516
1120	443	443	105.738	0.238686	0.238686
1121	1165	1165	313.438	0.269046	0.269046
1122	1342	1342	3.74074	0.00278744	0.00278744
1123	1306	1306	152.421	0.116709	0.116709
1124	1000	1000	0	0	0
1125	609	609	1140.4	1.87258	1.87258
1126	1173	1173	530.783	0.452501	0.452501
1127	835	835	0	0	0
1128	1020	1020	67.4433	0.0661209	0.0661209
1129	588	588	113.026	0.192221	0.192221
1130	583	583	79.0032	0.135512	0.135512
1131	362	362	507.235	1.4012	1.4012
1132	1001	1001	382.497	0.382115	0.382115
1133	749	749	1623.86	2.16803	2.16803
1134	1058	1058	0	0	0
1135	2556	2556	197.653	0.077329	0.077329
1136	1017	1017	353.993	0.348076	0.348076
1137	941	941	317.215	0.337104	0.337104
1138	1455	1455	40.9293	0.0281301	0.0281301
1139	686	686	241.483	0.352015	0.352015
1140	608	608	0	0	0
1141	2882	2882	229.318	0.079569	0.079569
1142	499	499	65.2817	0.130825	0.130825
1143	1089	1089	375.701	0.344996	0.344996
1144	2306	2306	302.079	0.130997	0.130997
1145	1385	1385	164.309	0.118634	0.118634
1146	862	862	8.58156	0.00995541	0.00995541
1147	1213	1213	178.816	0.147417	0.147417
1148	681	681	211.477	0.310538	0.310538
1149	730	730	359.794	0.492869	0.492869
1150	416	416	92.3158	0.221913	0.221913
1151	741	741	12.3228	0.01663	0.01663
1152	1016	1016	0	0	0
1153	1974	1974	6.43622	0.0032605	0.0032605
1154	1975	1975	0	0	0
1155	1006	1006	103.868	0.103248	0.103248
1156	656	656	105.738	0.161186	0.161186
1157	1267	1267	108.496	0.0856324	0.0856324
1158	1095	1095	105.738	0.0965643	0.0965643
1159	1606	1606	63.4428	0.0395036	0.0395036
1160	1599	1599	0	0	0
1161	585	585	0	0	0
1162	661	661	267.563	0.404785	0.404785
1163	934	934	105.738	0.11321	0.11321
1164	869	869	0	0	0
1165	1069	1069	33.6584	0.0314859	0.0314859
1166	2557	2557	152.128	0.0594948	0.0594948
1167	1699	1699	180.214	0.106071	0.106071
1168	1017	1017	35.8589	0.0352595	0.0352595
1169	434	434	0	0	0
1170	667	667	355.634	0.533184	0.533184
1171	1913	1913	348.305	0.182073	0.182073
1172	638	638	315.777	0.494948	0.494948
1173	865	865	105.738	0.12224	0.12224
1174	797	797	1581.46	1.98426	1.98426
1175	664	664	0	0	0
1176	1069	1069	51.4898	0.0481663	0.0481663
1177	2258	2258	0	0	0
1178	751	751	293.442	0.390735	0.390735
1179	1473	1473	1160.76	0.788027	0.788027
1180	677	677	46.2081	0.0682542	0.0682542
1181	885	885	0	0	0
1182	1123	1123	422.491	0.376217	0.376217
1183	981	981	83.0277	0.0846358	0.0846358
1184	821	821	211.476	0.257583	0.257583
1185	1317	1317	43.4067	0.0329588	0.0329588
1186	701	701	0	0	0
1187	1270	1270	203.201	0.160001	0.160001
1188	691	691	105.738	0.153022	0.153022
1189	1054	1054	0	0	0
1190	1280	1280	125.966	0.098411	0.098411
1191	383	383	0	0	0
1192	745	745	192.168	0.257944	0.257944
1193	662	662	0	0	0
1194	722	722	85.1254	0.117902	0.117902
1195	1105	1105	248.666	0.225037	0.225037
1196	1426	1426	211.476	0.1483	0.1483
1197	970	970	105.738	0.109008	0.109008
1198	540	540	0	0	0
1199	512	512	1.7604	0.00343828	0.00343828
1200	1683	1683	4.401	0.00261497	0.00261497
1201	796	796	62.657	0.0787148	0.0787148
1202	648	648	105.738	0.163176	0.163176
1203	1113	1113	0	0	0
1204	1292	1292	105.738	0.0818405	0.0818405
1205	1179	1179	286.535	0.243033	0.243033
1206	3378	3378	211.476	0.0626038	0.0626038
1207	983	983	0	0	0
1208	1035	1035	105.738	0.102162	0.102162
1209	1433	1433	141.597	0.0988115	0.0988115
1210	662	662	167.697	0.253319	0.253319
1211	2424	2424	438.584	0.180934	0.180934
1212	675	675	105.171	0.155809	0.155809
1213	552	552	104.904	0.190043	0.190043
1214	879	879	317.214	0.36088	0.36088
1215	850	850	0	0	0
1216	851	851	194.784	0.228889	0.228889
1217	893	893	73.7519	0.082589	0.082589
1218	649	649	361.42	0.556888	0.556888
1219	1218	1218	0	0	0
1220	944	944	118.077	0.125082	0.125082
1221	2003	2003	19.8041	0.00988721	0.00988721
1222	1335	1335	145.26	0.108809	0.108809
1223	971	971	0	0	0
1224	1262	1262	0	0	0
1225	915	915	0	0	0
1226	677	677	0	0	0
1227	886	886	231.825	0.261653	0.261653
1228	2086	2086	211.476	0.101379	0.101379
1229	850	850	32.1811	0.0378601	0.0378601
1230	2157	2157	129.106	0.0598542	0.0598542
1231	2338	2338	53.8948	0.0230517	0.0230517
1232	1672	1672	199.626	0.119393	0.119393
1233	2463	2463	157.438	0.0639211	0.0639211
1234	946	946	105.738	0.111774	0.111774
1235	1462	1462	86.3295	0.0590489	0.0590489
1236	627	627	0	0	0
1237	1168	1168	98.3822	0.0842314	0.0842314
1238	640	640	0	0	0
1239	408	408	0	0	0
1240	681	681	278.465	0.408906	0.408906
1241	4498	4498	496.321	0.110343	0.110343
1242	1049	1049	105.738	0.100799	0.100799
1243	1033	1033	88.8672	0.0860283	0.0860283
1244	1575	1575	211.476	0.13427	0.13427
1245	786	786	4.401	0.00559924	0.00559924
1246	679	679	0	0	0
1247	1964	1964	183.083	0.0932197	0.0932197
1248	772	772	83.6709	0.108382	0.108382
1249	432	432	0	0	0
1250	1457	1457	0	0	0
1251	3467	3467	317.214	0.0914952	0.0914952
1252	892	892	109.405	0.122652	0.122652
1253	1126	1126	117.691	0.104521	0.104521
1254	1262	1262	327.058	0.259158	0.259158
1255	641	641	79.708	0.12435	0.12435
1256	57302	57302	7270.54	0.126881	0.126881
1257	2872	2872	794.598	0.276671	0.276671
1258	4786	4786	924.309	0.193128	0.193128
1259	507	507	0	0	0
1260	4550	4550	753.308	0.165562	0.165562
1261	7117	7117	1632.98	0.229447	0.229447
1262	13949	13949	3538.34	0.253662	0.253662
1263	774	774	0	0	0
1264	1041	1041	797.319	0.765916	0.765916
1265	1830	1830	105.738	0.0577803	0.0577803
1266	1058	1058	0	0	0
1267	1923	1923	105.738	0.0549859	0.0549859
1268	839	839	175.617	0.209317	0.209317
1269	1469	1469	192.372	0.130954	0.130954
1270	3122	3122	406.402	0.130174	0.130174
1271	2441	2441	422.953	0.173271	0.173271
1272	480	480	0	0	0
1273	4055	4055	947.277	0.233607	0.233607
1274	982	982	186.07	0.18948	0.18948
1275	829	829	0	0	0
1276	2466	2466	1226.48	0.497358	0.497358
1277	614	614	105.738	0.172212	0.172212
1278	3562	3562	325.489	0.0913781	0.0913781
1279	878	878	211.476	0.240861	0.240861
1280	938	938	105.738	0.112727	0.112727
1281	980	980	0	0	0
1282	505	505	52.6095	0.104177	0.104177
1283	1583	1583	10.1141	0.00638917	0.00638917
1284	922	922	1192.26	1.29313	1.29313
1285	469	469	0	0	0
1286	709	709	89.1876	0.125794	0.125794
1287	1170	1170	80.0069	0.0683819	0.0683819
1288	770	770	94.0001	0.122078	0.122078
1289	983	983	89.8161	0.0913694	0.0913694
1290	469	469	0	0	0
1291	1252	1252	0	0	0
1292	1429	1429	354.912	0.248364	0.248364
1293	686	686	302.269	0.440625	0.440625
1294	444	444	249.175	0.561205	0.561205
1295	600	600	0	0	0
1296	481	481	0	0	0
1297	457	457	0	0	0
1298	702	702	168.262	0.239689	0.239689
1299	586	586	0	0	0
1300	711	711	55.8845	0.0785998	0.0785998
1301	835	835	186.651	0.223534	0.223534
1302	1760	1760	211.476	0.120157	0.120157
1303	1942	1942	2550.59	1.31338	1.31338
1304	1535	1535	0	0	0
1305	710	710	105.738	0.148927	0.148927
1306	912	912	211.367	0.231762	0.231762
1307	930	930	93.5033	0.100541	0.100541
1308	972	972	166.351	0.171143	0.171143
1309	604	604	0	0	0
1310	332	332	23.9851	0.0722442	0.0722442
1311	1381	1381	0	0	0
1312	866	866	317.214	0.366298	0.366298
1313	561	561	52.4092	0.0934211	0.0934211
1314	1071	1071	170.1	0.158824	0.158824
1315	868	868	64.3622	0.07415	0.07415
1316	1916	1916	50.9711	0.0266029	0.0266029
1317	1059	1059	0	0	0
1318	1423	1423	111.459	0.0783269	0.0783269
1319	367	367	0	0	0
1320	2573	2573	211.103	0.0820455	0.0820455
1321	2804	2804	52.8968	0.0188648	0.0188648
1322	979	979	131.743	0.134569	0.134569
1323	1558	1558	177.529	0.113947	0.113947
1324	1426	1426	153.699	0.107784	0.107784
1325	1201	1201	269.578	0.224461	0.224461
1326	957	957	446.025	0.466066	0.466066
1327	872	872	557.731	0.639599	0.639599
1328	1710	1710	292.389	0.170988	0.170988
1329	823	823	39.5368	0.0480398	0.0480398
1330	519	519	239.258	0.460998	0.460998
1331	1692	1692	211.476	0.124986	0.124986
1332	569	569	121.237	0.21307	0.21307
1333	977	977	0	0	0
1334	770	770	30.3422	0.0394054	0.0394054
1335	712	712	105.738	0.148508	0.148508
1336	1006	1006	207.448	0.20621	0.20621
1337	667	667	0	0	0
1338	2593	2593	160.185	0.0617759	0.0617759
1339	793	793	24.6002	0.0310217	0.0310217
1340	1362	1362	97.4628	0.0715586	0.0715586
1341	1637	1637	91.3571	0.0558076	0.0558076
1342	983	983	186.07	0.189288	0.189288
1343	1357	1357	211.476	0.155841	0.155841
1344	2678	2678	335.604	0.125319	0.125319
1345	1325	1325	194.407	0.146722	0.146722
1346	1425	1425	167.236	0.117359	0.117359
1347	1914	1914	0	0	0
1348	813	813	105.738	0.130059	0.130059
1349	1478	1478	114.166	0.0772434	0.0772434
1350	579	579	0	0	0
1351	586	586	35.8589	0.0611927	0.0611927
1352	514	514	128.725	0.250437	0.250437
1353	426	426	0	0	0
1354	1253	1253	461.474	0.368295	0.368295
1355	1637	1637	91.4136	0.0558421	0.0558421
1356	27839	27839	0	0	0
1357	410	410	99.1923	0.241932	0.241932
1358	2154	2154	99.3821	0.0461384	0.0461384
1359	750	750	1185.26	1.58035	1.58035
1360	622	622	142.517	0.229127	0.229127
1361	1467	1467	116.772	0.0795991	0.0795991
1362	1094	1094	0	0	0
1363	1617	1617	115.649	0.0715205	0.0715205
1364	770	770	0	0	0
1365	565	565	105.68	0.187043	0.187043
1366	1087	1087	87.8547	0.0808231	0.0808231
1367	3365	3365	477.882	0.142015	0.142015
1368	1111	1111	422.953	0.380696	0.380696
1369	853	853	0	0	0
1370	1329	1329	124.546	0.0937143	0.0937143
1371	696	696	105.738	0.151922	0.151922
1372	867	867	0	0	0
1373	2151	2151	105.738	0.0491576	0.0491576
1374	1543	1543	263.73	0.170921	0.170921
1375	1199	1199	380.29	0.317173	0.317173
1376	665	665	0	0	0
1377	797	797	84.5659	0.106105	0.106105
1378	1095	1095	0	0	0
1379	1112	1112	69.7219	0.0626996	0.0626996
1380	1540	1540	365.026	0.23703	0.23703
1381	1467	1467	317.214	0.216233	0.216233
1382	890	890	0	0	0
1383	585	585	0	0	0
1384	674	674	0	0	0
1385	1066	1066	0	0	0
1386	665	665	211.476	0.31801	0.31801
1387	614	614	71.7344	0.116831	0.116831
1388	497	497	0	0	0
1389	1251	1251	212.201	0.169625	0.169625
1390	401	401	38.2642	0.0954218	0.0954218
1391	793	793	0	0	0
1392	281	281	118.61	0.422101	0.422101
1393	4809	4809	340.729	0.0708524	0.0708524
1394	2028	2028	816.249	0.40249	0.40249
1395	1771	1771	0	0	0
1396	1752	1752	0	0	0
1397	2050	2050	90.3984	0.0440968	0.0440968
1398	633	633	174.565	0.275774	0.275774
1399	2203	2203	490.072	0.222457	0.222457
1400	1167	1167	123.011	0.105408	0.105408
1401	2160	2160	302.424	0.140011	0.140011
1402	1292	1292	290.55	0.224884	0.224884
1403	1574	1574	1.7604	0.00111842	0.00111842
1404	919	919	13.7919	0.0150075	0.0150075
1405	3144	3144	256.412	0.0815561	0.0815561
1406	936	936	538.065	0.574856	0.574856
1407	1486	1486	105.738	0.0711561	0.0711561
1408	752	752	0	0	0
1409	645	645	168.93	0.261908	0.261908
1410	1113	1113	95.6665	0.0859537	0.0859537
1411	1325	1325	214.558	0.161931	0.161931
1412	1234	1234	25.282	0.0204878	0.0204878
1413	2007	2007	593.973	0.29595	0.29595
1414	881	881	394.772	0.448095	0.448095
1415	1425	1425	84.1156	0.0590285	0.0590285
1416	362	362	0	0	0
1417	771	771	0	0	0
1418	649	649	105.738	0.162924	0.162924
1419	927	927	211.477	0.22813	0.22813
1420	1012	1012	211.477	0.208969	0.208969
1421	803	803	113.64	0.141519	0.141519
1422	2578	2578	398.984	0.154765	0.154765
1423	3847	3847	422.953	0.109944	0.109944
1424	1124	1124	173.462	0.154326	0.154326
1425	1237	1237	94.1426	0.0761056	0.0761056
1426	3657	3657	1437.19	0.392997	0.392997
1427	1627	1627	196.257	0.120625	0.120625
1428	817	817	102.314	0.125231	0.125231
1429	1553	1553	0	0	0
1430	1475	1475	0	0	0
1431	1091	1091	0	0	0
1432	521	521	0	0	0
1433	1123	1123	0	0	0
1434	790	790	0	0	0
1435	450	450	0	0	0
1436	371	371	317.215	0.855027	0.855027
1437	994	994	159.986	0.160952	0.160952
1438	1351	1351	238.141	0.17627	0.17627
1439	2247	2247	0	0	0
1440	1107	1107	324.79	0.293397	0.293397
1441	641	641	0	0	0
1442	2088	2088	931.33	0.446039	0.446039
1443	768	768	98.4926	0.128246	0.128246
1444	561	561	0	0	0
1445	645	645	0	0	0
1446	1231	1231	38.6173	0.0313707	0.0313707
1447	1630	1630	105.738	0.0648699	0.0648699
1448	1384	1384	0	0	0
1449	5662	5662	211.476	0.03735	0.03735
1450	966	966	0	0	0
1451	1409	1409	0	0	0
1452	710	710	119.472	0.16827	0.16827
1453	665	665	772.35	1.16143	1.16143
1454	1136	1136	218.721	0.192536	0.192536
1455	1057	1057	143.341	0.135611	0.135611
1456	385	385	194.663	0.505617	0.505617
1457	1865	1865	512.345	0.274716	0.274716
1458	874	874	0	0	0
1459	2917	2917	0	0	0
1460	1606	1606	99.9376	0.0622276	0.0622276
1461	488	488	0	0	0
1462	1063	1063	130.563	0.122825	0.122825
1463	1235	1235	194.706	0.157657	0.157657
1464	1061	1061	175.833	0.165724	0.165724
1465	1073	1073	9.1946	0.00856906	0.00856906
1466	1665	1665	12.5424	0.00753296	0.00753296
1467	1628	1628	0	0	0
1468	1598	1598	110.331	0.0690431	0.0690431
1469	312	312	0	0	0
1470	2442	2442	56.0872	0.0229677	0.0229677
1471	548	548	10.5624	0.0192745	0.0192745
1472	509	509	57.4006	0.112771	0.112771
1473	1946	1946	272.161	0.139857	0.139857
1474	1645	1645	51.4898	0.0313008	0.0313008
1475	1803	1803	105.738	0.0586455	0.0586455
1476	1020	1020	105.738	0.103665	0.103665
1477	929	929	158.148	0.170234	0.170234
1478	926	926	105.738	0.114188	0.114188
1479	1980	1980	0	0	0
1480	1098	1098	92.8655	0.0845769	0.0845769
1481	983	983	462.232	0.470225	0.470225
1482	878	878	105.738	0.12043	0.12043
1483	786	786	283.519	0.360711	0.360711
1484	396	396	0	0	0
1485	699	699	0	0	0
1486	608	608	0	0	0
1487	1152	1152	57.4321	0.0498542	0.0498542
1488	1318	1318	140.653	0.106717	0.106717
1489	1021	1021	44.2663	0.0433559	0.0433559
1490	1175	1175	0	0	0
1491	1150	1150	411	0.357391	0.357391
1492	1179	1179	53.3287	0.0452321	0.0452321
1493	1059	1059	75.4761	0.0712711	0.0712711
1494	1595	1595	126.344	0.0792123	0.0792123
1495	1003	1003	195.823	0.195237	0.195237
1496	523	523	7.63874	0.0146056	0.0146056
1497	1433	1433	0	0	0
1498	601	601	0	0	0
1499	771	771	0	0	0
1500	2798	2798	105.738	0.0377905	0.0377905
1501	418	418	0	0	0
1502	1180	1180	208.717	0.176879	0.176879
1503	1174	1174	90.2056	0.0768361	0.0768361
1504	858	858	289.224	0.337091	0.337091
1505	610	610	0	0	0
1506	1136	1136	123.768	0.108951	0.108951
1507	583	583	0	0	0
1508	838	838	0	0	0
1509	1465	1465	237.482	0.162104	0.162104
1510	1001	1001	0	0	0
1511	1173	1173	38.8157	0.033091	0.033091
1512	1315	1315	497.43	0.378273	0.378273
1513	1008	1008	55.4972	0.0550568	0.0550568
1514	1382	1382	0.22004	0.000159219	0.000159219
1515	1143	1143	0	0	0
1516	1607	1607	211.477	0.131597	0.131597
1517	4524	4524	1366.39	0.302032	0.302032
1518	881	881	124.082	0.140842	0.140842
1519	1204	1204	403.934	0.335494	0.335494
1520	747	747	63.7504	0.0853419	0.0853419
1521	618	618	0	0	0
1522	523	523	53.3844	0.102073	0.102073
1523	1158	1158	317.214	0.273932	0.273932
1524	1137	1137	105.738	0.0929973	0.0929973
1525	957	957	0	0	0
1526	769	769	0	0	0
1527	737	737	420.258	0.570229	0.570229
1528	1152	1152	476.062	0.413248	0.413248
1529	758	758	0	0	0
1530	700	700	61.3537	0.0876482	0.0876482
1531	616	616	105.738	0.171652	0.171652
1532	1266	1266	105.738	0.0835212	0.0835212
1533	1392	1392	0	0	0
1534	1023	1023	129.559	0.126646	0.126646
1535	800	800	4.5973	0.00574662	0.00574662
1536	557	557	0	0	0
1537	599	599	4.401	0.00734725	0.00734725
1538	1524	1524	229.46	0.150564	0.150564
1539	966	966	94.6235	0.0979539	0.0979539
1540	417	417	620.985	1.48917	1.48917
1541	1470	1470	279.64	0.190232	0.190232
1542	1260	1260	105.738	0.083919	0.083919
1543	1023	1023	188.946	0.184698	0.184698
1544	1623	1623	105.738	0.0651497	0.0651497
1545	846	846	181.276	0.214274	0.214274
1546	1109	1109	148.953	0.134313	0.134313
1547	1159	1159	68.3478	0.0589714	0.0589714
1548	736	736	166.422	0.226117	0.226117
1549	634	634	0	0	0
1550	823	823	211.476	0.256957	0.256957
1551	829	829	128.724	0.155277	0.155277
1552	826	826	105.738	0.128012	0.128012
1553	1105	1105	117.472	0.106309	0.106309
1554	746	746	170.708	0.228831	0.228831
1555	1041	1041	105.738	0.101573	0.101573
1556	1212	1212	0	0	0
1557	809	809	293.308	0.362556	0.362556
1558	872	872	94.7044	0.108606	0.108606
1559	1383	1383	159.801	0.115547	0.115547
1560	1151	1151	207.721	0.18047	0.18047
1561	764	764	60.6844	0.0794298	0.0794298
1562	921	921	178.401	0.193703	0.193703
1563	1038	1038	0	0	0
1564	439	439	0	0	0
1565	1660	1660	0	0	0
1566	783	783	54.839	0.070037	0.070037
1567	1308	1308	105.738	0.0808394	0.0808394
1568	996	996	33.4609	0.0335952	0.0335952
1569	877	877	0	0	0
1570	896	896	136.718	0.152587	0.152587
1571	698	698	76.4969	0.109594	0.109594
1572	1166	1166	72.1827	0.0619063	0.0619063
1573	1253	1253	374.403	0.298805	0.298805
1574	2745	2745	105.738	0.0385202	0.0385202
1575	834	834	40.6604	0.0487535	0.0487535
1576	1808	1808	2123.82	1.17468	1.17468
1577	1375	1375	0	0	0
1578	915	915	376.656	0.411646	0.411646
1579	853	853	82.0157	0.0961497	0.0961497
1580	1392	1392	62.5445	0.0449314	0.0449314
1581	1693	1693	24.6456	0.0145574	0.0145574
1582	1698	1698	61.8476	0.0364238	0.0364238
1583	1735	1735	528.689	0.30472	0.30472
1584	1216	1216	0	0	0
1585	1975	1975	311.78	0.157863	0.157863
1586	598	598	84.1867	0.14078	0.14078
1587	446	446	0	0	0
1588	479	479	0	0	0
1589	804	804	84.4848	0.105081	0.105081
1590	1291	1291	211.476	0.163808	0.163808
1591	704	704	105.738	0.150196	0.150196
1592	1634	1634	422.952	0.258845	0.258845
1593	4099	4099	493.147	0.120309	0.120309
1594	1295	1295	144.949	0.11193	0.11193
1595	1563	1563	0	0	0
1596	2475	2475	154.47	0.0624121	0.0624121
1597	2754	2754	315.831	0.114681	0.114681
1598	802	802	165.897	0.206854	0.206854
1599	711	711	0	0	0
1600	1051	1051	0	0	0
1601	815	815	0	0	0
1602	1016	1016	0	0	0
1603	345	345	89.2417	0.258672	0.258672
1604	911	911	105.738	0.116068	0.116068
1605	1012	1012	0	0	0
1606	828	828	11.0335	0.0133255	0.0133255
1607	1387	1387	0	0	0
1608	811	811	105.738	0.13038	0.13038
1609	1068	1068	164.123	0.153674	0.153674
1610	1109	1109	433.481	0.390875	0.390875
1611	1068	1068	239.006	0.223788	0.223788
1612	822	822	37.7061	0.0458712	0.0458712
1613	718	718	178.301	0.24833	0.24833
1614	2725	2725	105.738	0.0388029	0.0388029
1615	1816	1816	0	0	0
1616	597	597	105.738	0.177115	0.177115
1617	1429	1429	81.5223	0.0570485	0.0570485
1618	2479	2479	349.395	0.140942	0.140942
1619	11055	11055	4060.82	0.367329	0.367329
1620	595	595	0	0	0
1621	803	803	181.134	0.225571	0.225571
1622	2415	2415	422.952	0.175135	0.175135
1623	3294	3294	477.878	0.145075	0.145075
1624	1575	1575	313.642	0.199138	0.199138
1625	725	725	0	0	0
1626	575	575	105.738	0.183892	0.183892
1627	2943	2943	805.411	0.27367	0.27367
1628	5342	5342	1586.91	0.297063	0.297063
1629	5860	5860	1665.98	0.284297	0.284297
1630	425	425	28.5033	0.0670665	0.0670665
1631	4135	4135	642.242	0.155319	0.155319
1632	465	465	0	0	0
1633	831	831	105.738	0.127242	0.127242
1634	3432	3432	105.738	0.0308094	0.0308094
1635	1222	1222	259.211	0.21212	0.21212
1636	1141	1141	259.53	0.227458	0.227458
1637	1916	1916	67.3332	0.0351426	0.0351426
1638	929	929	157.787	0.169847	0.169847
1639	481	481	76.971	0.160023	0.160023
1640	954	954	60.6844	0.0636104	0.0636104
1641	1620	1620	226.123	0.139582	0.139582
1642	782	782	105.738	0.135215	0.135215
1643	644	644	28.433	0.0441506	0.0441506
1644	1084	1084	168.891	0.155803	0.155803
1645	1077	1077	0	0	0
1646	548	548	0	0	0
1647	849	849	0	0	0
1648	2341	2341	55.2873	0.023617	0.023617
1649	834	834	0	0	0
1650	565	565	0	0	0
1651	644	644	102.35	0.158929	0.158929
1652	2469	2469	381.577	0.154547	0.154547
1653	1035	1035	105.738	0.102162	0.102162
1654	501	501	0	0	0
1655	468	468	105.738	0.225936	0.225936
1656	1096	1096	0	0	0
1657	960	960	105.738	0.110144	0.110144
1658	308	308	0	0	0
1659	681	681	0	0	0
1660	1031	1031	105.738	0.102559	0.102559
1661	640	640	169.333	0.264583	0.264583
1662	374	374	193.247	0.516703	0.516703
1663	1367	1367	211.476	0.154701	0.154701
1664	990	990	1.73928	0.00175685	0.00175685
1665	690	690	0	0	0
1666	1071	1071	57.6258	0.0538056	0.0538056
1667	789	789	65.977	0.0836211	0.0836211
1668	1120	1120	4.401	0.00392946	0.00392946
1669	995	995	0	0	0
1670	926	926	75.2944	0.0813115	0.0813115
1671	1387	1387	111.88	0.0806631	0.0806631
1672	2509	2509	105.738	0.0421436	0.0421436
1673	1290	1290	208.853	0.161901	0.161901
1674	587	587	0	0	0
1675	494	494	6.82154	0.0138088	0.0138088
1676	751	751	133.694	0.178021	0.178021
1677	678	678	0	0	0
1678	456	456	27.5346	0.060383	0.060383
1679	922	922	135.644	0.147119	0.147119
1680	1535	1535	379.996	0.247555	0.247555
1681	2153	2153	118.001	0.0548075	0.0548075
1682	1022	1022	0	0	0
1683	572	572	71.8346	0.125585	0.125585
1684	1150	1150	199.523	0.173498	0.173498
1685	1026	1026	16.7238	0.0163	0.0163
1686	773	773	150.525	0.194728	0.194728
1687	837	837	0	0	0
1688	906	906	97.1692	0.107251	0.107251
1689	587	587	225.684	0.384471	0.384471
1690	639	639	29.4227	0.0460449	0.0460449
1691	428	428	127.805	0.29861	0.29861
1692	4631	4631	105.738	0.0228326	0.0228326
1693	1311	1311	67.4109	0.0514194	0.0514194
1694	1068	1068	309.154	0.28947	0.28947
1695	969	969	217.151	0.224098	0.224098
1696	1155	1155	0	0	0
1697	1090	1090	0	0	0
1698	1447	1447	15.4034	0.0106451	0.0106451
1699	1578	1578	91.6815	0.0580998	0.0580998
1700	1838	1838	317.215	0.172587	0.172587
1701	991	991	76.5475	0.0772427	0.0772427
1702	764	764	128.514	0.168213	0.168213
1703	918	918	668.918	0.728669	0.728669
1704	1315	1315	125.322	0.0953021	0.0953021
1705	505	505	55.5783	0.110056	0.110056
1706	2140	2140	26.8455	0.0125446	0.0125446
1707	578	578	201.313	0.348292	0.348292
1708	366	366	0	0	0
1709	622	622	14.9634	0.0240569	0.0240569
1710	599	599	0	0	0
1711	1097	1097	0	0	0
1712	602	602	0	0	0
1713	1652	1652	0	0	0
1714	3963	3963	233.614	0.0589488	0.0589488
1715	1671	1671	0	0	0
1716	1580	1580	0	0	0
1717	2018	2018	470.115	0.232961	0.232961
1718	742	742	105.738	0.142504	0.142504
1719	1496	1496	386.042	0.258049	0.258049
1720	1023	1023	5.7213	0.00559267	0.00559267
1721	1116	1116	0	0	0
1722	766	766	233.543	0.304886	0.304886
1723	1156	1156	99.9856	0.0864927	0.0864927
1724	1771	1771	0	0	0
1725	1152	1152	90.1071	0.078218	0.078218
1726	1229	1229	33.2343	0.0270418	0.0270418
1727	1178	1178	0	0	0
1728	1132	1132	80.0182	0.0706874	0.0706874
1729	1073	1073	51.62	0.0481081	0.0481081
1730	1373	1373	191.383	0.139391	0.139391
1731	862	862	0	0	0
1732	605	605	118.714	0.196221	0.196221
1733	591	591	89.1876	0.15091	0.15091
1734	524	524	211.477	0.403581	0.403581
1735	1309	1309	161.001	0.122995	0.122995
1736	525	525	121.266	0.230983	0.230983
1737	987	987	207.566	0.2103	0.2103
1738	1938	1938	254.691	0.13142	0.13142
1739	2410	2410	140.506	0.0583012	0.0583012
1740	398	398	49.7231	0.124932	0.124932
1741	982	982	41.3694	0.0421277	0.0421277
1742	4772	4772	2075.93	0.435022	0.435022
1743	2471	2471	274.071	0.110915	0.110915
1744	8227	8227	0	0	0
1745	7889	7889	149.159	0.0189073	0.0189073
1746	6854	6854	0	0	0
1747	9747	9747	1055.28	0.108267	0.108267
1748	1179	1179	36.6296	0.0310684	0.0310684
1749	1787	1787	105.738	0.0591706	0.0591706
1750	2497	2497	882.684	0.353498	0.353498
1751	690	690	0	0	0
1752	1737	1737	0	0	0
1753	971	971	288.396	0.29701	0.29701
1754	774	774	195.714	0.25286	0.25286
1755	634	634	73.2262	0.115499	0.115499
1756	2250	2250	105.738	0.0469946	0.0469946
1757	1128	1128	104.623	0.0927506	0.0927506
1758	396	396	7.35568	0.0185749	0.0185749
1759	557	557	105.738	0.189835	0.189835
1760	935	935	382.223	0.408795	0.408795
1761	892	892	234.463	0.262851	0.262851
1762	1190	1190	265.922	0.223464	0.223464
1763	1452	1452	392.589	0.270378	0.270378
1764	951	951	0	0	0
1765	632	632	4.5973	0.00727421	0.00727421
1766	620	620	164.158	0.264771	0.264771
1767	1631	1631	645.461	0.395746	0.395746
1768	1154	1154	0	0	0
1769	716	716	0	0	0
1770	1648	1648	0	0	0
1771	4522	4522	112.403	0.0248569	0.0248569
1772	8724	8724	0	0	0
1773	11234	11234	0	0	0
1774	986	986	0	0	0
1775	9737	9737	0	0	0
1776	1607	1607	155.176	0.0965627	0.0965627
1777	717	717	0	0	0
1778	930	930	30.9588	0.033289	0.033289
1779	1110	1110	65.6621	0.0591551	0.0591551
1780	866	866	68.04	0.0785682	0.0785682
1781	400	400	46.8925	0.117231	0.117231
1782	836	836	0	0	0
1783	689	689	0	0	0
1784	888	888	102.659	0.115607	0.115607
1785	694	694	215.154	0.31002	0.31002
1786	1378	1378	0	0	0
1787	989	989	393.75	0.39813	0.39813
1788	722	722	198.603	0.275074	0.275074
1789	930	930	0	0	0
1790	553	553	219.751	0.397381	0.397381
1791	794	794	0	0	0
1792	1568	1568	64.3477	0.041038	0.041038
1793	1923	1923	103.934	0.0540478	0.0540478
1794	729	729	145.275	0.199279	0.199279
1795	687	687	3.64448	0.00530492	0.00530492
1796	1013	1013	105.354	0.104002	0.104002
1797	662	662	37.9391	0.0573099	0.0573099
1798	1184	1184	0	0	0
1799	2357	2357	163.664	0.0694374	0.0694374
1800	1222	1222	105.054	0.0859689	0.0859689
1801	755	755	5.18848	0.00687216	0.00687216
1802	940	940	504.754	0.536972	0.536972
1803	1184	1184	105.738	0.0893057	0.0893057
1804	976	976	317.214	0.325014	0.325014
1805	1432	1432	81.7699	0.0571019	0.0571019
1806	2814	2814	499.589	0.177537	0.177537
1807	1237	1237	163.416	0.132107	0.132107
1808	1570	1570	0	0	0
1809	1517	1517	58.7606	0.0387348	0.0387348
1810	1158	1158	778.46	0.672245	0.672245
1811	484	484	0	0	0
1812	833	833	148.034	0.177712	0.177712
1813	1617	1617	199.106	0.123133	0.123133
1814	1132	1132	1070.65	0.9458	0.9458
1815	1080	1080	36.5283	0.0338225	0.0338225
1816	675	675	0	0	0
1817	453	453	46.28	0.102163	0.102163
1818	1210	1210	221.59	0.183133	0.183133
1819	635	635	105.738	0.166516	0.166516
1820	508	508	0	0	0
1821	759	759	130.017	0.1713	0.1713
1822	1207	1207	317.215	0.262813	0.262813
1823	1460	1460	0	0	0
1824	989	989	210.856	0.213201	0.213201
1825	675	675	131.483	0.194789	0.194789
1826	1229	1229	105.738	0.0860357	0.0860357
1827	638	638	183.892	0.288232	0.288232
1828	673	673	0	0	0
1829	950	950	0	0	0
1830	903	903	0	0	0
1831	503	503	0	0	0
1832	1688	1688	0	0	0
1833	303	303	0	0	0
1834	779	779	0	0	0
1835	728	728	0	0	0
1836	1391	1391	0	0	0
1837	986	986	0	0	0
1838	1018	1018	0	0	0
1839	3699	3699	4551.64	1.23051	1.23051
1840	403	403	0	0	0
1841	1262	1262	0	0	0
1842	1440	1440	0	0	0
1843	865	865	0	0	0
1844	1609	1609	0	0	0
1845	1948	1948	0	0	0
1846	686	686	0	0	0
1847	498	498	0	0	0
1848	1841	1841	0	0	0
1849	329	329	57.0065	0.173272	0.173272
1850	925	925	105.738	0.114311	0.114311
1851	745	745	0	0	0
1852	768	768	0	0	0
1853	1272	1272	0	0	0
1854	624	624	0	0	0
1855	520	520	0	0	0
1856	503	503	108.228	0.215165	0.215165
1857	1076	1076	235.533	0.218896	0.218896
1858	974	974	105.738	0.10856	0.10856
1859	685	685	0	0	0
1860	879	879	57.6768	0.0656164	0.0656164
1861	1177	1177	96.006	0.0815684	0.0815684
1862	829	829	0	0	0
1863	763	763	968.195	1.26893	1.26893
1864	764	764	96.3811	0.126153	0.126153
1865	455	455	393.53	0.864901	0.864901
1866	911	911	4.401	0.00483096	0.00483096
1867	1142	1142	0	0	0
1868	856	856	0	0	0
1869	1119	1119	0	0	0
1870	814	814	85.803	0.105409	0.105409
1871	798	798	77.2053	0.0967484	0.0967484
1872	1023	1023	294.654	0.28803	0.28803
1873	577	577	317.215	0.549766	0.549766
1874	834	834	105.738	0.126784	0.126784
1875	1431	1431	257.449	0.179908	0.179908
1876	1947	1947	127.295	0.0653799	0.0653799
1877	599	599	0	0	0
1878	895	895	16.02	0.0178994	0.0178994
1879	633	633	2.75838	0.00435763	0.00435763
1880	835	835	228.908	0.274142	0.274142
1881	2211	2211	7.0416	0.0031848	0.0031848
1882	1191	1191	228.946	0.19223	0.19223
1883	966	966	190.459	0.197163	0.197163
1884	381	381	0	0	0
1885	880	880	0	0	0
1886	895	895	412.84	0.461273	0.461273
1887	1903	0	0	0	0
1888	2092	2092	0	0	0
1889	693	693	105.738	0.15258	0.15258
1890	594	594	0	0	0
1891	1199	1199	54.2481	0.0452445	0.0452445
1892	474	474	105.738	0.223076	0.223076
1893	1444	1444	211.476	0.146451	0.146451
1894	896	896	0	0	0
1895	545	545	101.786	0.186764	0.186764
1896	1118	1118	0	0	0
1897	2284	2284	376.015	0.16463	0.16463
1898	929	929	1052.99	1.13347	1.13347
1899	803	803	85.3106	0.10624	0.10624
1900	1030	1030	0	0	0
1901	1314	1314	0	0	0
1902	2306	2306	468.006	0.202951	0.202951
1903	661	661	211.476	0.319933	0.319933
1904	577	577	317.215	0.549766	0.549766
1905	1406	1406	237.442	0.168878	0.168878
1906	1002	1002	105.738	0.105527	0.105527
1907	847	847	105.738	0.124838	0.124838
1908	993	993	0	0	0
1909	330	330	102.857	0.311688	0.311688
1910	840	840	75.3957	0.0897568	0.0897568
1911	909	909	44.0097	0.0484155	0.0484155
1912	657	657	0	0	0
1913	362	362	0	0	0
1914	490	490	0	0	0
1915	351	351	105.738	0.301248	0.301248
1916	850	850	0	0	0
1917	1005	1005	0	0	0
1918	2187	2187	105.738	0.0483484	0.0483484
1919	918	918	176.205	0.191945	0.191945
1920	1102	1102	372.355	0.33789	0.33789
1921	2379	2379	105.738	0.0444464	0.0444464
1922	1316	1316	0	0	0
1923	684	684	307.831	0.450046	0.450046
1924	372	372	0	0	0
1925	1578	1578	91.8365	0.058198	0.058198
1926	674	674	52.1984	0.0774457	0.0774457
1927	1169	1169	105.738	0.0904516	0.0904516
1928	1913	1913	47.8753	0.0250263	0.0250263
1929	2819	2819	317.214	0.112527	0.112527
1930	1106	1106	0	0	0
1931	1357	1357	223.875	0.164978	0.164978
1932	937	937	241.136	0.257349	0.257349
1933	767	767	155.389	0.202593	0.202593
1934	1097	1097	108.496	0.0989028	0.0989028
1935	2608	2608	155.035	0.0594461	0.0594461
1936	554	554	105.738	0.190863	0.190863
1937	1590	1590	319.25	0.200786	0.200786
1938	806	806	70.7984	0.0878392	0.0878392
1939	643	643	0	0	0
1940	1776	1776	138.134	0.077778	0.077778
1941	1490	1490	191.343	0.128418	0.128418
1942	527	527	0	0	0
1943	1283	1283	97.4628	0.0759647	0.0759647
1944	1659	1659	4.59174	0.00276778	0.00276778
1945	589	589	172.319	0.292561	0.292561
1946	436	436	446.539	1.02417	1.02417
1947	493	493	0	0	0
1948	1703	1703	7.0416	0.00413482	0.00413482
1949	1072	1072	3.2802	0.00305989	0.00305989
1950	1875	1875	126.629	0.0675355	0.0675355
1951	1336	1336	317.215	0.237436	0.237436
1952	1648	1648	54.1551	0.0328611	0.0328611
1953	827	827	14.7114	0.0177888	0.0177888
1954	1068	1068	121.369	0.113641	0.113641
1955	1821	1821	415.597	0.228225	0.228225
1956	18274	18274	0	0	0
1957	2299	2299	0	0	0
1958	9066	9066	0	0	0
1959	4622	4622	437.658	0.0946901	0.0946901
1960	3593	3593	782.991	0.217921	0.217921
1961	2558	2558	959.505	0.3751	0.3751
1962	2524	2524	140.321	0.0555946	0.0555946
1963	770	770	105.738	0.137322	0.137322
1964	1187	1187	0	0	0
1965	689	689	0	0	0
1966	1807	1807	568.755	0.314751	0.314751
1967	1246	1246	224.051	0.179816	0.179816
1968	667	667	32.1811	0.0482475	0.0482475
1969	1508	1508	105.738	0.070118	0.070118
1970	463	463	105.738	0.228376	0.228376
1971	1325	1325	79.2579	0.0598173	0.0598173
1972	400	400	0	0	0
1973	736	736	54.9257	0.0746274	0.0746274
1974	843	843	0	0	0
1975	1301	1301	0	0	0
1976	1488	1488	796.511	0.53529	0.53529
1977	2122	2122	105.738	0.0498294	0.0498294
1978	478	478	317.214	0.663628	0.663628
1979	1270	1270	105.738	0.0832582	0.0832582
1980	819	819	146.194	0.178503	0.178503
1981	1208	1208	3.67784	0.00304457	0.00304457
1982	889	889	211.476	0.237881	0.237881
1983	815	815	268.483	0.329426	0.329426
1984	468	468	105.738	0.225936	0.225936
1985	854	854	64.5357	0.0755688	0.0755688
1986	520	520	0	0	0
1987	1073	1073	79.0736	0.0736939	0.0736939
1988	431	431	0	0	0
1989	1184	1184	79.0736	0.0667851	0.0667851
1990	1534	1534	226.675	0.147767	0.147767
1991	621	621	0	0	0
1992	1211	1211	136.696	0.112878	0.112878
1993	521	521	0	0	0
1994	309	309	0	0	0
1995	2145	2145	9.6822	0.00451385	0.00451385
1996	1236	1236	0	0	0
1997	968	968	284.113	0.293505	0.293505
1998	1577	1577	23.7654	0.01507	0.01507
1999	524	524	40.4562	0.0772066	0.0772066
2000	621	621	1.73928	0.00280077	0.00280077
2001	341	341	0	0	0
2002	612	612	0	0	0
2003	679	679	172.648	0.254268	0.254268
2004	2141	2141	105.738	0.0493872	0.0493872
2005	710	710	23.3253	0.0328525	0.0328525
2006	1281	1281	290.948	0.227126	0.227126
2007	1499	1499	317.214	0.211617	0.211617
2008	433	433	51.5467	0.119045	0.119045
2009	3386	3386	724.183	0.213876	0.213876
2010	1222	1222	0	0	0
2011	1167	1167	0	0	0
2012	728	728	0	0	0
2013	905	905	0	0	0
2014	1040	1040	16.5503	0.0159137	0.0159137
2015	2327	2327	199.492	0.0857292	0.0857292
2016	2002	2002	230.784	0.115277	0.115277
2017	1639	1639	144.355	0.0880752	0.0880752
2018	576	576	77.1973	0.134023	0.134023
2019	1949	1949	80.3318	0.0412169	0.0412169
2020	682	682	190.056	0.278675	0.278675
2021	322	322	27.2862	0.0847398	0.0847398
2022	510	510	96.6002	0.189412	0.189412
2023	500	500	0	0	0
2024	812	812	0	0	0
2025	684	684	0	0	0
2026	1003	1003	105.738	0.105422	0.105422
2027	516	516	190.329	0.368855	0.368855
2028	774	774	60.4343	0.0780804	0.0780804
2029	992	992	125.109	0.126118	0.126118
2030	1393	1393	19.8975	0.0142839	0.0142839
2031	8779	8779	659.214	0.0750899	0.0750899
2032	642	642	0	0	0
2033	1891	1891	516.934	0.273366	0.273366
2034	612	612	0	0	0
2035	2565	2565	241.53	0.0941639	0.0941639
2036	1127	1127	0	0	0
2037	927	927	35.27	0.0380475	0.0380475
2038	704	704	65.4717	0.0929995	0.0929995
2039	1183	1183	140.999	0.119188	0.119188
2040	636	636	0	0	0
2041	1504	1504	176.388	0.117279	0.117279
2042	1061	1061	282.275	0.266047	0.266047
2043	892	892	154.927	0.173685	0.173685
2044	654	654	78.1541	0.119502	0.119502
2045	601	601	449.618	0.748116	0.748116
2046	1259	1259	105.738	0.0839856	0.0839856
2047	396	396	0	0	0
2048	748	748	0	0	0
2049	1446	1446	102.691	0.0710175	0.0710175
2050	1056	1056	0	0	0
2051	1901	1901	0	0	0
2052	2769	2769	332.485	0.120074	0.120074
2053	374	374	0	0	0
2054	462	462	0	0	0
2055	1251	1251	80.8112	0.0645973	0.0645973
2056	1489	1489	0	0	0
2057	383	383	0	0	0
2058	1943	1943	0	0	0
2059	1129	1129	83.3733	0.073847	0.073847
2060	1588	1588	0	0	0
2061	449	449	0	0	0
2062	922	922	146.954	0.159386	0.159386
2063	631	631	0	0	0
2064	585	585	0	0	0
2065	1381	1381	0	0	0
2066	669	669	357.671	0.534635	0.534635
2067	644	644	265.725	0.412616	0.412616
2068	667	667	105.738	0.158528	0.158528
2069	506	506	0	0	0
2070	2792	2792	0	0	0
2071	2889	2889	0	0	0
2072	1195	0	0	0	0
2073	490	490	0	0	0
2074	438	438	0	0	0
2075	1798	1798	21.9099	0.0121857	0.0121857
2076	1629	1629	0	0	0
2077	1879	1879	396.588	0.211063	0.211063
2078	626	626	81.8319	0.130722	0.130722
2079	2105	2105	0	0	0
2080	587	587	0	0	0
2081	6829	6829	514.012	0.075269	0.075269
2082	2539	2539	185.111	0.0729071	0.0729071
2083	13259	13259	3621.78	0.273156	0.273156
2084	1642	1642	1255.56	0.764655	0.764655
2085	5954	5954	397.692	0.0667942	0.0667942
2086	4683	4683	422.953	0.0903166	0.0903166
2087	2224	2224	155.389	0.069869	0.069869
2088	4927	4927	211.476	0.0429218	0.0429218
2089	11281	11281	630.393	0.055881	0.055881
2090	2550	2550	105.738	0.0414658	0.0414658
2091	2283	2283	0	0	0
2092	3146	3146	0	0	0
2093	6121	6121	210.65	0.0344144	0.0344144
2094	7791	7791	605.542	0.0777233	0.0777233
2095	20592	20592	1184.49	0.0575217	0.0575217
2096	2594	2594	211.476	0.081525	0.081525
2097	6182	6182	317.214	0.0513125	0.0513125
2098	1547	1547	0	0	0
2099	1195	1195	0	0	0
2100	4318	4318	700.787	0.162294	0.162294
2101	1666	1666	105.738	0.0634681	0.0634681
2102	8278	8278	146.067	0.0176452	0.0176452
2103	6029	6029	869.137	0.144159	0.144159
2104	2052	2052	0	0	0
2105	7637	7637	392.752	0.0514275	0.0514275
2106	2463	2463	0	0	0
2107	6308	6308	545.746	0.0865165	0.0865165
2108	8387	8387	0	0	0
2109	11252	11252	6195.43	0.550607	0.550607
2110	443	443	33.8525	0.0764166	0.0764166
2111	1164	0	0	0	0
