1	753	753	82.0398	0.108951	0.108951
2	2974	2974	33.8519	0.0113826	0.0113826
3	1070	1070	5.83653	0.0054547	0.0054547
4	571	571	10.7684	0.0188588	0.0188588
5	807	807	11.0748	0.0137234	0.0137234
6	1159	1159	35.4715	0.0306053	0.0306053
7	693	693	12.1327	0.0175075	0.0175075
8	831	831	2.25436	0.00271282	0.00271282
9	744	744	5.20181	0.00699168	0.00699168
10	1743	1743	17.4658	0.0100206	0.0100206
11	1120	1120	6.25239	0.00558249	0.00558249
12	459	459	38.8859	0.0847188	0.0847188
13	1458	1458	5.82194	0.0039931	0.0039931
14	756	756	6.60987	0.00874322	0.00874322
15	757	757	7.13516	0.00942558	0.00942558
16	1136	1136	9.85644	0.00867644	0.00867644
17	5886	5886	108.384	0.0184139	0.0184139
18	412	412	3.90318	0.00947373	0.00947373
19	616	616	3.21009	0.00521119	0.00521119
20	2838	2838	51.77	0.0182417	0.0182417
21	705	705	8.87883	0.0125941	0.0125941
22	1039	1039	14.5403	0.0139945	0.0139945
23	2368	2368	14.4454	0.00610026	0.00610026
24	502	502	5.98244	0.0119172	0.0119172
25	615	615	1.02139	0.0016608	0.0016608
26	947	947	4.59626	0.0048535	0.0048535
27	2062	2062	11.3812	0.00551951	0.00551951
28	1047	1047	0.401262	0.000383249	0.000383249
29	885	885	3.09336	0.00349533	0.00349533
30	1662	1662	12.3443	0.00742736	0.00742736
31	844	844	1.88228	0.00223019	0.00223019
32	536	536	1.8531	0.00345727	0.00345727
33	851	851	8.01064	0.0094132	0.0094132
34	411	411	3.45085	0.00839623	0.00839623
35	650	650	8.75479	0.0134689	0.0134689
36	1205	1205	15.0728	0.0125086	0.0125086
37	448	448	4.82973	0.0107806	0.0107806
38	1077	1077	8.14926	0.00756663	0.00756663
39	1252	1252	17.0865	0.0136473	0.0136473
40	1942	1942	9.5865	0.0049364	0.0049364
41	968	968	5.66143	0.00584859	0.00584859
42	2527	2527	22.8135	0.00902792	0.00902792
43	998	998	4.42117	0.00443003	0.00443003
44	968	968	12.5048	0.0129182	0.0129182
45	692	692	3.51651	0.00508166	0.00508166
46	787	787	11.1624	0.0141834	0.0141834
47	1493	1493	6.65365	0.00445656	0.00445656
48	1152	1152	7.70423	0.0066877	0.0066877
49	686	686	3.74997	0.00546643	0.00546643
50	1117	1117	3.21009	0.00287385	0.00287385
51	1436	1436	6.24508	0.00434894	0.00434894
52	1593	1593	17.8452	0.0112023	0.0112023
53	1548	1548	9.81266	0.00633893	0.00633893
54	865	865	8.29517	0.00958979	0.00958979
55	704	704	1.54668	0.00219699	0.00219699
56	858	858	3.09336	0.00360531	0.00360531
57	8769	8769	892.479	0.101777	0.101777
58	7558	7558	596.041	0.0788623	0.0788623
59	468	468	2.15952	0.00461435	0.00461435
60	1297	1297	9.9221	0.00765004	0.00765004
61	601	601	0	0	0
62	1199	1199	0.751454	0.000626734	0.000626734
63	495	495	9.40411	0.0189982	0.0189982
64	718	718	42.9569	0.0598285	0.0598285
65	403	403	4.87351	0.0120931	0.0120931
66	627	627	0	0	0
67	957	957	1.02139	0.00106729	0.00106729
68	318	318	0	0	0
69	345	345	0	0	0
70	734	734	5.54471	0.0075541	0.0075541
71	441	441	4.06368	0.00921469	0.00921469
72	1477	1477	6.27427	0.00424798	0.00424798
73	474	474	8.28787	0.017485	0.017485
74	412	412	3.88129	0.00942062	0.00942062
75	969	969	9.49895	0.00980284	0.00980284
76	857	857	7.16434	0.00835979	0.00835979
77	442	442	5.52282	0.0124951	0.0124951
78	1372	1372	16.2329	0.0118315	0.0118315
79	749	749	0.109435	0.000146108	0.000146108
80	823	823	12.6872	0.0154158	0.0154158
81	1297	1297	11.8117	0.00910692	0.00910692
82	738	738	11.1478	0.0151054	0.0151054
83	1036	1036	3.45815	0.00333798	0.00333798
84	771	771	0	0	0
85	989	989	5.77816	0.00584243	0.00584243
86	862	862	5.95326	0.00690634	0.00690634
87	1086	1086	18.7572	0.0172718	0.0172718
88	1063	1063	4.45766	0.00419347	0.00419347
89	490	490	2.15952	0.00440717	0.00440717
90	658	658	7.68963	0.0116864	0.0116864
91	1101	1101	10.98	0.00997273	0.00997273
92	428	428	1.02139	0.00238643	0.00238643
93	1136	1136	10.5641	0.00929941	0.00929941
94	717	717	2.94745	0.00411081	0.00411081
95	1256	1256	2.84531	0.00226537	0.00226537
96	1185	1185	12.5923	0.0106264	0.0106264
97	1219	1219	10.9946	0.00901933	0.00901933
98	1020	1020	8.81316	0.00864035	0.00864035
99	1685	1685	13.0446	0.00774163	0.00774163
100	433	433	5.34772	0.0123504	0.0123504
101	404	404	10.8851	0.0269434	0.0269434
102	589	589	2.75776	0.00468211	0.00468211
103	1059	1059	6.44936	0.00609005	0.00609005
104	930	930	11.9649	0.0128655	0.0128655
105	1156	1156	5.62496	0.00486588	0.00486588
106	1223	1223	7.29567	0.00596539	0.00596539
107	502	502	2.26166	0.00450529	0.00450529
108	4888	4888	110.281	0.0225616	0.0225616
109	1083	1083	12.7309	0.0117553	0.0117553
110	528	528	1.56857	0.00297077	0.00297077
111	720	720	10.0534	0.0139631	0.0139631
112	758	758	7.20082	0.00949976	0.00949976
113	984	984	6.08458	0.00618352	0.00618352
114	947	947	12.8477	0.0135667	0.0135667
115	973	973	8.22951	0.00845787	0.00845787
116	514	514	7.00383	0.0136261	0.0136261
117	1092	1092	6.5661	0.00601291	0.00601291
118	2093	2093	11.5709	0.00552839	0.00552839
119	684	684	1.46643	0.0021439	0.0021439
120	1034	1034	4.66922	0.00451569	0.00451569
121	1470	1470	75.357	0.0512632	0.0512632
122	867	867	10.3598	0.0119491	0.0119491
123	658	658	4.77136	0.0072513	0.0072513
124	660	660	4.37739	0.00663241	0.00663241
125	1276	1276	9.5938	0.00751865	0.00751865
126	623	623	2.50971	0.00402842	0.00402842
127	3055	3055	54.4986	0.0178392	0.0178392
128	755	755	6.35452	0.00841658	0.00841658
129	1130	1130	7.69693	0.00681144	0.00681144
130	1991	1991	19.6545	0.00987168	0.00987168
131	915	915	9.33116	0.010198	0.010198
132	1155	1155	8.13466	0.00704299	0.00704299
133	764	764	2.04279	0.00267381	0.00267381
134	1118	1118	9.63028	0.00861384	0.00861384
135	1162	1162	5.50093	0.00473402	0.00473402
136	731	731	4.74218	0.00648725	0.00648725
137	1205	1205	10.71	0.00888799	0.00888799
138	531	531	4.62545	0.00871083	0.00871083
139	775	775	6.25967	0.008077	0.008077
140	461	461	6.62447	0.0143698	0.0143698
141	1138	1138	6.87252	0.00603912	0.00603912
142	1054	1054	5.77087	0.00547521	0.00547521
143	1424	1424	5.51553	0.00387326	0.00387326
144	1096	1096	10.3598	0.00945241	0.00945241
145	1330	1330	4.28255	0.00321996	0.00321996
146	886	886	5.70521	0.00643929	0.00643929
147	864	864	8.46297	0.0097951	0.0097951
148	713	713	3.27575	0.00459432	0.00459432
149	2430	2430	4.3774	0.0018014	0.0018014
150	962	962	11.6366	0.0120962	0.0120962
151	1268	1268	11.1915	0.00882614	0.00882614
152	1298	1298	14.3287	0.011039	0.011039
153	310	310	5.10696	0.0164741	0.0164741
154	437	437	2.75046	0.00629396	0.00629396
155	808	808	6.68282	0.00827082	0.00827082
156	8524	8524	166.013	0.0194759	0.0194759
157	8077	8077	213.785	0.0264684	0.0264684
158	19056	19056	678.118	0.0355855	0.0355855
159	6486	6486	194.977	0.0300612	0.0300612
160	6962	6962	260.66	0.0374403	0.0374403
161	12458	12458	334.835	0.0268771	0.0268771
162	30196	30196	741.86	0.0245681	0.0245681
163	861	861	66.3906	0.0771087	0.0771087
164	12524	12524	368.986	0.0294623	0.0294623
165	19642	19642	509.106	0.0259193	0.0259193
166	26100	26100	4325.81	0.16574	0.16574
167	7514	7514	2342.66	0.311773	0.311773
168	6912	6912	2570.61	0.371906	0.371906
169	1650	1650	4128.06	2.50186	2.50186
170	1073	1073	482.01	0.449218	0.449218
171	1712	1712	426.972	0.249399	0.249399
172	1778	1778	6737.1	3.78915	3.78915
173	10224	10224	3032.45	0.296601	0.296601
174	2794	2794	87.4021	0.0312821	0.0312821
175	776	776	0	0	0
176	3753	3753	463.049	0.123381	0.123381
177	3969	3969	210.991	0.0531597	0.0531597
178	4946	4946	87.6939	0.0177303	0.0177303
179	6399	6399	130.994	0.020471	0.020471
180	7161	7161	251.153	0.0350724	0.0350724
181	1517	1517	14.4381	0.00951755	0.00951755
182	2759	2759	66.3687	0.0240553	0.0240553
183	2367	2367	273.69	0.115627	0.115627
184	604	604	5.97515	0.00989264	0.00989264
185	809	809	9.6011	0.0118679	0.0118679
186	1206	1206	18.0787	0.0149906	0.0149906
187	2380	2380	30.671	0.012887	0.012887
188	934	934	4.23148	0.0045305	0.0045305
189	735	735	8.49216	0.011554	0.011554
190	1603	1603	12.4318	0.00775534	0.00775534
191	585	585	6.28156	0.0107377	0.0107377
192	845	845	6.47855	0.00766693	0.00766693
193	2857	2857	7.14975	0.00250254	0.00250254
194	1218	1218	9.48436	0.00778683	0.00778683
195	1078	1078	6.29616	0.00584059	0.00584059
196	1120	1120	8.81315	0.00786889	0.00786889
197	1778	1778	15.3647	0.00864154	0.00864154
198	1196	1196	10.1847	0.00851567	0.00851567
199	1568	1568	12.5194	0.00798429	0.00798429
200	2855	2855	27.4755	0.00962363	0.00962363
201	290	290	0	0	0
202	2057	2057	8.69643	0.00422772	0.00422772
203	1182	1182	2.5243	0.00213561	0.00213561
204	1041	1041	2.80153	0.00269119	0.00269119
205	794	794	3.1955	0.00402456	0.00402456
206	802	802	7.74799	0.00966084	0.00966084
207	708	708	1.80933	0.00255555	0.00255555
208	2179	2179	31.6486	0.0145244	0.0145244
209	687	687	5.44986	0.00793284	0.00793284
210	559	559	5.39879	0.00965794	0.00965794
211	1649	1649	14.1463	0.00857871	0.00857871
212	544	544	2.62644	0.00482801	0.00482801
213	1138	1138	13.6575	0.0120013	0.0120013
214	518	518	10.4766	0.020225	0.020225
215	1201	1201	8.52863	0.00710127	0.00710127
216	682	682	9.9221	0.0145485	0.0145485
217	1248	1248	3.96155	0.00317432	0.00317432
218	687	687	0	0	0
219	1205	1205	8.14926	0.00676287	0.00676287
220	924	924	9.39682	0.0101697	0.0101697
221	1431	1431	12.8112	0.00895261	0.00895261
222	912	912	7.18623	0.00787964	0.00787964
223	585	585	10.5787	0.0180833	0.0180833
224	823	823	4.57438	0.00555818	0.00555818
225	1426	1426	8.02523	0.00562779	0.00562779
226	640	640	6.96736	0.0108865	0.0108865
227	974	974	9.71053	0.00996974	0.00996974
228	1396	1396	17.5169	0.0125479	0.0125479
229	1113	1113	1.12353	0.00100946	0.00100946
230	663	663	5.85112	0.00882522	0.00882522
231	2485	2485	10.6881	0.00430106	0.00430106
232	1118	1118	11.5417	0.0103236	0.0103236
233	18795	18795	191.971	0.010214	0.010214
234	1174	1174	3.16632	0.00269703	0.00269703
235	1299	1299	4.37011	0.00336421	0.00336421
236	1151	1151	8.61617	0.00748582	0.00748582
237	774	774	1.02139	0.00131963	0.00131963
238	440	440	3.85211	0.00875479	0.00875479
239	1160	1160	10.3598	0.0089309	0.0089309
240	775	775	2.04278	0.00263585	0.00263585
241	1084	1084	6.94547	0.00640726	0.00640726
242	1098	1098	4.64004	0.00422591	0.00422591
243	766	766	3.88858	0.00507648	0.00507648
244	1160	1160	15.2698	0.0131636	0.0131636
245	990	990	17.2032	0.017377	0.017377
246	1524	1524	7.87932	0.00517016	0.00517016
247	436	436	6.56609	0.0150598	0.0150598
248	2615	2615	13.6648	0.00522554	0.00522554
249	951	951	5.18721	0.00545448	0.00545448
250	465	465	7.87202	0.0169291	0.0169291
251	823	823	11.498	0.0139708	0.0139708
252	765	765	1.05787	0.00138284	0.00138284
253	436	436	2.48052	0.00568927	0.00568927
254	1042	1042	27.6652	0.0265501	0.0265501
255	625	625	4.3774	0.00700384	0.00700384
256	2876	2876	12.6945	0.00441393	0.00441393
257	1900	1900	36.6097	0.0192682	0.0192682
258	1492	1492	27.6944	0.0185619	0.0185619
259	1025	1025	394.761	0.385133	0.385133
260	1011	1011	22.4998	0.022255	0.022255
261	1137	1137	319.404	0.280919	0.280919
262	1041	1041	2.71399	0.0026071	0.0026071
263	715	715	11.9576	0.0167239	0.0167239
264	495	495	0.48881	0.000987495	0.000987495
265	831	831	7.12786	0.00857745	0.00857745
266	1059	1059	12.8841	0.0121663	0.0121663
267	1881	1881	12.0014	0.00638031	0.00638031
268	1114	1114	11.8846	0.0106684	0.0106684
269	949	949	4.2096	0.00443582	0.00443582
270	682	682	1.99901	0.0029311	0.0029311
271	356	356	1.16731	0.00327895	0.00327895
272	685	685	5.26747	0.00768974	0.00768974
273	375	375	2.48052	0.00661473	0.00661473
274	846	846	1.50291	0.00177649	0.00177649
275	785	785	8.53593	0.0108738	0.0108738
276	479	479	7.45617	0.0155661	0.0155661
277	1706	1706	6.15023	0.00360506	0.00360506
278	1438	1438	9.94399	0.00691515	0.00691515
279	916	916	3.1955	0.00348854	0.00348854
280	1077	1077	3.37789	0.00313639	0.00313639
281	931	931	2.1887	0.00235091	0.00235091
282	1475	1475	6.42018	0.00435267	0.00435267
283	1864	1864	20.975	0.0112527	0.0112527
284	699	699	10.6152	0.0151863	0.0151863
285	620	620	9.30926	0.0150149	0.0150149
286	477	477	3.46544	0.00726507	0.00726507
287	560	560	7.14975	0.0127674	0.0127674
288	599	599	1.86769	0.00311801	0.00311801
289	659	659	2.02819	0.00307769	0.00307769
290	951	951	12.8768	0.0135403	0.0135403
291	1588	1588	18.4216	0.0116005	0.0116005
292	672	672	8.03983	0.011964	0.011964
293	1629	1629	5.63955	0.00346197	0.00346197
294	728	728	1.66341	0.00228491	0.00228491
295	968	968	0.860889	0.000889348	0.000889348
296	1967	1967	14.2338	0.00723632	0.00723632
297	1723	1723	8.49215	0.0049287	0.0049287
298	613	613	1.02139	0.00166622	0.00166622
299	352	352	0	0	0
300	772	772	14.6935	0.019033	0.019033
301	1626	1626	14.6643	0.00901862	0.00901862
302	1454	1454	4.99753	0.00343709	0.00343709
303	954	954	16.9114	0.0177268	0.0177268
304	649	649	8.23681	0.0126915	0.0126915
305	2827	2827	10.6517	0.00376783	0.00376783
306	445	445	5.03401	0.0113124	0.0113124
307	659	659	4.94646	0.00750601	0.00750601
308	843	843	4.37739	0.00519263	0.00519263
309	709	709	7.31025	0.0103107	0.0103107
310	968	968	14.2703	0.0147421	0.0147421
311	382	382	9.74701	0.0255157	0.0255157
312	1056	1056	2.07927	0.001969	0.001969
313	718	718	19.421	0.0270488	0.0270488
314	1206	1206	1.02139	0.000846927	0.000846927
315	1484	1484	10.7173	0.00722192	0.00722192
316	2056	2056	15.6273	0.00760083	0.00760083
317	597	597	10.6663	0.0178664	0.0178664
318	803	803	0	0	0
319	374	374	0.306417	0.000819298	0.000819298
320	1583	1583	221.788	0.140106	0.140106
321	872	872	3.45085	0.00395739	0.00395739
322	739	739	5.25288	0.00710809	0.00710809
323	1928	1928	6.8944	0.00357593	0.00357593
324	779	779	7.11327	0.00913128	0.00913128
325	940	940	5.66873	0.00603056	0.00603056
326	583	583	4.5452	0.00779622	0.00779622
327	948	948	3.67701	0.0038787	0.0038787
328	841	841	5.7198	0.00680118	0.00680118
329	1193	1193	10.9654	0.00919143	0.00919143
330	795	795	7.80636	0.00981932	0.00981932
331	2044	2044	11.1259	0.00544319	0.00544319
332	567	567	1.36429	0.00240616	0.00240616
333	896	896	12.4245	0.0138667	0.0138667
334	1276	1276	8.55052	0.00670103	0.00670103
335	1047	1047	8.17115	0.00780434	0.00780434
336	1586	1586	11.5563	0.00728647	0.00728647
337	1109	1109	6.98195	0.00629572	0.00629572
338	1559	1559	13.7815	0.00883997	0.00883997
339	761	761	10.5641	0.0138819	0.0138819
340	558	558	8.90071	0.0159511	0.0159511
341	1089	1089	9.76889	0.00897052	0.00897052
342	793	793	11.4907	0.0144901	0.0144901
343	945	945	30.3865	0.032155	0.032155
344	1804	1804	1076.48	0.59672	0.59672
345	2094	2094	73.8832	0.0352833	0.0352833
346	3696	3696	147.124	0.0398064	0.0398064
347	367	367	6.99654	0.0190641	0.0190641
348	3157	3157	132.322	0.0419137	0.0419137
349	1322	1322	24.5061	0.0185372	0.0185372
350	701	701	3.95425	0.00564086	0.00564086
351	1387	1387	15.9848	0.0115247	0.0115247
352	534	534	7.28108	0.013635	0.013635
353	1555	1555	54.0463	0.0347565	0.0347565
354	740	740	2.15952	0.00291827	0.00291827
355	639	639	7.38321	0.0115543	0.0115543
356	706	706	8.26599	0.0117082	0.0117082
357	724	724	1.41536	0.00195491	0.00195491
358	956	956	4.81514	0.00503676	0.00503676
359	771	771	2.34191	0.00303749	0.00303749
360	1985	1985	20.282	0.0102176	0.0102176
361	1749	1749	22.602	0.0129228	0.0129228
362	1533	1533	7.63126	0.00497799	0.00497799
363	581	581	2.26166	0.0038927	0.0038927
364	1289	1289	11.0748	0.00859179	0.00859179
365	632	632	3.42896	0.00542557	0.00542557
366	1412	1412	13.2197	0.00936242	0.00936242
367	2550	2550	13.1322	0.00514988	0.00514988
368	483	483	1.02869	0.00212979	0.00212979
369	1469	1469	21.3033	0.0145019	0.0145019
370	338	338	0.423149	0.00125192	0.00125192
371	715	715	3.06418	0.00428557	0.00428557
372	681	681	1.02869	0.00151056	0.00151056
373	594	594	5.8803	0.0098995	0.0098995
374	1817	1817	19.2824	0.0106122	0.0106122
375	1118	1118	4.23149	0.00378488	0.00378488
376	986	986	1.12353	0.00113948	0.00113948
377	750	750	7.52912	0.0100388	0.0100388
378	515	515	7.3978	0.0143647	0.0143647
379	1205	1205	5.32583	0.00441978	0.00441978
380	1014	1014	8.71102	0.00859075	0.00859075
381	980	980	3.46544	0.00353616	0.00353616
382	948	948	3.41437	0.00360166	0.00360166
383	560	560	4.72759	0.00844213	0.00844213
384	3432	3432	648.154	0.188856	0.188856
385	701	701	5.72709	0.00816989	0.00816989
386	2336	2336	18.4507	0.00789843	0.00789843
387	876	876	7.82096	0.00892803	0.00892803
388	515	515	1.92606	0.00373992	0.00373992
389	1645	1645	9.81266	0.00596515	0.00596515
390	1624	1624	11.3812	0.00700815	0.00700815
391	3319	3319	21.2815	0.00641201	0.00641201
392	887	887	3.37789	0.00380822	0.00380822
393	1250	1250	10.6225	0.00849799	0.00849799
394	778	778	10.7976	0.0138786	0.0138786
395	522	522	3.24657	0.00621948	0.00621948
396	654	654	14.9196	0.0228129	0.0228129
397	2069	2069	40.2356	0.0194469	0.0194469
398	495	495	9.55732	0.0193077	0.0193077
399	740	740	9.63028	0.0130139	0.0130139
400	2271	2271	17.2251	0.00758479	0.00758479
401	362	362	0.984915	0.00272076	0.00272076
402	850	850	18.0787	0.021269	0.021269
403	959	959	16.3277	0.0170258	0.0170258
404	1346	1346	3.67701	0.00273181	0.00273181
405	976	976	6.41289	0.00657058	0.00657058
406	2237	2237	3.35601	0.00150023	0.00150023
407	484	484	5.20911	0.0107626	0.0107626
408	1382	1382	9.29467	0.00672552	0.00672552
409	458	458	0.700384	0.00152922	0.00152922
410	1327	1327	13.8253	0.0104185	0.0104185
411	757	757	16.1088	0.0212798	0.0212798
412	460	460	0	0	0
413	4713	4713	63.0783	0.0133839	0.0133839
414	1077	1077	5.19451	0.00482313	0.00482313
415	993	993	11.549	0.0116305	0.0116305
416	552	552	7.63856	0.013838	0.013838
417	1702	1702	10.3671	0.00609115	0.00609115
418	871	871	11.2426	0.0129077	0.0129077
419	911	911	4.3774	0.00480504	0.00480504
420	1798	1798	7.41239	0.00412258	0.00412258
421	807	807	5.40609	0.00669899	0.00669899
422	1078	1078	9.92211	0.00920418	0.00920418
423	777	777	11.031	0.014197	0.014197
424	1250	1250	6.27427	0.00501942	0.00501942
425	767	767	7.43429	0.00969268	0.00969268
426	1705	1705	10.4985	0.00615745	0.00615745
427	553	553	2.72858	0.00493413	0.00493413
428	2563	2563	27.8038	0.0108481	0.0108481
429	535	535	8.70373	0.0162686	0.0162686
430	1025	1025	11.3448	0.0110681	0.0110681
431	1147	1147	3.93236	0.00342839	0.00342839
432	1804	1804	14.1536	0.00784567	0.00784567
433	761	761	6.87981	0.00904049	0.00904049
434	1763	1763	86.1327	0.0488557	0.0488557
435	1254	1254	33.1661	0.0264482	0.0264482
436	878	878	5.66144	0.00644811	0.00644811
437	1222	1222	5.85112	0.00478815	0.00478815
438	1020	1020	3.66242	0.00359061	0.00359061
439	1115	1115	12.2567	0.0109926	0.0109926
440	1099	1099	2.80883	0.00255581	0.00255581
441	978	978	1.86769	0.0019097	0.0019097
442	472	472	3.23198	0.00684741	0.00684741
443	703	703	4.47224	0.00636165	0.00636165
444	1625	1625	5.80735	0.00357375	0.00357375
445	1074	1074	12.7309	0.0118538	0.0118538
446	1476	1476	16.8822	0.0114378	0.0114378
447	1440	1440	15.0437	0.010447	0.010447
448	835	835	2.6994	0.00323281	0.00323281
449	832	832	6.82875	0.00820763	0.00820763
450	899	899	2.68481	0.00298644	0.00298644
451	748	748	7.49265	0.0100169	0.0100169
452	1780	1780	9.87833	0.00554962	0.00554962
453	1328	1328	5.39879	0.00406536	0.00406536
454	622	622	7.87932	0.0126677	0.0126677
455	1244	1244	6.09917	0.00490287	0.00490287
456	907	907	1.63423	0.0018018	0.0018018
457	559	559	5.3915	0.0096449	0.0096449
458	746	746	3.48733	0.00467471	0.00467471
459	745	745	1.16731	0.00156685	0.00156685
460	872	872	6.71201	0.00769726	0.00769726
461	795	795	4.45035	0.00559793	0.00559793
462	1191	1191	19.8369	0.0166557	0.0166557
463	687	687	2.8672	0.00417351	0.00417351
464	1029	1029	14.0806	0.0136838	0.0136838
465	535	535	5.80734	0.0108548	0.0108548
466	639	639	8.15655	0.0127646	0.0127646
467	769	769	4.30444	0.00559745	0.00559745
468	2280	2280	27.5922	0.0121018	0.0121018
469	2526	2526	16.6049	0.0065736	0.0065736
470	1035	1035	6.62446	0.00640044	0.00640044
471	1275	1275	8.20762	0.00643735	0.00643735
472	641	641	6.62446	0.0103346	0.0103346
473	469	469	1.8531	0.00395117	0.00395117
474	1883	1883	30.3208	0.0161024	0.0161024
475	1044	1044	10.8778	0.0104194	0.0104194
476	453	453	0.517993	0.00114347	0.00114347
477	940	940	15.0655	0.0160272	0.0160272
478	695	695	1.24756	0.00179505	0.00179505
479	495	495	0	0	0
480	495	495	4.36281	0.00881375	0.00881375
481	964	964	6.5515	0.00679616	0.00679616
482	2681	2681	10.8049	0.00403017	0.00403017
483	726	726	0.817114	0.0011255	0.0011255
484	773	773	13.621	0.017621	0.017621
485	2017	2017	2.77964	0.00137811	0.00137811
486	1040	1040	24.3311	0.0233952	0.0233952
487	408	408	2.8599	0.00700956	0.00700956
488	2851	2851	27.7454	0.00973182	0.00973182
489	675	675	13.0884	0.0193903	0.0193903
490	890	890	13.9712	0.015698	0.015698
491	1197	1197	14.0004	0.0116962	0.0116962
492	808	808	7.4051	0.00916473	0.00916473
493	779	779	2.23247	0.00286582	0.00286582
494	995	995	3.8594	0.0038788	0.0038788
495	2225	2225	11.3739	0.00511188	0.00511188
496	818	818	5.88031	0.00718864	0.00718864
497	1323	1323	6.92358	0.00523325	0.00523325
498	1893	1893	14.1609	0.00748066	0.00748066
499	1880	1880	5.85842	0.00311618	0.00311618
500	1162	1162	3.29034	0.00283162	0.00283162
501	724	724	4.75677	0.00657013	0.00657013
502	1294	1294	2.1887	0.00169142	0.00169142
503	910	910	15.5544	0.0170927	0.0170927
504	1429	1429	10.4766	0.0073314	0.0073314
505	1777	1777	5.09967	0.00286982	0.00286982
506	401	401	6.62446	0.0165199	0.0165199
507	749	749	4.84432	0.00646772	0.00646772
508	2359	2359	5.15073	0.00218344	0.00218344
509	739	739	6.10647	0.00826315	0.00826315
510	1619	1619	11.0237	0.00680898	0.00680898
511	1432	1432	12.264	0.00856425	0.00856425
512	1032	1032	13.0155	0.0126119	0.0126119
513	2097	2097	6.14295	0.0029294	0.0029294
514	962	962	5.40608	0.00561963	0.00561963
515	462	462	5.39879	0.0116857	0.0116857
516	731	731	8.63078	0.0118068	0.0118068
517	1520	1520	5.65414	0.00371983	0.00371983
518	579	579	8.55782	0.0147803	0.0147803
519	927	927	6.7193	0.00724844	0.00724844
520	1944	1944	27.8694	0.0143361	0.0143361
521	2495	2495	45.1237	0.0180856	0.0180856
522	7583	7583	49.1728	0.00648461	0.00648461
523	951	951	0	0	0
524	1071	1071	0	0	0
525	1185	1185	0	0	0
526	2340	2340	2.04279	0.000872986	0.000872986
527	726	726	5.26746	0.00725546	0.00725546
528	1261	1261	0	0	0
529	830	830	0	0	0
530	839	839	2.51701	0.00300001	0.00300001
531	1118	1118	8.94449	0.00800044	0.00800044
532	3994	3994	34.4064	0.00861451	0.00861451
533	384	384	1.16731	0.00303986	0.00303986
534	1454	1454	1.16731	0.000802825	0.000802825
535	1745	1745	5.39878	0.00309386	0.00309386
536	590	590	0	0	0
537	1101	1101	10.6662	0.00968778	0.00968778
538	900	900	33.1223	0.0368026	0.0368026
539	1444	1444	18.3413	0.0127017	0.0127017
540	1136	1136	6.36182	0.0056002	0.0056002
541	766	766	7.66774	0.0100101	0.0100101
542	675	675	5.65414	0.00837651	0.00837651
543	571	571	9.19254	0.016099	0.016099
544	637	637	3.88129	0.00609308	0.00609308
545	576	576	5.93138	0.0102975	0.0102975
546	2281	2281	10.4839	0.00459617	0.00459617
547	701	701	42.5483	0.0606966	0.0606966
548	1690	1690	16.5758	0.00980814	0.00980814
549	759	759	2.47323	0.00325854	0.00325854
550	3216	3216	29.2264	0.00908782	0.00908782
551	955	955	22.4925	0.0235524	0.0235524
552	1033	1033	7.97416	0.00771942	0.00771942
553	756	756	2.29084	0.00303021	0.00303021
554	1256	1256	8.87153	0.00706332	0.00706332
555	744	744	7.3978	0.00994328	0.00994328
556	2087	2087	9.13417	0.0043767	0.0043767
557	1319	1319	20.8656	0.0158193	0.0158193
558	912	912	5.88031	0.0064477	0.0064477
559	852	852	2.53889	0.00297992	0.00297992
560	515	515	11.4031	0.022142	0.022142
561	1574	1574	13.9347	0.00885306	0.00885306
562	949	949	9.33116	0.00983262	0.00983262
563	2363	2363	21.1793	0.00896289	0.00896289
564	934	934	3.56028	0.00381186	0.00381186
565	828	828	10.6517	0.0128643	0.0128643
566	2174	2174	5.20911	0.00239609	0.00239609
567	980	980	5.43528	0.0055462	0.0055462
568	1366	1366	9.2655	0.00678294	0.00678294
569	429	429	4.3774	0.0102037	0.0102037
570	1021	1021	18.7134	0.0183285	0.0183285
571	859	859	3.7135	0.00432305	0.00432305
572	480	480	6.74119	0.0140442	0.0140442
573	844	844	4.25337	0.00503954	0.00503954
574	511	511	3.59676	0.00703867	0.00703867
575	744	744	10.9435	0.014709	0.014709
576	828	828	16.8092	0.020301	0.020301
577	981	981	9.38222	0.00956394	0.00956394
578	702	702	4.10016	0.00584069	0.00584069
579	822	822	7.53641	0.00916839	0.00916839
580	1106	1106	5.5447	0.00501329	0.00501329
581	680	680	7.90121	0.0116194	0.0116194
582	1000	1000	10.5058	0.0105058	0.0105058
583	864	864	7.60208	0.0087987	0.0087987
584	533	533	0.824411	0.00154674	0.00154674
585	1684	1684	15.0145	0.00891596	0.00891596
586	1348	1348	5.74169	0.00425941	0.00425941
587	924	924	1.16731	0.00126332	0.00126332
588	709	709	1.16731	0.00164641	0.00164641
589	817	817	1.29863	0.00158951	0.00158951
590	1241	1241	35.384	0.0285125	0.0285125
591	1079	1079	6.35452	0.00588927	0.00588927
592	1684	1684	16.4955	0.00979543	0.00979543
593	816	816	4.76407	0.00583832	0.00583832
594	1014	1014	0	0	0
595	755	755	0	0	0
596	487	487	3.67702	0.00755034	0.00755034
597	2508	2508	28.4312	0.0113362	0.0113362
598	1508	1508	14.9415	0.00990817	0.00990817
599	1541	1541	10.4985	0.00681276	0.00681276
600	635	635	13.0447	0.0205428	0.0205428
601	3845	3845	64.2019	0.0166975	0.0166975
602	905	905	0.525288	0.000580429	0.000580429
603	703	703	2.94015	0.00418229	0.00418229
604	347	347	7.49265	0.0215927	0.0215927
605	4150	4150	33.706	0.00812192	0.00812192
606	650	650	0	0	0
607	773	773	0	0	0
608	4195	4195	167.516	0.0399323	0.0399323
609	1525	1525	216.506	0.141971	0.141971
610	560	560	4.29714	0.00767347	0.00767347
611	6377	6377	127.506	0.0199947	0.0199947
612	5742	5742	50.2234	0.00874667	0.00874667
613	5111	5111	201.032	0.0393332	0.0393332
614	4422	4422	102.869	0.023263	0.023263
615	836	836	20.1069	0.0240513	0.0240513
616	5542	5542	363.237	0.0655425	0.0655425
617	3260	3260	65.3692	0.0200519	0.0200519
618	341	341	0	0	0
619	1068	1068	11.9284	0.0111689	0.0111689
620	728	728	7.8939	0.0108433	0.0108433
621	23606	23606	2632.51	0.111519	0.111519
622	3796	3796	84.3963	0.022233	0.022233
623	1787	1787	137.436	0.0769086	0.0769086
624	10492	10492	300.348	0.0286264	0.0286264
625	4852	4852	260.849	0.0537612	0.0537612
626	1060	1060	4.23149	0.00399197	0.00399197
627	550	550	3.09336	0.00562429	0.00562429
628	1169	1169	5.70521	0.00488042	0.00488042
629	834	834	5.96056	0.00714695	0.00714695
630	1006	1006	4.98294	0.00495322	0.00495322
631	1174	1174	20.406	0.0173816	0.0173816
632	408	408	0.401262	0.000983485	0.000983485
633	533	533	7.55101	0.014167	0.014167
634	1962	1962	12.8768	0.00656312	0.00656312
635	2469	2469	17.94	0.00726611	0.00726611
636	892	892	14.7883	0.0165788	0.0165788
637	447	447	3.16632	0.00708348	0.00708348
638	907	907	3.53839	0.00390121	0.00390121
639	711	711	5.70521	0.0080242	0.0080242
640	571	571	5.83653	0.0102216	0.0102216
641	2275	2275	15.6857	0.0068948	0.0068948
642	786	786	5.25288	0.00668305	0.00668305
643	1024	1024	10.3088	0.0100672	0.0100672
644	1554	1554	17.4658	0.0112393	0.0112393
645	1016	1016	8.25139	0.00812145	0.00812145
646	329	329	4.73489	0.0143918	0.0143918
647	1396	1396	11.7898	0.00844541	0.00844541
648	716	716	3.80104	0.00530872	0.00530872
649	610	610	0.700383	0.00114817	0.00114817
650	1946	1946	0.846297	0.00043489	0.00043489
651	1009	1009	16.4444	0.0162978	0.0162978
652	1062	1062	13.745	0.0129426	0.0129426
653	418	418	1.45913	0.00349075	0.00349075
654	2075	2075	4.19501	0.00202169	0.00202169
655	1065	1065	6.58798	0.0061859	0.0061859
656	2767	2767	28.2123	0.010196	0.010196
657	1897	1897	6.79956	0.00358437	0.00358437
658	1049	1049	9.88562	0.00942385	0.00942385
659	799	799	6.20131	0.00776134	0.00776134
660	726	726	5.5447	0.00763733	0.00763733
661	2304	2304	119.437	0.0518391	0.0518391
662	4385	4385	34420.7	7.84965	7.84965
663	768	768	1.16731	0.00151993	0.00151993
664	7961	7961	417.691	0.0524672	0.0524672
665	2903	2903	116.169	0.0400168	0.0400168
666	5968	5968	473.547	0.0793477	0.0793477
667	5012	5012	238.174	0.0475208	0.0475208
668	1215	1215	32.7648	0.0269669	0.0269669
669	393	393	10.1264	0.0257669	0.0257669
670	2017	2017	97.4628	0.0483207	0.0483207
671	1236	1236	39.1194	0.03165	0.03165
672	1063	1063	11.0894	0.0104322	0.0104322
673	619	619	8.75479	0.0141434	0.0141434
674	1015	1015	12.2202	0.0120396	0.0120396
675	1674	1674	12.388	0.00740026	0.00740026
676	761	761	14.8175	0.0194711	0.0194711
677	1589	1589	11.5199	0.00724975	0.00724975
678	1180	1180	20.1069	0.0170397	0.0170397
679	576	576	3.57487	0.00620638	0.00620638
680	496	496	13.6137	0.027447	0.027447
681	627	627	6.85793	0.0109377	0.0109377
682	1441	1441	16.6779	0.0115738	0.0115738
683	1266	1266	15.0582	0.0118944	0.0118944
684	645	645	4.7057	0.00729566	0.00729566
685	559	559	5.65414	0.0101147	0.0101147
686	1313	1313	1.16731	0.000889038	0.000889038
687	2132	2132	17.1011	0.00802113	0.00802113
688	486	486	5.42798	0.0111687	0.0111687
689	453	453	0.328305	0.000724734	0.000724734
690	1164	1164	12.8841	0.0110689	0.0110689
691	497	497	5.34772	0.01076	0.01076
692	820	820	5.8949	0.0071889	0.0071889
693	503	503	0	0	0
694	449	449	6.98925	0.0155663	0.0155663
695	1319	1319	8.95908	0.00679233	0.00679233
696	3125	3125	11.228	0.00359297	0.00359297
697	771	771	8.72562	0.0113173	0.0113173
698	740	740	4.08557	0.00552104	0.00552104
699	1020	1020	35.114	0.0344255	0.0344255
700	932	932	177.212	0.190141	0.190141
701	1591	1591	341.671	0.214752	0.214752
702	620	620	2.83071	0.00456567	0.00456567
703	1944	1944	8.18573	0.00421077	0.00421077
704	867	867	3.8667	0.00445986	0.00445986
705	1490	1490	5.25288	0.00352542	0.00352542
706	541	541	7.44886	0.0137687	0.0137687
707	4337	4337	48.093	0.011089	0.011089
708	724	724	478.348	0.660701	0.660701
709	1027	1027	2743.43	2.6713	2.6713
710	1931	1931	2478.17	1.28336	1.28336
711	2222	2222	5762.55	2.59341	2.59341
712	750	750	3.18821	0.00425094	0.00425094
713	769	769	13.1176	0.017058	0.017058
714	726	726	4.59627	0.00633094	0.00633094
715	947	947	10.3744	0.010955	0.010955
716	1131	1131	8.41919	0.00744403	0.00744403
717	877	877	4.15853	0.00474176	0.00474176
718	1394	1394	7.60938	0.00545867	0.00545867
719	1241	1241	7.12056	0.00573776	0.00573776
720	985	985	13.3073	0.0135099	0.0135099
721	720	720	0	0	0
722	1693	1693	3.10066	0.00183146	0.00183146
723	1036	1036	8.90072	0.00859142	0.00859142
724	1290	1290	10.7757	0.00835325	0.00835325
725	506	506	1.41536	0.00279715	0.00279715
726	1261	1261	10.783	0.00855114	0.00855114
727	2368	2368	14.6205	0.0061742	0.0061742
728	1514	1514	4.42117	0.00292019	0.00292019
729	987	987	1.75096	0.00177402	0.00177402
730	1153	1153	6.71201	0.00582134	0.00582134
731	1204	1204	8.64536	0.00718053	0.00718053
732	1831	1831	0	0	0
733	1490	1490	14.7372	0.00989077	0.00989077
734	750	750	4.81514	0.00642018	0.00642018
735	1434	1434	16.9843	0.011844	0.011844
736	782	782	8.37542	0.0107103	0.0107103
737	696	696	5.7125	0.00820762	0.00820762
738	1318	1318	23.0616	0.0174974	0.0174974
739	1723	1723	10.0534	0.00583484	0.00583484
740	860	860	9.19253	0.010689	0.010689
741	936	936	10.7246	0.0114579	0.0114579
742	724	724	10.3452	0.014289	0.014289
743	3052	3052	14.4527	0.00473549	0.00473549
744	515	515	1.13812	0.00220995	0.00220995
745	1128	1128	3.58947	0.00318215	0.00318215
746	760	760	3.64783	0.00479978	0.00479978
747	1967	1967	6.13565	0.0031193	0.0031193
748	608	608	5.90948	0.00971954	0.00971954
749	1518	1518	13.2708	0.0087423	0.0087423
750	645	645	4.66923	0.00723911	0.00723911
751	710	710	13.7158	0.0193181	0.0193181
752	383	383	3.92507	0.0102482	0.0102482
753	1165	1165	15.299	0.0131322	0.0131322
754	832	832	3.93966	0.00473517	0.00473517
755	800	800	4.52332	0.00565415	0.00565415
756	837	837	8.47756	0.0101285	0.0101285
757	1028	1028	18.3924	0.0178914	0.0178914
758	823	823	9.92211	0.012056	0.012056
759	836	836	4.96105	0.00593427	0.00593427
760	1408	1408	5.8803	0.00417635	0.00417635
761	650	650	3.99802	0.00615081	0.00615081
762	530	530	0.678497	0.00128018	0.00128018
763	1902	1902	3.07877	0.0016187	0.0016187
764	920	920	1.02139	0.00111021	0.00111021
765	664	664	15.7149	0.023667	0.023667
766	1040	1040	13.3073	0.0127955	0.0127955
767	1503	1503	21.1574	0.0140768	0.0140768
768	1128	1128	18.1516	0.0160919	0.0160919
769	1933	1933	12.1838	0.00630303	0.00630303
770	1091	1091	18.2611	0.0167379	0.0167379
771	1833	1833	9.77619	0.00533344	0.00533344
772	1204	1204	13.3438	0.0110829	0.0110829
773	723	723	5.42067	0.00749747	0.00749747
774	1706	1706	38.8713	0.0227851	0.0227851
775	682	682	15.0583	0.0220796	0.0220796
776	459	459	10.3453	0.0225387	0.0225387
777	905	905	7.67504	0.00848071	0.00848071
778	359	359	2.32002	0.00646244	0.00646244
779	1620	1620	21.9162	0.0135285	0.0135285
780	1932	1932	19.9318	0.0103166	0.0103166
781	1385	1385	16.4444	0.0118732	0.0118732
782	319	319	6.28886	0.0197143	0.0197143
783	540	540	5.86571	0.0108624	0.0108624
784	1438	1438	3.33412	0.00231858	0.00231858
785	673	673	2.8672	0.00426032	0.00426032
786	2330	2330	62.6625	0.0268938	0.0268938
787	2003	2003	24.1122	0.012038	0.012038
788	3412	3412	37115	10.8778	10.8778
789	4357	4357	19117.3	4.38773	4.38773
790	3151	3151	21.0699	0.00668673	0.00668673
791	1380	1380	13.5845	0.00984386	0.00984386
792	1406	1406	5.51552	0.00392284	0.00392284
793	1153	1153	10.98	0.00952297	0.00952297
794	808	808	11.1478	0.0137968	0.0137968
795	635	635	5.50823	0.00867437	0.00867437
796	568	568	2.13033	0.00375058	0.00375058
797	762	762	16.4736	0.0216189	0.0216189
798	41362	41362	159.425	0.00385438	0.00385438
799	1277	1277	12.0597	0.0094438	0.0094438
800	1245	1245	14.6351	0.0117551	0.0117551
801	407	407	5.15803	0.0126733	0.0126733
802	1142	1142	11.8628	0.0103877	0.0103877
803	1252	1252	11.1551	0.00890981	0.00890981
804	1035	1035	1.96983	0.00190322	0.00190322
805	1450	1450	19.8223	0.0136706	0.0136706
806	579	579	13.9566	0.0241047	0.0241047
807	837	837	7.7334	0.00923943	0.00923943
808	371	371	1.54668	0.00416895	0.00416895
809	728	728	5.3842	0.00739588	0.00739588
810	613	613	5.93137	0.00967598	0.00967598
811	1212	1212	6.58069	0.00542961	0.00542961
812	726	726	8.05441	0.0110942	0.0110942
813	594	594	0.21887	0.000368468	0.000368468
814	660	660	3.23197	0.00489693	0.00489693
815	759	759	4.80784	0.00633444	0.00633444
816	2223	2223	11.2791	0.00507381	0.00507381
817	665	665	15.3939	0.0231487	0.0231487
818	631	631	7.83554	0.0124177	0.0124177
819	359	359	0	0	0
820	909	909	17.2397	0.0189655	0.0189655
821	652	652	6.42019	0.00984691	0.00984691
822	2069	2069	8.22951	0.00397753	0.00397753
823	1359	1359	18.1224	0.0133351	0.0133351
824	650	650	7.15704	0.0110108	0.0110108
825	458	458	4.78595	0.0104497	0.0104497
826	601	601	2.88179	0.00479499	0.00479499
827	1052	1052	6.50773	0.00618606	0.00618606
828	1711	1711	23.0543	0.0134742	0.0134742
829	776	776	6.82144	0.00879052	0.00879052
830	1186	1186	6.21591	0.00524107	0.00524107
831	3310	3310	36.6826	0.0110824	0.0110824
832	1879	1879	7.0768	0.00376626	0.00376626
833	1310	1310	14.0077	0.0106929	0.0106929
834	736	736	1.13812	0.00154636	0.00154636
835	634	634	3.75727	0.00592629	0.00592629
836	1087	1087	15.2261	0.0140074	0.0140074
837	2129	2129	32.9108	0.0154583	0.0154583
838	725	725	580.006	0.800008	0.800008
839	2546	2546	27.1836	0.010677	0.010677
840	3199	3199	29.8247	0.00932313	0.00932313
841	1036	1036	10.0607	0.00971112	0.00971112
842	380	380	1.45913	0.00383983	0.00383983
843	659	659	6.71201	0.0101851	0.0101851
844	1612	1612	7.35403	0.00456206	0.00456206
845	324	324	1.3424	0.00414321	0.00414321
846	1727	1727	4.85891	0.0028135	0.0028135
847	1286	1286	10.0534	0.00781759	0.00781759
848	727	727	48.5526	0.0667849	0.0667849
849	492	492	8.36813	0.0170084	0.0170084
850	640	640	2.42216	0.00378463	0.00378463
851	1642	1642	14.3579	0.00874413	0.00874413
852	803	803	6.17943	0.00769543	0.00769543
853	2823	2823	15.744	0.00557706	0.00557706
854	2706	2706	23.2586	0.00859519	0.00859519
855	1017	1017	36.8796	0.0362631	0.0362631
856	429	429	1.63423	0.00380939	0.00380939
857	1938	1938	3.04959	0.00157358	0.00157358
858	1119	1119	5.3696	0.00479857	0.00479857
859	884	884	3.60406	0.00407699	0.00407699
860	1491	1491	8.68184	0.00582283	0.00582283
861	1082	1082	6.56609	0.00606848	0.00606848
862	1045	1045	7.98876	0.00764474	0.00764474
863	971	971	0	0	0
864	2154	2154	10.4109	0.00483329	0.00483329
865	915	915	7.76258	0.0084837	0.0084837
866	1794	1794	11.8628	0.00661246	0.00661246
867	802	802	8.60888	0.0107343	0.0107343
868	2769	2769	0	0	0
869	5965	5965	101.993	0.0170986	0.0170986
870	11190	11190	61.8672	0.0055288	0.0055288
871	669	669	1.16731	0.00174485	0.00174485
872	7457	7457	138.72	0.0186026	0.0186026
873	1218	1218	28.1175	0.023085	0.023085
874	13684	13684	1776.12	0.129795	0.129795
875	1558	1558	2.42946	0.00155934	0.00155934
876	7188	7188	15.1312	0.00210506	0.00210506
877	4357	4357	0	0	0
878	8394	8394	3.06418	0.000365044	0.000365044
879	804	804	0	0	0
880	1015	1015	0	0	0
881	2507	2507	86.2494	0.0344034	0.0344034
882	596	596	0	0	0
883	16274	16274	513.469	0.0315515	0.0315515
884	20877	20877	13.424	0.000643006	0.000643006
885	1057	1057	0	0	0
886	475	475	0	0	0
887	1860	1860	1.16731	0.000627585	0.000627585
888	2564	2564	6.5515	0.00255519	0.00255519
889	3118	3118	2.04279	0.00065516	0.00065516
890	896	896	0	0	0
891	505	505	32.597	0.0645486	0.0645486
892	986	986	47.772	0.0484503	0.0484503
893	1231	1231	3.21009	0.00260771	0.00260771
894	893	893	1.53939	0.00172384	0.00172384
895	953	953	3.30494	0.00346793	0.00346793
896	2458	2458	84.5203	0.0343858	0.0343858
897	621	621	543.572	0.875317	0.875317
898	1815	1815	1951.19	1.07504	1.07504
899	2826	2826	1943.43	0.687698	0.687698
900	1070	1070	265.125	0.24778	0.24778
901	6372	6372	2155.69	0.338306	0.338306
902	2921	2921	50.0483	0.017134	0.017134
903	11326	11326	4945.33	0.436635	0.436635
904	460	460	9.64487	0.0209671	0.0209671
905	1778	1778	22.6166	0.0127202	0.0127202
906	1430	1430	4.30444	0.0030101	0.0030101
907	492	492	10.5349	0.0214125	0.0214125
908	1120	1120	12.1254	0.0108262	0.0108262
909	1636	1636	28.1029	0.0171778	0.0171778
910	568	568	3.76457	0.00662776	0.00662776
911	1266	1266	22.9668	0.0181412	0.0181412
912	1659	1659	1730.8	1.04328	1.04328
913	2503	2503	19.9609	0.00797481	0.00797481
914	1051	1051	2.74317	0.00261006	0.00261006
915	3861	3861	58.6644	0.0151941	0.0151941
916	710	710	6.18672	0.00871369	0.00871369
917	1636	1636	9.20713	0.00562783	0.00562783
918	1574	1574	8.12737	0.00516351	0.00516351
919	1150	1150	5.41338	0.00470729	0.00470729
920	1440	1440	5.79275	0.00402275	0.00402275
921	1892	1892	26.4979	0.0140052	0.0140052
922	1217	1217	5.47175	0.00449609	0.00449609
923	706	706	6.13565	0.00869072	0.00869072
924	1020	1020	9.10499	0.00892646	0.00892646
925	4705	4705	31.2619	0.00664441	0.00664441
926	589	589	3.05689	0.00518996	0.00518996
927	1708	1708	3.61865	0.00211865	0.00211865
928	2467	2467	10.3161	0.00418162	0.00418162
929	1167	1167	14.7737	0.0126596	0.0126596
930	943	943	2.30543	0.00244478	0.00244478
931	604	604	10.2431	0.0169588	0.0169588
932	1334	1334	15.9629	0.0119662	0.0119662
933	773	773	8.67455	0.0112219	0.0112219
934	2031	2031	8.85693	0.00436087	0.00436087
935	1556	1556	24.8053	0.0159417	0.0159417
936	1105	1105	24.9877	0.0226133	0.0226133
937	1702	1702	38.8713	0.0228386	0.0228386
938	887	887	131.884	0.148685	0.148685
939	1207	1207	15.6565	0.0129714	0.0129714
940	1947	1947	9.7616	0.00501366	0.00501366
941	878	878	10.71	0.0121982	0.0121982
942	1083	1083	6.48584	0.00598877	0.00598877
943	3513	3513	16.4955	0.00469556	0.00469556
944	840	840	8.71832	0.010379	0.010379
945	898	898	13.2343	0.0147376	0.0147376
946	950	950	12.782	0.0134547	0.0134547
947	1229	1229	12.14	0.00987794	0.00987794
948	766	766	5.23829	0.00683849	0.00683849
949	2062	2062	9.97317	0.00483665	0.00483665
950	834	834	6.26698	0.00751437	0.00751437
951	488	488	12.782	0.0261926	0.0261926
952	939	939	4.23148	0.00450637	0.00450637
953	1089	1089	6.92358	0.00635774	0.00635774
954	1685	1685	16.3788	0.00972033	0.00972033
955	468	468	7.19352	0.0153708	0.0153708
956	451	451	2.07197	0.00459417	0.00459417
957	657	657	12.337	0.0187777	0.0187777
958	1099	1099	18.1808	0.016543	0.016543
959	1221	1221	3.27575	0.00268284	0.00268284
960	2318	2318	55.4325	0.0239139	0.0239139
961	2095	2095	7.58749	0.00362171	0.00362171
962	564	564	1.16731	0.00206969	0.00206969
963	756	756	4.96106	0.00656224	0.00656224
964	589	589	5.552	0.00942615	0.00942615
965	1514	1514	6.86522	0.00453449	0.00453449
966	1096	1096	21.6827	0.0197835	0.0197835
967	1727	1727	12.5485	0.00726609	0.00726609
968	1549	1549	14.336	0.00925499	0.00925499
969	853	853	3.60406	0.00422516	0.00422516
970	680	680	2.1887	0.00321867	0.00321867
971	619	619	3.49462	0.00564559	0.00564559
972	832	832	6.09917	0.00733073	0.00733073
973	812	812	5.78546	0.00712495	0.00712495
974	1074	1074	3.85211	0.00358669	0.00358669
975	1032	1032	3.38518	0.00328022	0.00328022
976	949	949	10.3526	0.0109089	0.0109089
977	611	611	16.8749	0.0276185	0.0276185
978	1840	1840	0.627427	0.000340993	0.000340993
979	1381	1381	5.18721	0.00375613	0.00375613
980	831	831	13.5043	0.0162506	0.0162506
981	1682	1682	1.21838	0.000724362	0.000724362
982	1457	1457	2.75046	0.00188776	0.00188776
983	895	895	8.12007	0.00907271	0.00907271
984	501	501	6.0554	0.0120866	0.0120866
985	329	329	5.43527	0.0165206	0.0165206
986	1252	1252	29.9487	0.0239207	0.0239207
987	1541	1541	1.02139	0.000662812	0.000662812
988	1287	1287	5.11426	0.00397379	0.00397379
989	1964	1964	11.6147	0.0059138	0.0059138
990	971	971	8.84964	0.00911394	0.00911394
991	1047	1047	4.3774	0.00418089	0.00418089
992	900	900	2.74317	0.00304796	0.00304796
993	1063	1063	10.5568	0.00993116	0.00993116
994	548	548	1.02139	0.00186386	0.00186386
995	643	643	7.94498	0.0123561	0.0123561
996	526	526	3.57487	0.00679634	0.00679634
997	530	530	5.17992	0.00977343	0.00977343
998	754	754	7.99604	0.0106048	0.0106048
999	879	879	16.0505	0.0182599	0.0182599
1000	646	646	9.73241	0.0150657	0.0150657
1001	822	822	6.27427	0.00763293	0.00763293
1002	2539	2539	22.3977	0.00882146	0.00882146
1003	505	505	2.53889	0.0050275	0.0050275
1004	3841	3841	1832.84	0.477179	0.477179
1005	545	545	26.4687	0.0485664	0.0485664
1006	15062	15062	327.079	0.0217155	0.0217155
1007	6641	6641	223.131	0.033599	0.033599
1008	663	663	18.3121	0.0276201	0.0276201
1009	5213	5213	124.96	0.0239709	0.0239709
1010	990	990	4.59627	0.0046427	0.0046427
1011	676	676	118.919	0.175916	0.175916
1012	1366	1366	12.5048	0.0091543	0.0091543
1013	1888	1888	24.4624	0.0129568	0.0129568
1014	727	727	9.5792	0.0131763	0.0131763
1015	734	734	1.59046	0.00216683	0.00216683
1016	1114	1114	12.9571	0.0116312	0.0116312
1017	532	532	0.693089	0.0013028	0.0013028
1018	1599	1599	10.7976	0.00675271	0.00675271
1019	605	605	6.39101	0.0105636	0.0105636
1020	583	583	10.8632	0.0186334	0.0186334
1021	919	919	4.18771	0.00455682	0.00455682
1022	646	646	8.23681	0.0127505	0.0127505
1023	684	684	8.0763	0.0118075	0.0118075
1024	456	456	3.76456	0.00825561	0.00825561
1025	1542	1542	9.63028	0.00624532	0.00624532
1026	1261	1261	7.74069	0.00613854	0.00613854
1027	1262	1262	6.50773	0.00515668	0.00515668
1028	1496	1496	4.05639	0.00271149	0.00271149
1029	935	935	0.233461	0.000249691	0.000249691
1030	620	620	10.0534	0.0162152	0.0162152
1031	1117	1117	9.71781	0.00869992	0.00869992
1032	300	300	4.23149	0.014105	0.014105
1033	1598	1598	1226.29	0.767392	0.767392
1034	616	616	6.9017	0.0112041	0.0112041
1035	712	712	0.941141	0.00132183	0.00132183
1036	832	832	2.1887	0.00263064	0.00263064
1037	1091	1091	70.2208	0.0643637	0.0643637
1038	1505	1505	42.6359	0.0283295	0.0283295
1039	3289	3289	38.4482	0.0116899	0.0116899
1040	802	802	6.56609	0.00818715	0.00818715
1041	1230	1230	18.2392	0.0148286	0.0148286
1042	5385	5385	487.095	0.0904541	0.0904541
1043	4530	4530	216.886	0.0478776	0.0478776
1044	56634	56634	1699.54	0.0300092	0.0300092
1045	30431	30431	756.152	0.0248481	0.0248481
1046	1317	1317	40.3888	0.0306673	0.0306673
1047	1295	1295	49.5741	0.0382811	0.0382811
1048	885	885	46.1451	0.0521413	0.0521413
1049	1754	1754	75.6488	0.0431293	0.0431293
1050	1224	1224	22.9668	0.0187637	0.0187637
1051	2060	2060	117.416	0.0569983	0.0569983
1052	1760	1760	79.0267	0.0449015	0.0449015
1053	2547	2547	110.653	0.0434446	0.0434446
1054	1677	1677	52.0619	0.0310447	0.0310447
1055	943	943	3.60405	0.0038219	0.0038219
1056	636	636	2.04278	0.00321192	0.00321192
1057	968	968	13.4678	0.013913	0.013913
1058	1035	1035	8.28058	0.00800056	0.00800056
1059	960	960	5.93867	0.00618611	0.00618611
1060	695	695	4.94646	0.00711721	0.00711721
1061	651	651	7.54371	0.0115879	0.0115879
1062	2642	2642	11.2937	0.00427467	0.00427467
1063	805	805	4.23148	0.0052565	0.0052565
1064	578	578	2.04278	0.00353423	0.00353423
1065	1883	1883	6.73389	0.00357615	0.00357615
1066	1166	1166	14.5184	0.0124514	0.0124514
1067	1611	1611	13.176	0.00817875	0.00817875
1068	1021	1021	1.61964	0.00158632	0.00158632
1069	1395	1395	2.27625	0.00163172	0.00163172
1070	945	945	11.9357	0.0126304	0.0126304
1071	731	731	6.85792	0.00938157	0.00938157
1072	1113	1113	16.0505	0.0144209	0.0144209
1073	689	689	4.18771	0.00607795	0.00607795
1074	762	762	5.69062	0.00746801	0.00746801
1075	874	874	7.60208	0.00869803	0.00869803
1076	1497	1497	4.69111	0.00313367	0.00313367
1077	642	642	11.5709	0.0180232	0.0180232
1078	484	484	2.24706	0.00464269	0.00464269
1079	631	631	3.46544	0.00549198	0.00549198
1080	2447	2447	67.4266	0.0275548	0.0275548
1081	488	488	1.73637	0.00355813	0.00355813
1082	636	636	11.6877	0.0183768	0.0183768
1083	490	490	23.2732	0.0474963	0.0474963
1084	1411	1411	2.1887	0.00155117	0.00155117
1085	2296	2296	13.0957	0.00570371	0.00570371
1086	839	839	1.16731	0.00139131	0.00139131
1087	1493	1493	0	0	0
1088	4452	4452	0	0	0
1089	2218	2218	7.44157	0.00335508	0.00335508
1090	3895	3895	13.2781	0.00340902	0.00340902
1091	2040	2040	115.717	0.0567238	0.0567238
1092	2568	2568	69.7466	0.0271599	0.0271599
1093	2351	2351	4.15853	0.00176883	0.00176883
1094	3184	3184	10.9435	0.00343702	0.00343702
1095	1619	1619	6.5661	0.00405565	0.00405565
1096	2437	2437	19.6108	0.00804709	0.00804709
1097	4354	4354	0	0	0
1098	1645	1645	0	0	0
1099	4145	4145	5.69063	0.00137289	0.00137289
1100	1662	1662	1.16731	0.000702351	0.000702351
1101	1320	1320	9.51354	0.00720723	0.00720723
1102	841	841	2.60455	0.00309697	0.00309697
1103	878	878	8.18574	0.00932317	0.00932317
1104	1482	1482	13.2781	0.00895959	0.00895959
1105	355	355	1.04328	0.00293882	0.00293882
1106	642	642	7.76259	0.0120913	0.0120913
1107	470	470	0.933844	0.0019869	0.0019869
1108	1719	1719	12.6945	0.00738479	0.00738479
1109	505	505	16.2183	0.0321154	0.0321154
1110	831	831	15.3355	0.0184543	0.0184543
1111	2211	2211	24.5864	0.01112	0.01112
1112	701	701	8.36083	0.011927	0.011927
1113	816	816	28.0591	0.0343862	0.0343862
1114	1360	1360	22.9084	0.0168444	0.0168444
1115	786	786	7.14975	0.00909637	0.00909637
1116	601	601	5.42797	0.00903157	0.00903157
1117	994	994	15.8024	0.0158978	0.0158978
1118	718	718	6.24509	0.00869789	0.00869789
1119	535	535	4.50871	0.0084275	0.0084275
1120	443	443	2.33461	0.00527001	0.00527001
1121	1165	1165	10.8851	0.00934345	0.00934345
1122	1342	1342	3.66972	0.00273452	0.00273452
1123	1306	1306	9.60109	0.00735152	0.00735152
1124	1000	1000	10.9143	0.0109143	0.0109143
1125	609	609	33.0056	0.0541963	0.0541963
1126	1173	1173	20.1871	0.0172098	0.0172098
1127	835	835	7.47076	0.00894701	0.00894701
1128	1020	1020	8.65265	0.00848299	0.00848299
1129	588	588	6.94547	0.011812	0.011812
1130	583	583	7.54372	0.0129395	0.0129395
1131	362	362	6.34723	0.0175338	0.0175338
1132	1001	1001	9.51354	0.00950404	0.00950404
1133	749	749	13.6356	0.0182051	0.0182051
1134	1058	1058	5.85112	0.00553036	0.00553036
1135	2556	2556	19.6545	0.00768956	0.00768956
1136	1017	1017	6.21591	0.006112	0.006112
1137	941	941	6.7193	0.0071406	0.0071406
1138	1455	1455	3.62595	0.00249206	0.00249206
1139	686	686	12.6799	0.0184838	0.0184838
1140	608	608	9.17795	0.0150953	0.0150953
1141	2882	2882	35.8947	0.0124548	0.0124548
1142	499	499	0	0	0
1143	1089	1089	15.4011	0.0141425	0.0141425
1144	2306	2306	13.1176	0.00568846	0.00568846
1145	1385	1385	17.4366	0.0125896	0.0125896
1146	862	862	7.82095	0.00907303	0.00907303
1147	1213	1213	10.1045	0.00833017	0.00833017
1148	681	681	10.8341	0.0159091	0.0159091
1149	730	730	6.5661	0.00899466	0.00899466
1150	416	416	3.04959	0.00733074	0.00733074
1151	741	741	5.64684	0.00762056	0.00762056
1152	1016	1016	4.77137	0.00469623	0.00469623
1153	1974	1974	4.66193	0.00236167	0.00236167
1154	1975	1975	6.85792	0.00347237	0.00347237
1155	1006	1006	4.68382	0.00465588	0.00465588
1156	656	656	3.63324	0.00553848	0.00553848
1157	1267	1267	1.07246	0.000846459	0.000846459
1158	1095	1095	4.94646	0.00451731	0.00451731
1159	1606	1606	10.7538	0.00669602	0.00669602
1160	1599	1599	13.0446	0.008158	0.008158
1161	585	585	3.356	0.00573676	0.00573676
1162	661	661	8.63807	0.0130682	0.0130682
1163	934	934	5.17992	0.00554595	0.00554595
1164	869	869	14.0004	0.0161109	0.0161109
1165	1069	1069	6.21591	0.00581469	0.00581469
1166	2557	2557	19.5889	0.00766088	0.00766088
1167	1699	1699	61.0502	0.035933	0.035933
1168	1017	1017	4.69112	0.0046127	0.0046127
1169	434	434	3.17361	0.00731247	0.00731247
1170	667	667	2.80153	0.0042002	0.0042002
1171	1913	1913	13.8545	0.00724227	0.00724227
1172	638	638	1.16731	0.00182964	0.00182964
1173	865	865	8.9153	0.0103067	0.0103067
1174	797	797	24.9001	0.0312423	0.0312423
1175	664	664	8.95179	0.0134816	0.0134816
1176	1069	1069	6.80685	0.00636749	0.00636749
1177	2258	2258	18.4434	0.00816804	0.00816804
1178	751	751	5.14344	0.00684879	0.00684879
1179	1473	1473	22.6166	0.0153541	0.0153541
1180	677	677	3.96155	0.00585162	0.00585162
1181	885	885	0.532584	0.00060179	0.00060179
1182	1123	1123	7.33214	0.00652907	0.00652907
1183	981	981	13.3657	0.0136245	0.0136245
1184	821	821	7.23729	0.00881522	0.00881522
1185	1317	1317	8.00335	0.00607695	0.00607695
1186	701	701	2.88908	0.00412137	0.00412137
1187	1270	1270	10.6517	0.00838714	0.00838714
1188	691	691	4.50142	0.00651436	0.00651436
1189	1054	1054	8.9153	0.00845854	0.00845854
1190	1280	1280	7.9085	0.00617851	0.00617851
1191	383	383	3.54569	0.00925767	0.00925767
1192	745	745	0.291827	0.000391714	0.000391714
1193	662	662	5.54471	0.00837569	0.00837569
1194	722	722	5.23829	0.00725524	0.00725524
1195	1105	1105	0.809819	0.000732868	0.000732868
1196	1426	1426	12.2421	0.00858494	0.00858494
1197	970	970	5.93137	0.00611482	0.00611482
1198	540	540	0.87548	0.00162126	0.00162126
1199	512	512	4.49413	0.0087776	0.0087776
1200	1683	1683	179.831	0.106851	0.106851
1201	796	796	0.53988	0.000678241	0.000678241
1202	648	648	8.47756	0.0130827	0.0130827
1203	1113	1113	4.0272	0.00361833	0.00361833
1204	1292	1292	5.49363	0.00425204	0.00425204
1205	1179	1179	9.38951	0.00796396	0.00796396
1206	3378	3378	26.3009	0.00778593	0.00778593
1207	983	983	1.18919	0.00120976	0.00120976
1208	1035	1035	3.89588	0.00376413	0.00376413
1209	1433	1433	6.12106	0.0042715	0.0042715
1210	662	662	2.24706	0.00339436	0.00339436
1211	2424	2424	9.33845	0.0038525	0.0038525
1212	675	675	4.35551	0.00645261	0.00645261
1213	552	552	7.88661	0.0142873	0.0142873
1214	879	879	13.4167	0.0152636	0.0152636
1215	850	850	2.0282	0.00238611	0.00238611
1216	851	851	49.3771	0.0580224	0.0580224
1217	893	893	2.84531	0.00318623	0.00318623
1218	649	649	11.9357	0.0183909	0.0183909
1219	1218	1218	1.16731	0.00095838	0.00095838
1220	944	944	3.7062	0.00392605	0.00392605
1221	2003	2003	14.4454	0.00721189	0.00721189
1222	1335	1335	4.2023	0.00314779	0.00314779
1223	971	971	5.3988	0.00556004	0.00556004
1224	1262	1262	5.93867	0.00470576	0.00470576
1225	915	915	3.356	0.00366776	0.00366776
1226	677	677	5.39879	0.00797458	0.00797458
1227	886	886	6.97465	0.00787207	0.00787207
1228	2086	2086	14.0369	0.00672908	0.00672908
1229	850	850	8.7548	0.0102998	0.0102998
1230	2157	2157	9.73242	0.00451201	0.00451201
1231	2338	2338	9.17794	0.00392555	0.00392555
1232	1672	1672	16.8092	0.0100534	0.0100534
1233	2463	2463	8.76209	0.00355749	0.00355749
1234	946	946	6.47855	0.00684836	0.00684836
1235	1462	1462	13.4094	0.00917198	0.00917198
1236	627	627	1.44454	0.00230389	0.00230389
1237	1168	1168	4.91728	0.00421	0.00421
1238	640	640	5.09237	0.00795684	0.00795684
1239	408	408	0	0	0
1240	681	681	2.79424	0.00410314	0.00410314
1241	4498	4498	28.599	0.00635816	0.00635816
1242	1049	1049	6.91629	0.00659322	0.00659322
1243	1033	1033	5.34772	0.00517688	0.00517688
1244	1575	1575	3.42167	0.00217249	0.00217249
1245	786	786	4.27526	0.00543926	0.00543926
1246	679	679	1.05787	0.00155798	0.00155798
1247	1964	1964	18.8666	0.00960621	0.00960621
1248	772	772	6.25968	0.0081084	0.0081084
1249	432	432	5.51552	0.0127674	0.0127674
1250	1457	1457	15.7222	0.0107908	0.0107908
1251	3467	3467	18.779	0.00541651	0.00541651
1252	892	892	7.12056	0.0079827	0.0079827
1253	1126	1126	26.6511	0.0236688	0.0236688
1254	1262	1262	11.4104	0.00904154	0.00904154
1255	641	641	15.0656	0.0235032	0.0235032
1256	57302	57302	1371.85	0.0239407	0.0239407
1257	2872	2872	938.865	0.326903	0.326903
1258	4786	4786	280.008	0.0585056	0.0585056
1259	507	507	4.39199	0.00866271	0.00866271
1260	4550	4550	146.161	0.0321234	0.0321234
1261	7117	7117	393.39	0.0552747	0.0552747
1262	13949	13949	723.001	0.0518317	0.0518317
1263	774	774	5.33313	0.00689035	0.00689035
1264	1041	1041	14.1536	0.0135961	0.0135961
1265	1830	1830	3.18091	0.0017382	0.0017382
1266	1058	1058	1.16731	0.00110331	0.00110331
1267	1923	1923	28.7157	0.0149328	0.0149328
1268	839	839	16.4444	0.0196	0.0196
1269	1469	1469	2.33461	0.00158925	0.00158925
1270	3122	3122	23.4483	0.00751065	0.00751065
1271	2441	2441	16.3423	0.00669492	0.00669492
1272	480	480	3.92507	0.00817722	0.00817722
1273	4055	4055	98.134	0.0242007	0.0242007
1274	982	982	12.0816	0.0123031	0.0123031
1275	829	829	9.21443	0.0111151	0.0111151
1276	2466	2466	8580.92	3.47969	3.47969
1277	614	614	11.3375	0.0184649	0.0184649
1278	3562	3562	32.4219	0.00910217	0.00910217
1279	878	878	5.8876	0.00670569	0.00670569
1280	938	938	4.68382	0.00499341	0.00499341
1281	980	980	0.583654	0.000595565	0.000595565
1282	505	505	4.07828	0.0080758	0.0080758
1283	1583	1583	13.6575	0.0086276	0.0086276
1284	922	922	8.94448	0.00970118	0.00970118
1285	469	469	6.04811	0.0128958	0.0128958
1286	709	709	0.503401	0.000710016	0.000710016
1287	1170	1170	6.82144	0.00583029	0.00583029
1288	770	770	7.60938	0.00988231	0.00988231
1289	983	983	3.6989	0.00376287	0.00376287
1290	469	469	1.88228	0.00401339	0.00401339
1291	1252	1252	5.57388	0.00445198	0.00445198
1292	1429	1429	15.8681	0.0111043	0.0111043
1293	686	686	7.28107	0.0106138	0.0106138
1294	444	444	9.81267	0.0221006	0.0221006
1295	600	600	0.963028	0.00160505	0.00160505
1296	481	481	4.52331	0.00940396	0.00940396
1297	457	457	3.15172	0.00689655	0.00689655
1298	702	702	4.0345	0.00574715	0.00574715
1299	586	586	2.15222	0.00367273	0.00367273
1300	711	711	4.90268	0.00689548	0.00689548
1301	835	835	8.28057	0.00991686	0.00991686
1302	1760	1760	3.32682	0.00189024	0.00189024
1303	1942	1942	43.1466	0.0222176	0.0222176
1304	1535	1535	6.39099	0.00416351	0.00416351
1305	710	710	2.07197	0.00291827	0.00291827
1306	912	912	15.4084	0.0168952	0.0168952
1307	930	930	8.56511	0.00920979	0.00920979
1308	972	972	1.8458	0.00189898	0.00189898
1309	604	604	2.80154	0.0046383	0.0046383
1310	332	332	1.19649	0.00360388	0.00360388
1311	1381	1381	6.36911	0.00461196	0.00461196
1312	866	866	12.8841	0.0148778	0.0148778
1313	561	561	2.15952	0.0038494	0.0038494
1314	1071	1071	20.0339	0.0187058	0.0187058
1315	868	868	2.53889	0.00292499	0.00292499
1316	1916	1916	2.30543	0.00120325	0.00120325
1317	1059	1059	7.12786	0.00673075	0.00673075
1318	1423	1423	24.4551	0.0171856	0.0171856
1319	367	367	4.20231	0.0114504	0.0114504
1320	2573	2573	66.1133	0.025695	0.025695
1321	2804	2804	5.85112	0.00208671	0.00208671
1322	979	979	5.09967	0.00520906	0.00520906
1323	1558	1558	28.5479	0.0183235	0.0183235
1324	1426	1426	9.28008	0.00650777	0.00650777
1325	1201	1201	6.28157	0.00523028	0.00523028
1326	957	957	5.45716	0.00570236	0.00570236
1327	872	872	6.60987	0.00758012	0.00758012
1328	1710	1710	8.82775	0.00516243	0.00516243
1329	823	823	8.60159	0.0104515	0.0104515
1330	519	519	3.04959	0.00587589	0.00587589
1331	1692	1692	17.889	0.0105727	0.0105727
1332	569	569	4.67652	0.00821884	0.00821884
1333	977	977	3.35601	0.00343501	0.00343501
1334	770	770	4.64004	0.00602603	0.00602603
1335	712	712	5.19451	0.00729566	0.00729566
1336	1006	1006	2.23247	0.00221916	0.00221916
1337	667	667	0.342896	0.000514088	0.000514088
1338	2593	2593	67.2734	0.0259442	0.0259442
1339	793	793	7.92309	0.00999129	0.00999129
1340	1362	1362	11.4177	0.00838305	0.00838305
1341	1637	1637	10.6298	0.00649345	0.00649345
1342	983	983	9.15606	0.0093144	0.0093144
1343	1357	1357	24.9877	0.0184139	0.0184139
1344	2678	2678	26.1404	0.00976116	0.00976116
1345	1325	1325	5.7052	0.00430581	0.00430581
1346	1425	1425	28.9273	0.0202999	0.0202999
1347	1914	1914	6.20861	0.00324379	0.00324379
1348	813	813	6.77038	0.00832765	0.00832765
1349	1478	1478	17.6993	0.0119752	0.0119752
1350	579	579	4.97564	0.00859351	0.00859351
1351	586	586	1.40077	0.00239039	0.00239039
1352	514	514	4.18771	0.00814729	0.00814729
1353	426	426	0	0	0
1354	1253	1253	51.3104	0.0409501	0.0409501
1355	1637	1637	9.28738	0.00567342	0.00567342
1356	27839	27839	253.554	0.00910786	0.00910786
1357	410	410	16.8092	0.0409981	0.0409981
1358	2154	2154	26.6	0.0123491	0.0123491
1359	750	750	33.2099	0.0442798	0.0442798
1360	622	622	0.773341	0.00124331	0.00124331
1361	1467	1467	7.60938	0.00518704	0.00518704
1362	1094	1094	6.87251	0.006282	0.006282
1363	1617	1617	6.46395	0.0039975	0.0039975
1364	770	770	3.356	0.00435844	0.00435844
1365	565	565	11.5636	0.0204666	0.0204666
1366	1087	1087	13.5772	0.0124906	0.0124906
1367	3365	3365	23.7766	0.00706584	0.00706584
1368	1111	1111	20.6394	0.0185774	0.0185774
1369	853	853	4.07828	0.0047811	0.0047811
1370	1329	1329	3.21009	0.00241542	0.00241542
1371	696	696	2.33461	0.00335433	0.00335433
1372	867	867	6.23049	0.00718627	0.00718627
1373	2151	2151	13.942	0.00648164	0.00648164
1374	1543	1543	4.18771	0.002714	0.002714
1375	1199	1199	3.21009	0.00267731	0.00267731
1376	665	665	5.22369	0.00785518	0.00785518
1377	797	797	3.21009	0.00402772	0.00402772
1378	1095	1095	4.47224	0.00408424	0.00408424
1379	1112	1112	5.39879	0.00485503	0.00485503
1380	1540	1540	8.29517	0.00538647	0.00538647
1381	1467	1467	21.7849	0.0148499	0.0148499
1382	890	890	3.29034	0.00369701	0.00369701
1383	585	585	8.28058	0.0141548	0.0141548
1384	674	674	1.96983	0.0029226	0.0029226
1385	1066	1066	2.33461	0.00219007	0.00219007
1386	665	665	5.40608	0.00812945	0.00812945
1387	614	614	2.22518	0.00362406	0.00362406
1388	497	497	1.87499	0.00377261	0.00377261
1389	1251	1251	8.22951	0.00657835	0.00657835
1390	401	401	0.145913	0.000363874	0.000363874
1391	793	793	2.61914	0.00330282	0.00330282
1392	281	281	2.50971	0.00893135	0.00893135
1393	4809	4809	29.314	0.00609565	0.00609565
1394	2028	2028	114.746	0.056581	0.056581
1395	1771	1771	15.4668	0.00873338	0.00873338
1396	1752	1752	4.3774	0.00249852	0.00249852
1397	2050	2050	8.20033	0.00400016	0.00400016
1398	633	633	2.65562	0.0041953	0.0041953
1399	2203	2203	18.2173	0.0082693	0.0082693
1400	1167	1167	6.04081	0.00517636	0.00517636
1401	2160	2160	8.97367	0.00415448	0.00415448
1402	1292	1292	9.83456	0.00761189	0.00761189
1403	1574	1574	7.20812	0.00457949	0.00457949
1404	919	919	10.7757	0.0117255	0.0117255
1405	3144	3144	4.66193	0.0014828	0.0014828
1406	936	936	23.2075	0.0247944	0.0247944
1407	1486	1486	18.531	0.0124704	0.0124704
1408	752	752	1.02139	0.00135824	0.00135824
1409	645	645	3.28305	0.00509	0.00509
1410	1113	1113	9.01744	0.00810192	0.00810192
1411	1325	1325	9.9221	0.00748838	0.00748838
1412	1234	1234	6.18672	0.00501355	0.00501355
1413	2007	2007	19.5159	0.00972392	0.00972392
1414	881	881	9.29468	0.0105501	0.0105501
1415	1425	1425	5.57389	0.0039115	0.0039115
1416	362	362	2.64833	0.00731582	0.00731582
1417	771	771	3.51651	0.00456097	0.00456097
1418	649	649	10.2942	0.0158616	0.0158616
1419	927	927	6.17943	0.00666605	0.00666605
1420	1012	1012	4.82973	0.00477246	0.00477246
1421	803	803	3.63324	0.00452458	0.00452458
1422	2578	2578	27.6943	0.0107426	0.0107426
1423	3847	3847	50.5735	0.0131462	0.0131462
1424	1124	1124	12.337	0.010976	0.010976
1425	1237	1237	13.8618	0.011206	0.011206
1426	3657	3657	661.111	0.18078	0.18078
1427	1627	1627	22.7917	0.0140084	0.0140084
1428	817	817	10.6298	0.0130108	0.0130108
1429	1553	1553	13.7377	0.00884594	0.00884594
1430	1475	1475	4.66194	0.00316063	0.00316063
1431	1091	1091	4.23148	0.00387854	0.00387854
1432	521	521	4.55979	0.008752	0.008752
1433	1123	1123	11.5563	0.0102906	0.0102906
1434	790	790	2.21788	0.00280745	0.00280745
1435	450	450	7.42699	0.0165044	0.0165044
1436	371	371	11.3156	0.0305002	0.0305002
1437	994	994	5.95326	0.0059892	0.0059892
1438	1351	1351	5.5447	0.00410415	0.00410415
1439	2247	2247	26.3592	0.0117309	0.0117309
1440	1107	1107	11.4834	0.0103734	0.0103734
1441	641	641	8.4119	0.0131231	0.0131231
1442	2088	2088	10.4401	0.00500005	0.00500005
1443	768	768	16.8968	0.022001	0.022001
1444	561	561	5.96785	0.0106379	0.0106379
1445	645	645	6.26697	0.00971624	0.00971624
1446	1231	1231	7.17164	0.00582586	0.00582586
1447	1630	1630	8.52134	0.00522781	0.00522781
1448	1384	1384	11.6147	0.00839212	0.00839212
1449	5662	5662	47.5313	0.00839478	0.00839478
1450	966	966	5.5447	0.00573986	0.00573986
1451	1409	1409	14.2849	0.0101383	0.0101383
1452	710	710	3.21009	0.00452125	0.00452125
1453	665	665	3.85941	0.00580362	0.00580362
1454	1136	1136	19.8588	0.0174813	0.0174813
1455	1057	1057	13.5626	0.0128313	0.0128313
1456	385	385	5.41338	0.0140607	0.0140607
1457	1865	1865	17.7795	0.00953326	0.00953326
1458	874	874	6.0554	0.00692838	0.00692838
1459	2917	2917	23.8422	0.00817355	0.00817355
1460	1606	1606	2.32002	0.0014446	0.0014446
1461	488	488	0.890072	0.00182392	0.00182392
1462	1063	1063	8.0836	0.00760451	0.00760451
1463	1235	1235	10.3598	0.00838853	0.00838853
1464	1061	1061	8.40461	0.0079214	0.0079214
1465	1073	1073	3.2101	0.0029917	0.0029917
1466	1665	1665	10.0826	0.00605562	0.00605562
1467	1628	1628	17.2761	0.0106119	0.0106119
1468	1598	1598	4.18042	0.00261603	0.00261603
1469	312	312	1.92605	0.00617325	0.00617325
1470	2442	2442	5.33313	0.00218392	0.00218392
1471	548	548	7.58749	0.0138458	0.0138458
1472	509	509	1.24026	0.00243666	0.00243666
1473	1946	1946	13.5116	0.00694325	0.00694325
1474	1645	1645	1.83851	0.00111763	0.00111763
1475	1803	1803	15.6346	0.00867144	0.00867144
1476	1020	1020	10.4766	0.0102711	0.0102711
1477	929	929	9.19255	0.0098951	0.0098951
1478	926	926	4.04909	0.00437267	0.00437267
1479	1980	1980	12.0378	0.00607972	0.00607972
1480	1098	1098	9.89292	0.00900994	0.00900994
1481	983	983	8.42649	0.00857222	0.00857222
1482	878	878	4.04909	0.00461172	0.00461172
1483	786	786	3.98343	0.00506798	0.00506798
1484	396	396	2.15951	0.00545332	0.00545332
1485	699	699	1.83851	0.0026302	0.0026302
1486	608	608	0	0	0
1487	1152	1152	5.13614	0.00445846	0.00445846
1488	1318	1318	15.9556	0.0121059	0.0121059
1489	1021	1021	11.7752	0.011533	0.011533
1490	1175	1175	25.0898	0.021353	0.021353
1491	1150	1150	24.5864	0.0213795	0.0213795
1492	1179	1179	7.28837	0.00618182	0.00618182
1493	1059	1059	26.4906	0.0250147	0.0250147
1494	1595	1595	4.23148	0.00265297	0.00265297
1495	1003	1003	3.21009	0.00320049	0.00320049
1496	523	523	1.50291	0.00287363	0.00287363
1497	1433	1433	10.1629	0.00709201	0.00709201
1498	601	601	3.97613	0.00661586	0.00661586
1499	771	771	3.72079	0.00482593	0.00482593
1500	2798	2798	11.0164	0.00393726	0.00393726
1501	418	418	1.02139	0.00244353	0.00244353
1502	1180	1180	3.39248	0.00287499	0.00287499
1503	1174	1174	5.28936	0.00450542	0.00450542
1504	858	858	12.3589	0.0144043	0.0144043
1505	610	610	4.81513	0.00789366	0.00789366
1506	1136	1136	12.1108	0.0106609	0.0106609
1507	583	583	2.41486	0.00414213	0.00414213
1508	838	838	7.44887	0.00888887	0.00888887
1509	1465	1465	9.4187	0.00642915	0.00642915
1510	1001	1001	4.07098	0.00406691	0.00406691
1511	1173	1173	8.5797	0.00731432	0.00731432
1512	1315	1315	14.4016	0.0109518	0.0109518
1513	1008	1008	26.2133	0.0260053	0.0260053
1514	1382	1382	11.7168	0.00847817	0.00847817
1515	1143	1143	1.15272	0.0010085	0.0010085
1516	1607	1607	9.07581	0.00564767	0.00564767
1517	4524	4524	37236.6	8.2309	8.2309
1518	881	881	27.512	0.0312281	0.0312281
1519	1204	1204	18.7499	0.015573	0.015573
1520	747	747	5.0486	0.0067585	0.0067585
1521	618	618	1.29863	0.00210134	0.00210134
1522	523	523	1.45913	0.00278993	0.00278993
1523	1158	1158	6.84333	0.00590961	0.00590961
1524	1137	1137	8.25139	0.00725716	0.00725716
1525	957	957	13.6721	0.0142864	0.0142864
1526	769	769	4.12205	0.00536027	0.00536027
1527	737	737	10.6882	0.0145022	0.0145022
1528	1152	1152	12.4975	0.0108485	0.0108485
1529	758	758	1.15272	0.00152073	0.00152073
1530	700	700	7.7334	0.0110477	0.0110477
1531	616	616	2.1887	0.00355308	0.00355308
1532	1266	1266	1.06517	0.000841365	0.000841365
1533	1392	1392	4.17312	0.00299793	0.00299793
1534	1023	1023	13.5991	0.0132934	0.0132934
1535	800	800	1.22567	0.00153209	0.00153209
1536	557	557	0.218869	0.000392943	0.000392943
1537	599	599	2.61185	0.00436034	0.00436034
1538	1524	1524	22.0037	0.0144381	0.0144381
1539	966	966	10.5933	0.0109661	0.0109661
1540	417	417	10.2212	0.0245113	0.0245113
1541	1470	1470	24.0611	0.0163681	0.0163681
1542	1260	1260	13.2781	0.0105382	0.0105382
1543	1023	1023	4.17312	0.00407929	0.00407929
1544	1623	1623	4.51601	0.00278251	0.00278251
1545	846	846	11.0164	0.0130218	0.0130218
1546	1109	1109	6.51503	0.00587469	0.00587469
1547	1159	1159	5.67603	0.00489735	0.00489735
1548	736	736	6.71201	0.00911958	0.00911958
1549	634	634	1.09435	0.0017261	0.0017261
1550	823	823	8.67455	0.0105402	0.0105402
1551	829	829	6.85792	0.00827252	0.00827252
1552	826	826	9.46976	0.0114646	0.0114646
1553	1105	1105	10.3598	0.00937542	0.00937542
1554	746	746	8.96637	0.0120193	0.0120193
1555	1041	1041	3.98343	0.00382654	0.00382654
1556	1212	1212	3.74997	0.00309403	0.00309403
1557	809	809	5.8876	0.00727763	0.00727763
1558	872	872	13.103	0.0150264	0.0150264
1559	1383	1383	10.4109	0.00752778	0.00752778
1560	1151	1151	9.00285	0.00782176	0.00782176
1561	764	764	9.89291	0.0129488	0.0129488
1562	921	921	5.77087	0.00626587	0.00626587
1563	1038	1038	6.69012	0.0064452	0.0064452
1564	439	439	6.77037	0.0154223	0.0154223
1565	1660	1660	13.1833	0.00794173	0.00794173
1566	783	783	5.8803	0.00750996	0.00750996
1567	1308	1308	7.64585	0.00584545	0.00584545
1568	996	996	2.07197	0.00208029	0.00208029
1569	877	877	1.07246	0.00122288	0.00122288
1570	896	896	10.8341	0.0120916	0.0120916
1571	698	698	4.38469	0.0062818	0.0062818
1572	1166	1166	10.1629	0.008716	0.008716
1573	1253	1253	18.779	0.0149873	0.0149873
1574	2745	2745	34.6179	0.0126113	0.0126113
1575	834	834	3.96154	0.00475005	0.00475005
1576	1808	1808	70.1114	0.0387784	0.0387784
1577	1375	1375	12.6945	0.00923233	0.00923233
1578	915	915	19.6254	0.0214485	0.0214485
1579	853	853	8.25869	0.00968193	0.00968193
1580	1392	1392	9.19254	0.00660384	0.00660384
1581	1693	1693	5.03401	0.00297343	0.00297343
1582	1698	1698	6.73389	0.00396578	0.00396578
1583	1735	1735	47.6772	0.0274796	0.0274796
1584	1216	1216	18.1516	0.0149273	0.0149273
1585	1975	1975	38.2293	0.0193566	0.0193566
1586	598	598	1.28404	0.00214722	0.00214722
1587	446	446	0	0	0
1588	479	479	1.12353	0.00234558	0.00234558
1589	804	804	9.99506	0.0124317	0.0124317
1590	1291	1291	12.9206	0.0100082	0.0100082
1591	704	704	5.62495	0.00798999	0.00798999
1592	1634	1634	19.0344	0.011649	0.011649
1593	4099	4099	78.9391	0.0192581	0.0192581
1594	1295	1295	7.46347	0.00576329	0.00576329
1595	1563	1563	8.30246	0.00531188	0.00531188
1596	2475	2475	5.0486	0.00203984	0.00203984
1597	2754	2754	51.9889	0.0188776	0.0188776
1598	802	802	7.12057	0.00887851	0.00887851
1599	711	711	4.23149	0.00595146	0.00595146
1600	1051	1051	4.58167	0.00435935	0.00435935
1601	815	815	1.60504	0.00196938	0.00196938
1602	1016	1016	4.57438	0.00450234	0.00450234
1603	345	345	3.18091	0.00922003	0.00922003
1604	911	911	6.5661	0.00720757	0.00720757
1605	1012	1012	9.86375	0.00974678	0.00974678
1606	828	828	7.79177	0.00941035	0.00941035
1607	1387	1387	14.1098	0.0101729	0.0101729
1608	811	811	19.6472	0.0242259	0.0242259
1609	1068	1068	2.97663	0.00278711	0.00278711
1610	1109	1109	6.97465	0.00628914	0.00628914
1611	1068	1068	10.1629	0.00951578	0.00951578
1612	822	822	6.82144	0.00829859	0.00829859
1613	718	718	3.02041	0.0042067	0.0042067
1614	2725	2725	13.5408	0.00496908	0.00496908
1615	1816	1816	5.2237	0.00287649	0.00287649
1616	597	597	1.23297	0.00206527	0.00206527
1617	1429	1429	19.4502	0.0136111	0.0136111
1618	2479	2479	16.5101	0.00665998	0.00665998
1619	11055	11055	426.119	0.0385453	0.0385453
1620	595	595	0	0	0
1621	803	803	5.12885	0.00638711	0.00638711
1622	2415	2415	30.0144	0.0124283	0.0124283
1623	3294	3294	39.6447	0.0120354	0.0120354
1624	1575	1575	617.323	0.391951	0.391951
1625	725	725	40.148	0.0553766	0.0553766
1626	575	575	0	0	0
1627	2943	2943	26.7897	0.00910285	0.00910285
1628	5342	5342	139.238	0.0260647	0.0260647
1629	5860	5860	84.5713	0.014432	0.014432
1630	425	425	4.0345	0.00949295	0.00949295
1631	4135	4135	28082.1	6.79133	6.79133
1632	465	465	0	0	0
1633	831	831	5.06319	0.00609289	0.00609289
1634	3432	3432	19.1146	0.00556953	0.00556953
1635	1222	1222	19.7275	0.0161436	0.0161436
1636	1141	1141	4.96105	0.00434799	0.00434799
1637	1916	1916	7.14245	0.00372779	0.00372779
1638	929	929	5.36961	0.00577998	0.00577998
1639	481	481	16.1526	0.0335813	0.0335813
1640	954	954	2.04278	0.00214128	0.00214128
1641	1620	1620	16.211	0.0100068	0.0100068
1642	782	782	7.16434	0.00916156	0.00916156
1643	644	644	1.75096	0.00271888	0.00271888
1644	1084	1084	7.55831	0.00697261	0.00697261
1645	1077	1077	0	0	0
1646	548	548	0	0	0
1647	849	849	0	0	0
1648	2341	2341	69.0024	0.0294756	0.0294756
1649	834	834	0	0	0
1650	565	565	0	0	0
1651	644	644	0.780637	0.00121217	0.00121217
1652	2469	2469	16.4882	0.00667809	0.00667809
1653	1035	1035	14.5038	0.0140133	0.0140133
1654	501	501	5.09237	0.0101644	0.0101644
1655	468	468	10.9143	0.0233212	0.0233212
1656	1096	1096	7.39781	0.00674983	0.00674983
1657	960	960	7.87932	0.00820763	0.00820763
1658	308	308	5.77087	0.0187366	0.0187366
1659	681	681	0	0	0
1660	1031	1031	4.15853	0.00403349	0.00403349
1661	640	640	16.3715	0.0255804	0.0255804
1662	374	374	2.90367	0.00776383	0.00776383
1663	1367	1367	17.0719	0.0124886	0.0124886
1664	990	990	7.22271	0.00729567	0.00729567
1665	690	690	0	0	0
1666	1071	1071	3.31223	0.00309265	0.00309265
1667	789	789	0	0	0
1668	1120	1120	5.3769	0.0048008	0.0048008
1669	995	995	19.3335	0.0194307	0.0194307
1670	926	926	4.15123	0.00448297	0.00448297
1671	1387	1387	18.9177	0.0136393	0.0136393
1672	2509	2509	15.9337	0.00635063	0.00635063
1673	1290	1290	5.58119	0.0043265	0.0043265
1674	587	587	0	0	0
1675	494	494	3.45084	0.00698552	0.00698552
1676	751	751	2.33461	0.00310867	0.00310867
1677	678	678	3.356	0.00494986	0.00494986
1678	456	456	5.77817	0.0126714	0.0126714
1679	922	922	7.49994	0.00813443	0.00813443
1680	1535	1535	11.1186	0.00724338	0.00724338
1681	2153	2153	4.76407	0.00221276	0.00221276
1682	1022	1022	12.4756	0.012207	0.012207
1683	572	572	3.72808	0.00651763	0.00651763
1684	1150	1150	8.20033	0.00713072	0.00713072
1685	1026	1026	4.89539	0.00477133	0.00477133
1686	773	773	10.7976	0.0139684	0.0139684
1687	837	837	14.0223	0.016753	0.016753
1688	906	906	8.21491	0.00906723	0.00906723
1689	587	587	4.2023	0.00715894	0.00715894
1690	639	639	2.17411	0.00340236	0.00340236
1691	428	428	5.76358	0.0134663	0.0134663
1692	4631	4631	16.0942	0.00347533	0.00347533
1693	1311	1311	12.8039	0.0097665	0.0097665
1694	1068	1068	17.9255	0.0167841	0.0167841
1695	969	969	2.40027	0.00247706	0.00247706
1696	1155	1155	3.34141	0.002893	0.002893
1697	1090	1090	2.1887	0.00200798	0.00200798
1698	1447	1447	8.65994	0.00598476	0.00598476
1699	1578	1578	20.6467	0.0130841	0.0130841
1700	1838	1838	15.4449	0.00840311	0.00840311
1701	991	991	4.47224	0.00451286	0.00451286
1702	764	764	12.9133	0.0169023	0.0169023
1703	918	918	71.5559	0.0779476	0.0779476
1704	1315	1315	14.6205	0.0111183	0.0111183
1705	505	505	1.15272	0.00228261	0.00228261
1706	2140	2140	5.50823	0.00257394	0.00257394
1707	578	578	14.9999	0.0259514	0.0259514
1708	366	366	6.909	0.0188771	0.0188771
1709	622	622	3.06418	0.00492633	0.00492633
1710	599	599	2.53159	0.00422636	0.00422636
1711	1097	1097	15.3209	0.0139662	0.0139662
1712	602	602	0.510695	0.000848331	0.000848331
1713	1652	1652	7.20811	0.00436326	0.00436326
1714	3963	3963	27.6068	0.00696613	0.00696613
1715	1671	1671	1.16731	0.000698568	0.000698568
1716	1580	1580	3.06418	0.00193935	0.00193935
1717	2018	2018	26.4833	0.0131235	0.0131235
1718	742	742	1.61964	0.0021828	0.0021828
1719	1496	1496	65.2816	0.0436374	0.0436374
1720	1023	1023	1.45913	0.00142633	0.00142633
1721	1116	1116	16.3131	0.0146175	0.0146175
1722	766	766	3.91047	0.00510506	0.00510506
1723	1156	1156	9.33845	0.00807824	0.00807824
1724	1771	1771	9.4406	0.00533066	0.00533066
1725	1152	1152	15.0364	0.0130524	0.0130524
1726	1229	1229	5.75627	0.00468371	0.00468371
1727	1178	1178	7.22271	0.00613133	0.00613133
1728	1132	1132	4.85161	0.00428588	0.00428588
1729	1073	1073	1.15271	0.00107429	0.00107429
1730	1373	1373	12.9936	0.00946364	0.00946364
1731	862	862	4.56709	0.00529825	0.00529825
1732	605	605	2.90367	0.00479946	0.00479946
1733	591	591	2.40757	0.00407372	0.00407372
1734	524	524	3.96884	0.00757412	0.00757412
1735	1309	1309	30.2041	0.0230742	0.0230742
1736	525	525	0.911959	0.00173706	0.00173706
1737	987	987	10.2577	0.0103928	0.0103928
1738	1938	1938	10.5568	0.00544728	0.00544728
1739	2410	2410	23.2075	0.00962967	0.00962967
1740	398	398	5.01942	0.0126116	0.0126116
1741	982	982	8.0836	0.00823178	0.00823178
1742	4772	4772	14913.6	3.12522	3.12522
1743	2471	2471	344.443	0.139394	0.139394
1744	8227	8227	3042.58	0.369829	0.369829
1745	7889	7889	641.523	0.0813187	0.0813187
1746	6854	6854	1386.61	0.202307	0.202307
1747	9747	9747	562.109	0.05767	0.05767
1748	1179	1179	8.71832	0.00739468	0.00739468
1749	1787	1787	5.09237	0.00284968	0.00284968
1750	2497	2497	13.7158	0.00549293	0.00549293
1751	690	690	6.45666	0.00935748	0.00935748
1752	1737	1737	2.39298	0.00137765	0.00137765
1753	971	971	16.2401	0.0167252	0.0167252
1754	774	774	5.96785	0.0077104	0.0077104
1755	634	634	5.50093	0.00867654	0.00867654
1756	2250	2250	18.6915	0.00830733	0.00830733
1757	1128	1128	8.84234	0.00783896	0.00783896
1758	396	396	2.40027	0.00606129	0.00606129
1759	557	557	4.93916	0.00886743	0.00886743
1760	935	935	5.56659	0.00595358	0.00595358
1761	892	892	2.27625	0.00255185	0.00255185
1762	1190	1190	9.09039	0.00763898	0.00763898
1763	1452	1452	37.4487	0.0257911	0.0257911
1764	951	951	0.131322	0.000138088	0.000138088
1765	632	632	6.37642	0.0100893	0.0100893
1766	620	620	9.49166	0.0153091	0.0153091
1767	1631	1631	42.5483	0.0260873	0.0260873
1768	1154	1154	12.5558	0.0108803	0.0108803
1769	716	716	10.8268	0.0151212	0.0151212
1770	1648	1648	0	0	0
1771	4522	4522	152.501	0.0337243	0.0337243
1772	8724	8724	8.12008	0.000930775	0.000930775
1773	11234	11234	0	0	0
1774	986	986	0	0	0
1775	9737	9737	1.53209	0.000157347	0.000157347
1776	1607	1607	4.50872	0.00280568	0.00280568
1777	717	717	3.79375	0.00529114	0.00529114
1778	930	930	6.12835	0.00658963	0.00658963
1779	1110	1110	8.27329	0.00745341	0.00745341
1780	866	866	0	0	0
1781	400	400	3.21009	0.00802523	0.00802523
1782	836	836	9.74701	0.0116591	0.0116591
1783	689	689	2.42946	0.00352606	0.00352606
1784	888	888	4.74218	0.0053403	0.0053403
1785	694	694	5.7198	0.00824179	0.00824179
1786	1378	1378	12.0816	0.00876751	0.00876751
1787	989	989	9.00285	0.00910298	0.00910298
1788	722	722	7.29567	0.0101048	0.0101048
1789	930	930	13.8909	0.0149365	0.0149365
1790	553	553	2.08656	0.00377316	0.00377316
1791	794	794	5.58848	0.00703839	0.00703839
1792	1568	1568	24.3967	0.0155591	0.0155591
1793	1923	1923	14.336	0.00745501	0.00745501
1794	729	729	4.93186	0.00676525	0.00676525
1795	687	687	1.6853	0.00245313	0.00245313
1796	1013	1013	14.8832	0.0146922	0.0146922
1797	662	662	1.16731	0.0017633	0.0017633
1798	1184	1184	19.2314	0.0162427	0.0162427
1799	2357	2357	13.9201	0.00590587	0.00590587
1800	1222	1222	1.91876	0.00157018	0.00157018
1801	755	755	2.81613	0.00372997	0.00372997
1802	940	940	13.5699	0.0144361	0.0144361
1803	1184	1184	12.6872	0.0107155	0.0107155
1804	976	976	18.2684	0.0187176	0.0187176
1805	1432	1432	13.1468	0.00918071	0.00918071
1806	2814	2814	23.6744	0.00841309	0.00841309
1807	1237	1237	11.9211	0.00963712	0.00963712
1808	1570	1570	19.4648	0.012398	0.012398
1809	1517	1517	571.762	0.376903	0.376903
1810	1158	1158	9.89292	0.00854311	0.00854311
1811	484	484	2.25436	0.00465777	0.00465777
1812	833	833	9.77619	0.0117361	0.0117361
1813	1617	1617	17.3783	0.0107472	0.0107472
1814	1132	1132	16.5174	0.0145913	0.0145913
1815	1080	1080	6.2305	0.00576898	0.00576898
1816	675	675	1.48102	0.00219411	0.00219411
1817	453	453	5.78546	0.0127714	0.0127714
1818	1210	1210	6.01163	0.00496829	0.00496829
1819	635	635	3.94695	0.00621567	0.00621567
1820	508	508	6.41289	0.0126238	0.0126238
1821	759	759	7.54372	0.00993902	0.00993902
1822	1207	1207	4.61086	0.0038201	0.0038201
1823	1460	1460	8.65265	0.00592647	0.00592647
1824	989	989	5.67602	0.00573915	0.00573915
1825	675	675	6.49313	0.00961946	0.00961946
1826	1229	1229	7.82095	0.00636367	0.00636367
1827	638	638	12.6945	0.0198973	0.0198973
1828	673	673	7.69693	0.0114367	0.0114367
1829	950	950	0	0	0
1830	903	903	0	0	0
1831	503	503	0	0	0
1832	1688	1688	79.3769	0.0470242	0.0470242
1833	303	303	0	0	0
1834	779	779	3.1955	0.00410205	0.00410205
1835	728	728	1.16731	0.00160344	0.00160344
1836	1391	1391	0	0	0
1837	986	986	10.068	0.010211	0.010211
1838	1018	1018	17.8014	0.0174867	0.0174867
1839	3699	3699	1025.56	0.277253	0.277253
1840	403	403	0.26994	0.000669826	0.000669826
1841	1262	1262	0	0	0
1842	1440	1440	0	0	0
1843	865	865	0	0	0
1844	1609	1609	0	0	0
1845	1948	1948	0	0	0
1846	686	686	0	0	0
1847	498	498	0	0	0
1848	1841	1841	0	0	0
1849	329	329	8.14926	0.0247698	0.0247698
1850	925	925	18.0787	0.0195445	0.0195445
1851	745	745	0	0	0
1852	768	768	0	0	0
1853	1272	1272	4.08558	0.00321193	0.00321193
1854	624	624	0	0	0
1855	520	520	0	0	0
1856	503	503	32.1155	0.0638479	0.0638479
1857	1076	1076	3.76456	0.00349866	0.00349866
1858	974	974	6.72661	0.00690617	0.00690617
1859	685	685	4.34091	0.0063371	0.0063371
1860	879	879	4.65463	0.00529538	0.00529538
1861	1177	1177	3.64054	0.00309306	0.00309306
1862	829	829	7.87202	0.00949581	0.00949581
1863	763	763	7.87932	0.0103268	0.0103268
1864	764	764	2.83072	0.00370513	0.00370513
1865	455	455	11.8555	0.026056	0.026056
1866	911	911	3.50192	0.00384404	0.00384404
1867	1142	1142	7.01843	0.00614573	0.00614573
1868	856	856	2.37109	0.00276997	0.00276997
1869	1119	1119	1.16001	0.00103665	0.00103665
1870	814	814	22.0986	0.0271481	0.0271481
1871	798	798	5.3988	0.00676541	0.00676541
1872	1023	1023	3.39977	0.00332334	0.00332334
1873	577	577	5.42068	0.00939458	0.00939458
1874	834	834	3.64783	0.0043739	0.0043739
1875	1431	1431	8.85693	0.00618933	0.00618933
1876	1947	1947	10.192	0.00523474	0.00523474
1877	599	599	1.75826	0.00293532	0.00293532
1878	895	895	6.09188	0.00680657	0.00680657
1879	633	633	10.3744	0.0163893	0.0163893
1880	835	835	16.8165	0.0201395	0.0201395
1881	2211	2211	18.6258	0.00842417	0.00842417
1882	1191	1191	1.52479	0.00128026	0.00128026
1883	966	966	11.549	0.0119555	0.0119555
1884	381	381	4.2169	0.011068	0.011068
1885	880	880	1.86769	0.00212238	0.00212238
1886	895	895	3.88858	0.00434479	0.00434479
1887	1903	1903	0	0	0
1888	2092	2092	10.5714	0.00505326	0.00505326
1889	693	693	0	0	0
1890	594	594	6.09917	0.010268	0.010268
1891	1199	1199	4.3774	0.00365088	0.00365088
1892	474	474	4.713	0.00994304	0.00994304
1893	1444	1444	12.2859	0.00850824	0.00850824
1894	896	896	12.0233	0.0134188	0.0134188
1895	545	545	2.80883	0.00515382	0.00515382
1896	1118	1118	8.15655	0.00729566	0.00729566
1897	2284	2284	22.3831	0.00979996	0.00979996
1898	929	929	15.9483	0.0171672	0.0171672
1899	803	803	7.02573	0.00874935	0.00874935
1900	1030	1030	10.068	0.00977477	0.00977477
1901	1314	1314	10.1264	0.00770653	0.00770653
1902	2306	2306	22.4123	0.00971911	0.00971911
1903	661	661	8.9153	0.0134876	0.0134876
1904	577	577	7.20812	0.0124924	0.0124924
1905	1406	1406	33.9832	0.0241701	0.0241701
1906	1002	1002	5.86571	0.005854	0.005854
1907	847	847	5.79276	0.00683914	0.00683914
1908	993	993	2.81613	0.00283598	0.00283598
1909	330	330	3.25387	0.0098602	0.0098602
1910	840	840	4.96105	0.00590601	0.00590601
1911	909	909	6.87982	0.00756855	0.00756855
1912	657	657	5.50093	0.0083728	0.0083728
1913	362	362	3.88129	0.0107218	0.0107218
1914	490	490	1.24026	0.00253115	0.00253115
1915	351	351	4.3774	0.0124712	0.0124712
1916	850	850	1.02139	0.00120164	0.00120164
1917	1005	1005	3.42896	0.0034119	0.0034119
1918	2187	2187	4.85162	0.00221839	0.00221839
1919	918	918	13.4094	0.0146072	0.0146072
1920	1102	1102	18.8301	0.0170872	0.0170872
1921	2379	2379	14.1536	0.00594939	0.00594939
1922	1316	1316	7.87932	0.00598733	0.00598733
1923	684	684	3.32682	0.00486378	0.00486378
1924	372	372	5.54471	0.0149051	0.0149051
1925	1578	1578	7.95957	0.00504409	0.00504409
1926	674	674	0.466923	0.000692764	0.000692764
1927	1169	1169	6.36182	0.0054421	0.0054421
1928	1913	1913	6.2305	0.00325693	0.00325693
1929	2819	2819	33.312	0.011817	0.011817
1930	1106	1106	5.09237	0.00460432	0.00460432
1931	1357	1357	11.4104	0.00840856	0.00840856
1932	937	937	6.23049	0.0066494	0.0066494
1933	767	767	1.80203	0.00234945	0.00234945
1934	1097	1097	16.1964	0.0147642	0.0147642
1935	2608	2608	18.3486	0.0070355	0.0070355
1936	554	554	15.6419	0.0282345	0.0282345
1937	1590	1590	14.781	0.00929624	0.00929624
1938	806	806	2.34191	0.00290559	0.00290559
1939	643	643	1.50291	0.00233734	0.00233734
1940	1776	1776	12.9717	0.00730387	0.00730387
1941	1490	1490	22.9959	0.0154335	0.0154335
1942	527	527	2.02819	0.00384857	0.00384857
1943	1283	1283	12.7236	0.00991711	0.00991711
1944	1659	1659	2.63373	0.00158754	0.00158754
1945	589	589	5.82924	0.00989684	0.00989684
1946	436	436	5.02672	0.0115292	0.0115292
1947	493	493	4.18771	0.00849435	0.00849435
1948	1703	1703	4.85892	0.00285315	0.00285315
1949	1072	1072	4.7203	0.00440326	0.00440326
1950	1875	1875	13.5918	0.00724897	0.00724897
1951	1336	1336	9.30927	0.00696801	0.00696801
1952	1648	1648	9.98046	0.00605611	0.00605611
1953	827	827	7.00384	0.00846897	0.00846897
1954	1068	1068	9.41141	0.00881218	0.00881218
1955	1821	1821	12.1181	0.00665464	0.00665464
1956	18274	18274	125.332	0.0068585	0.0068585
1957	2299	2299	19.8442	0.00863167	0.00863167
1958	9066	9066	65.6099	0.00723692	0.00723692
1959	4622	4622	135.459	0.0293074	0.0293074
1960	3593	3593	310.438	0.0864008	0.0864008
1961	2558	2558	124.792	0.0487852	0.0487852
1962	2524	2524	32.0426	0.0126952	0.0126952
1963	770	770	6.32534	0.00821473	0.00821473
1964	1187	1187	9.30926	0.00784268	0.00784268
1965	689	689	0	0	0
1966	1807	1807	33.3996	0.0184834	0.0184834
1967	1246	1246	1.25485	0.00100711	0.00100711
1968	667	667	3.75727	0.00563308	0.00563308
1969	1508	1508	13.3365	0.00884382	0.00884382
1970	463	463	3.85211	0.00831989	0.00831989
1971	1325	1325	5.07779	0.00383229	0.00383229
1972	400	400	1.71448	0.0042862	0.0042862
1973	736	736	3.08606	0.00419302	0.00419302
1974	843	843	9.31656	0.0110517	0.0110517
1975	1301	1301	2.21059	0.00169914	0.00169914
1976	1488	1488	62.0642	0.0417098	0.0417098
1977	2122	2122	3.21009	0.00151277	0.00151277
1978	478	478	14.0661	0.0294269	0.0294269
1979	1270	1270	10.71	0.00843309	0.00843309
1980	819	819	3.32682	0.00406205	0.00406205
1981	1208	1208	14.2703	0.0118132	0.0118132
1982	889	889	6.46395	0.00727104	0.00727104
1983	815	815	5.10696	0.00626621	0.00626621
1984	468	468	3.47273	0.00742037	0.00742037
1985	854	854	4.47954	0.00524536	0.00524536
1986	520	520	11.1915	0.0215222	0.0215222
1987	1073	1073	11.2353	0.0104709	0.0104709
1988	431	431	5.18722	0.0120353	0.0120353
1989	1184	1184	1.16731	0.000985901	0.000985901
1990	1534	1534	6.63905	0.00432794	0.00432794
1991	621	621	4.52331	0.00728392	0.00728392
1992	1211	1211	2.6921	0.00222304	0.00222304
1993	521	521	2.1887	0.00420096	0.00420096
1994	309	309	2.1741	0.00703594	0.00703594
1995	2145	2145	8.90071	0.00414952	0.00414952
1996	1236	1236	7.28107	0.00589083	0.00589083
1997	968	968	4.11475	0.00425078	0.00425078
1998	1577	1577	2.77235	0.00175799	0.00175799
1999	524	524	10.4328	0.0199099	0.0199099
2000	621	621	8.03983	0.0129466	0.0129466
2001	341	341	8.17845	0.0239837	0.0239837
2002	612	612	6.40559	0.0104666	0.0104666
2003	679	679	5.39879	0.00795109	0.00795109
2004	2141	2141	14.3214	0.00668911	0.00668911
2005	710	710	5.42797	0.00764503	0.00764503
2006	1281	1281	2.33461	0.00182249	0.00182249
2007	1499	1499	9.32385	0.00622005	0.00622005
2008	433	433	2.8453	0.00657114	0.00657114
2009	3386	3386	60.8458	0.0179698	0.0179698
2010	1222	1222	5.28936	0.00432844	0.00432844
2011	1167	1167	8.65266	0.00741445	0.00741445
2012	728	728	2.33461	0.00320688	0.00320688
2013	905	905	6.34723	0.00701352	0.00701352
2014	1040	1040	3.64054	0.00350052	0.00350052
2015	2327	2327	4.77866	0.00205357	0.00205357
2016	2002	2002	71.6288	0.0357786	0.0357786
2017	1639	1639	4.53061	0.00276425	0.00276425
2018	576	576	7.14246	0.0124001	0.0124001
2019	1949	1949	24.4259	0.0125325	0.0125325
2020	682	682	3.13714	0.00459991	0.00459991
2021	322	322	1.1819	0.00367049	0.00367049
2022	510	510	1.09435	0.00214579	0.00214579
2023	500	500	0	0	0
2024	812	812	0.087548	0.000107818	0.000107818
2025	684	684	7.0622	0.0103249	0.0103249
2026	1003	1003	3.77915	0.00376785	0.00376785
2027	516	516	1.02139	0.00197945	0.00197945
2028	774	774	2.80153	0.00361955	0.00361955
2029	992	992	7.76259	0.00782519	0.00782519
2030	1393	1393	9.27279	0.00665671	0.00665671
2031	8779	8779	51.3542	0.00584966	0.00584966
2032	642	642	2.1887	0.00340919	0.00340919
2033	1891	1891	969.536	0.512711	0.512711
2034	612	612	0	0	0
2035	2565	2565	14.3725	0.00560329	0.00560329
2036	1127	1127	0.138618	0.000122997	0.000122997
2037	927	927	0	0	0
2038	704	704	4.52331	0.00642516	0.00642516
2039	1183	1183	9.19253	0.00777053	0.00777053
2040	636	636	3.64783	0.00573558	0.00573558
2041	1504	1504	51.5366	0.0342663	0.0342663
2042	1061	1061	2.81613	0.00265422	0.00265422
2043	892	892	10.1993	0.0114342	0.0114342
2044	654	654	1.60505	0.0024542	0.0024542
2045	601	601	6.88711	0.0114594	0.0114594
2046	1259	1259	19.2679	0.0153041	0.0153041
2047	396	396	0	0	0
2048	748	748	0	0	0
2049	1446	1446	6.71201	0.00464178	0.00464178
2050	1056	1056	7.28837	0.00690187	0.00690187
2051	1901	1901	13.8691	0.00729567	0.00729567
2052	2769	2769	17.5534	0.00633925	0.00633925
2053	374	374	0.240757	0.000643736	0.000643736
2054	462	462	1.76555	0.00382154	0.00382154
2055	1251	1251	5.73439	0.00458385	0.00458385
2056	1489	1489	9.72512	0.00653131	0.00653131
2057	383	383	1.62693	0.00424787	0.00424787
2058	1943	1943	14.4527	0.00743835	0.00743835
2059	1129	1129	12.337	0.0109273	0.0109273
2060	1588	1588	19.173	0.0120737	0.0120737
2061	449	449	0.809819	0.00180361	0.00180361
2062	922	922	2.21058	0.0023976	0.0023976
2063	631	631	1.10165	0.00174587	0.00174587
2064	585	585	2.94745	0.00503837	0.00503837
2065	1381	1381	4.52331	0.00327539	0.00327539
2066	669	669	7.53641	0.0112652	0.0112652
2067	644	644	4.46494	0.00693314	0.00693314
2068	667	667	2.82342	0.00423302	0.00423302
2069	506	506	2.78694	0.00550779	0.00550779
2070	2792	2792	0	0	0
2071	2889	2889	3.35601	0.00116165	0.00116165
2072	1195	1195	21.1574	0.017705	0.017705
2073	490	490	0	0	0
2074	438	438	0	0	0
2075	1798	1798	15.6273	0.0086915	0.0086915
2076	1629	1629	6.42018	0.00394118	0.00394118
2077	1879	1879	17.2105	0.00915938	0.00915938
2078	626	626	10.586	0.0169105	0.0169105
2079	2105	2105	0	0	0
2080	587	587	0	0	0
2081	6829	6829	292.067	0.0427687	0.0427687
2082	2539	2539	60.6781	0.0238984	0.0238984
2083	13259	13259	1442.41	0.108787	0.108787
2084	1642	1642	2345.5	1.42844	1.42844
2085	5954	5954	132.942	0.0223281	0.0223281
2086	4683	4683	93.2386	0.01991	0.01991
2087	2224	2224	9.77618	0.00439577	0.00439577
2088	4927	4927	142.645	0.0289517	0.0289517
2089	11281	11281	290.988	0.0257945	0.0257945
2090	2550	2550	23.0543	0.0090409	0.0090409
2091	2283	2283	21.9235	0.00960293	0.00960293
2092	3146	3146	1.02139	0.000324664	0.000324664
2093	6121	6121	16.0505	0.0026222	0.0026222
2094	7791	7791	762.893	0.0979198	0.0979198
2095	20592	20592	605.62	0.0294105	0.0294105
2096	2594	2594	36.8431	0.0142032	0.0142032
2097	6182	6182	89.5761	0.0144898	0.0144898
2098	1547	1547	24.2435	0.0156713	0.0156713
2099	1195	1195	15.5252	0.0129918	0.0129918
2100	4318	4318	168.369	0.0389925	0.0389925
2101	1666	1666	22.8938	0.0137418	0.0137418
2102	8278	8278	143.703	0.0173596	0.0173596
2103	6029	6029	200.908	0.0333236	0.0333236
2104	2052	2052	5.5447	0.0027021	0.0027021
2105	7637	7637	125.726	0.0164628	0.0164628
2106	2463	2463	15.9046	0.0064574	0.0064574
2107	6308	6308	113.024	0.0179176	0.0179176
2108	8387	8387	12.7455	0.00151968	0.00151968
2109	11252	11252	900.387	0.0800202	0.0800202
2110	443	443	6.76308	0.0152665	0.0152665
2111	1164	1164	0	0	0
