1	753	753	107.457	0.142706	0.142706
2	2974	2974	40.0087	0.0134528	0.0134528
3	1070	1070	0	0	0
4	571	571	14.3916	0.0252042	0.0252042
5	807	807	39.0013	0.0483287	0.0483287
6	1159	1159	18.5652	0.0160183	0.0160183
7	693	693	34.7797	0.0501872	0.0501872
8	831	831	7.67552	0.00923649	0.00923649
9	744	744	19.4287	0.0261138	0.0261138
10	1743	1743	30.7021	0.0176145	0.0176145
11	1120	1120	30.7021	0.0274126	0.0274126
12	459	459	23.5543	0.0513165	0.0513165
13	1458	1458	9.21063	0.0063173	0.0063173
14	756	756	17.8456	0.0236053	0.0236053
15	757	757	24.8495	0.0328263	0.0328263
16	1136	1136	38.9053	0.0342476	0.0342476
17	5886	5886	129.428	0.0219892	0.0219892
18	412	412	0.71958	0.00174655	0.00174655
19	616	616	16.1186	0.0261665	0.0261665
20	2838	2838	52.2895	0.0184248	0.0184248
21	705	705	6.71608	0.00952635	0.00952635
22	1039	1039	14.9673	0.0144055	0.0144055
23	2368	2368	28.7832	0.0121551	0.0121551
24	502	502	0	0	0
25	615	615	0	0	0
26	947	947	0	0	0
27	2062	2062	36.4587	0.0176812	0.0176812
28	1047	1047	1.67902	0.00160365	0.00160365
29	885	885	12.6646	0.0143103	0.0143103
30	1662	1662	15.3511	0.00923649	0.00923649
31	844	844	15.3511	0.0181885	0.0181885
32	536	536	11.4173	0.021301	0.021301
33	851	851	14.3916	0.0169114	0.0169114
34	411	411	4.89314	0.0119055	0.0119055
35	650	650	59.0056	0.0907778	0.0907778
36	1205	1205	21.1077	0.0175167	0.0175167
37	448	448	0	0	0
38	1077	1077	27.5359	0.0255673	0.0255673
39	1252	1252	30.7021	0.0245224	0.0245224
40	1942	1942	4.4614	0.00229732	0.00229732
41	968	968	6.71608	0.0069381	0.0069381
42	2527	2527	88.2685	0.0349302	0.0349302
43	998	998	0	0	0
44	968	968	6.62014	0.00683898	0.00683898
45	692	692	7.72349	0.0111611	0.0111611
46	787	787	0	0	0
47	1493	1493	13.4322	0.00899676	0.00899676
48	1152	1152	0	0	0
49	686	686	0	0	0
50	1117	1117	6.95594	0.00622734	0.00622734
51	1436	1436	29.167	0.0203113	0.0203113
52	1593	1593	6.71608	0.004216	0.004216
53	1548	1548	0	0	0
54	865	865	16.3585	0.0189115	0.0189115
55	704	704	6.71608	0.00953989	0.00953989
56	858	858	0	0	0
57	8769	8769	2116.77	0.241392	0.241392
58	7558	7558	808.808	0.107013	0.107013
59	468	468	3.2621	0.0069703	0.0069703
60	1297	1297	14.3916	0.0110961	0.0110961
61	601	601	0	0	0
62	1199	1199	0	0	0
63	495	495	6.42825	0.0129864	0.0129864
64	718	718	35.2115	0.0490411	0.0490411
65	403	403	28.7832	0.0714224	0.0714224
66	627	627	0	0	0
67	957	957	0	0	0
68	318	318	0	0	0
69	345	345	0	0	0
70	734	734	20.1483	0.0274499	0.0274499
71	441	441	0	0	0
72	1477	1477	11.3694	0.00769761	0.00769761
73	474	474	15.0632	0.0317789	0.0317789
74	412	412	12.1849	0.029575	0.029575
75	969	969	20.3881	0.0210404	0.0210404
76	857	857	6.86	0.00800466	0.00800466
77	442	442	1.39119	0.00314748	0.00314748
78	1372	1372	0.23986	0.000174825	0.000174825
79	749	749	7.67552	0.0102477	0.0102477
80	823	823	6.71608	0.00816049	0.00816049
81	1297	1297	14.3916	0.0110961	0.0110961
82	738	738	6.38028	0.00864536	0.00864536
83	1036	1036	14.3916	0.0138915	0.0138915
84	771	771	0	0	0
85	989	989	13.3362	0.0134845	0.0134845
86	862	862	20.9638	0.0243199	0.0243199
87	1086	1086	17.0301	0.0156815	0.0156815
88	1063	1063	0	0	0
89	490	490	0	0	0
90	658	658	11.1295	0.0169141	0.0169141
91	1101	1101	6.3323	0.00575141	0.00575141
92	428	428	0	0	0
93	1136	1136	6.71608	0.00591204	0.00591204
94	717	717	6.71608	0.00936692	0.00936692
95	1256	1256	0	0	0
96	1185	1185	13.72	0.0115781	0.0115781
97	1219	1219	56.3192	0.0462011	0.0462011
98	1020	1020	40.4884	0.0396945	0.0396945
99	1685	1685	28.7832	0.017082	0.017082
100	433	433	3.07021	0.00709055	0.00709055
101	404	404	7.96335	0.0197113	0.0197113
102	589	589	8.10727	0.0137645	0.0137645
103	1059	1059	17.5578	0.0165796	0.0165796
104	930	930	14.2957	0.0153717	0.0153717
105	1156	1156	14.1997	0.0122835	0.0122835
106	1223	1223	87.3091	0.0713893	0.0713893
107	502	502	21.1077	0.0420472	0.0420472
108	4888	4888	191.696	0.0392177	0.0392177
109	1083	1083	22.0671	0.0203759	0.0203759
110	528	528	7.05188	0.0133558	0.0133558
111	720	720	32.7169	0.0454402	0.0454402
112	758	758	7.67552	0.010126	0.010126
113	984	984	18.4212	0.0187208	0.0187208
114	947	947	26.9603	0.0284691	0.0284691
115	973	973	0	0	0
116	514	514	12.4727	0.024266	0.024266
117	1092	1092	16.0706	0.0147167	0.0147167
118	2093	2093	6.71608	0.00320883	0.00320883
119	684	684	6.71608	0.00981883	0.00981883
120	1034	1034	23.0266	0.0222694	0.0222694
121	1470	1470	118.059	0.0803123	0.0803123
122	867	867	0	0	0
123	658	658	21.1077	0.0320785	0.0320785
124	660	660	14.6794	0.0222416	0.0222416
125	1276	1276	7.67552	0.0060153	0.0060153
126	623	623	6.14042	0.00985621	0.00985621
127	3055	3055	151.352	0.0495423	0.0495423
128	755	755	0	0	0
129	1130	1130	5.03706	0.00445758	0.00445758
130	1991	1991	37.4182	0.0187937	0.0187937
131	915	915	33.0527	0.0361232	0.0361232
132	1155	1155	14.1517	0.0122526	0.0122526
133	764	764	14.3916	0.0188372	0.0188372
134	1118	1118	8.34713	0.00746613	0.00746613
135	1162	1162	22.0671	0.0189906	0.0189906
136	731	731	0	0	0
137	1205	1205	14.5355	0.0120627	0.0120627
138	531	531	0	0	0
139	775	775	6.18839	0.00798502	0.00798502
140	461	461	3.69384	0.00801268	0.00801268
141	1138	1138	10.8896	0.00956911	0.00956911
142	1054	1054	14.3916	0.0136543	0.0136543
143	1424	1424	27.8238	0.0195392	0.0195392
144	1096	1096	7.67552	0.00700321	0.00700321
145	1330	1330	14.7274	0.0110732	0.0110732
146	886	886	44.3261	0.0500295	0.0500295
147	864	864	25.9049	0.0299825	0.0299825
148	713	713	7.67552	0.0107651	0.0107651
149	2430	2430	14.3916	0.00592247	0.00592247
150	962	962	29.4068	0.0305684	0.0305684
151	1268	1268	0	0	0
152	1298	1298	35.1635	0.0270905	0.0270905
153	310	310	0	0	0
154	437	437	0	0	0
155	808	808	20.1482	0.0249359	0.0249359
156	8524	8524	189.01	0.0221738	0.0221738
157	8077	8077	151.592	0.0187683	0.0187683
158	19056	19056	422.729	0.0221835	0.0221835
159	6486	6486	302.655	0.0466629	0.0466629
160	6962	6962	341.561	0.0490607	0.0490607
161	12458	12458	485.477	0.0389691	0.0389691
162	30196	30196	701.159	0.0232203	0.0232203
163	861	861	53.7286	0.0624026	0.0624026
164	12524	12524	417.356	0.0333245	0.0333245
165	19642	19642	844.739	0.0430068	0.0430068
166	26100	26100	3732.03	0.14299	0.14299
167	7514	7514	3108.01	0.413629	0.413629
168	6912	6912	4161	0.601996	0.601996
169	1650	1650	8761.33	5.30989	5.30989
170	1073	1073	1801.3	1.67875	1.67875
171	1712	1712	1168.45	0.682508	0.682508
172	1778	1778	5099.43	2.86807	2.86807
173	10224	10224	6161.53	0.602653	0.602653
174	2794	2794	43.1748	0.0154527	0.0154527
175	776	776	0	0	0
176	3753	3753	916.841	0.244295	0.244295
177	3969	3969	131.635	0.0331658	0.0331658
178	4946	4946	70.6148	0.0142772	0.0142772
179	6399	6399	378.931	0.0592172	0.0592172
180	7161	7161	125.543	0.0175315	0.0175315
181	1517	1517	21.1077	0.0139141	0.0139141
182	2759	2759	61.4042	0.022256	0.022256
183	2367	2367	551.966	0.233192	0.233192
184	604	604	6.71608	0.0111193	0.0111193
185	809	809	0.383776	0.000474383	0.000474383
186	1206	1206	34.8277	0.0288787	0.0288787
187	2380	2380	64.2825	0.0270095	0.0270095
188	934	934	15.351	0.0164358	0.0164358
189	735	735	6.57216	0.00894172	0.00894172
190	1603	1603	7.67552	0.00478822	0.00478822
191	585	585	15.3511	0.0262411	0.0262411
192	845	845	10.7937	0.0127736	0.0127736
193	2857	2857	22.0671	0.00772388	0.00772388
194	1218	1218	41.2559	0.0338719	0.0338719
195	1078	1078	10.0741	0.0093452	0.0093452
196	1120	1120	9.21062	0.00822377	0.00822377
197	1778	1778	25.5211	0.0143538	0.0143538
198	1196	1196	1.15133	0.000962649	0.000962649
199	1568	1568	27.392	0.0174694	0.0174694
200	2855	2855	33.0047	0.0115603	0.0115603
201	290	290	3.21412	0.0110832	0.0110832
202	2057	2057	34.4919	0.0167681	0.0167681
203	1182	1182	14.1997	0.0120133	0.0120133
204	1041	1041	16.5024	0.0158524	0.0158524
205	794	794	0	0	0
206	802	802	42.3113	0.0527573	0.0527573
207	708	708	5.18098	0.00731776	0.00731776
208	2179	2179	57.4705	0.0263747	0.0263747
209	687	687	6.71608	0.00977595	0.00977595
210	559	559	10.5059	0.018794	0.018794
211	1649	1649	26.8643	0.0162913	0.0162913
212	544	544	21.1077	0.0388009	0.0388009
213	1138	1138	9.78629	0.00859955	0.00859955
214	518	518	17.5578	0.0338953	0.0338953
215	1201	1201	6.71608	0.00559207	0.00559207
216	682	682	11.5133	0.0168816	0.0168816
217	1248	1248	29.7427	0.0238323	0.0238323
218	687	687	6.71608	0.00977595	0.00977595
219	1205	1205	18.0375	0.0149689	0.0149689
220	924	924	10.9856	0.0118892	0.0118892
221	1431	1431	0	0	0
222	912	912	10.1701	0.0111514	0.0111514
223	585	585	0	0	0
224	823	823	12.6646	0.0153883	0.0153883
225	1426	1426	22.0671	0.0154748	0.0154748
226	640	640	29.2629	0.0457233	0.0457233
227	974	974	36.027	0.0369887	0.0369887
228	1396	1396	6.71608	0.00481095	0.00481095
229	1113	1113	12.7606	0.011465	0.011465
230	663	663	0.911468	0.00137476	0.00137476
231	2485	2485	7.48363	0.00301152	0.00301152
232	1118	1118	22.6428	0.0202529	0.0202529
233	18795	18795	44.1342	0.00234819	0.00234819
234	1174	1174	15.5429	0.0132393	0.0132393
235	1299	1299	15.351	0.0118176	0.0118176
236	1151	1151	27.1042	0.0235484	0.0235484
237	774	774	0	0	0
238	440	440	0	0	0
239	1160	1160	7.67552	0.00661683	0.00661683
240	775	775	5.03706	0.00649943	0.00649943
241	1084	1084	14.3916	0.0132764	0.0132764
242	1098	1098	15.3511	0.0139809	0.0139809
243	766	766	0	0	0
244	1160	1160	43.1748	0.0372197	0.0372197
245	990	990	35.1155	0.0354702	0.0354702
246	1524	1524	21.1077	0.0138502	0.0138502
247	436	436	37.3222	0.0856014	0.0856014
248	2615	2615	32.2852	0.0123461	0.0123461
249	951	951	1.00741	0.00105932	0.00105932
250	465	465	7.96335	0.0171255	0.0171255
251	823	823	20.8678	0.0253558	0.0253558
252	765	765	0	0	0
253	436	436	9.88224	0.0226657	0.0226657
254	1042	1042	27.8238	0.0267023	0.0267023
255	625	625	9.30658	0.0148905	0.0148905
256	2876	2876	12.0889	0.00420339	0.00420339
257	1900	1900	51.9057	0.0273188	0.0273188
258	1492	1492	48.9315	0.0327959	0.0327959
259	1025	1025	393.227	0.383636	0.383636
260	1011	1011	469.166	0.464062	0.464062
261	1137	1137	499.772	0.439554	0.439554
262	1041	1041	0	0	0
263	715	715	31.4217	0.0439464	0.0439464
264	495	495	0.383776	0.000775305	0.000775305
265	831	831	14.3916	0.0173184	0.0173184
266	1059	1059	34.5399	0.0326155	0.0326155
267	1881	1881	23.0266	0.0122417	0.0122417
268	1114	1114	7.67552	0.00689005	0.00689005
269	949	949	11.4653	0.0120815	0.0120815
270	682	682	15.351	0.0225089	0.0225089
271	356	356	14.9673	0.0420429	0.0420429
272	685	685	26.1927	0.0382375	0.0382375
273	375	375	6.71608	0.0179095	0.0179095
274	846	846	0	0	0
275	785	785	8.15524	0.0103888	0.0103888
276	479	479	47.4923	0.0991489	0.0991489
277	1706	1706	13.4322	0.00787349	0.00787349
278	1438	1438	28.4474	0.0197826	0.0197826
279	916	916	7.67552	0.00837939	0.00837939
280	1077	1077	9.16265	0.00850757	0.00850757
281	931	931	7.67552	0.00824438	0.00824438
282	1475	1475	24.1299	0.0163593	0.0163593
283	1864	1864	75.508	0.0405086	0.0405086
284	699	699	20.1482	0.0288244	0.0288244
285	620	620	6.71608	0.0108324	0.0108324
286	477	477	0	0	0
287	560	560	0	0	0
288	599	599	9.30658	0.0155369	0.0155369
289	659	659	0	0	0
290	951	951	21.1077	0.0221953	0.0221953
291	1588	1588	49.9389	0.0314477	0.0314477
292	672	672	11.1295	0.0165618	0.0165618
293	1629	1629	1.39119	0.000854014	0.000854014
294	728	728	0	0	0
295	968	968	16.7902	0.0173453	0.0173453
296	1967	1967	0	0	0
297	1723	1723	0	0	0
298	613	613	3.9337	0.00641714	0.00641714
299	352	352	6.71608	0.0190798	0.0190798
300	772	772	37.4182	0.0484691	0.0484691
301	1626	1626	37.706	0.0231894	0.0231894
302	1454	1454	7.67552	0.0052789	0.0052789
303	954	954	28.9751	0.0303722	0.0303722
304	649	649	29.7427	0.0458285	0.0458285
305	2827	2827	64.2825	0.0227388	0.0227388
306	445	445	0	0	0
307	659	659	10.362	0.0157238	0.0157238
308	843	843	5.42084	0.00643041	0.00643041
309	709	709	0	0	0
310	968	968	20.1482	0.0208143	0.0208143
311	382	382	23.2664	0.0609069	0.0609069
312	1056	1056	9.73832	0.00922189	0.00922189
313	718	718	29.071	0.0404889	0.0404889
314	1206	1206	0	0	0
315	1484	1484	13.4322	0.00905132	0.00905132
316	2056	2056	20.1483	0.00979973	0.00979973
317	597	597	29.5987	0.0495791	0.0495791
318	803	803	0	0	0
319	374	374	0	0	0
320	1583	1583	297.426	0.187888	0.187888
321	872	872	29.7427	0.0341086	0.0341086
322	739	739	13.4322	0.0181761	0.0181761
323	1928	1928	45.0457	0.023364	0.023364
324	779	779	0	0	0
325	940	940	47.0605	0.0500644	0.0500644
326	583	583	6.71608	0.0115199	0.0115199
327	948	948	3.64587	0.00384586	0.00384586
328	841	841	6.71608	0.00798583	0.00798583
329	1193	1193	19.2847	0.0161649	0.0161649
330	795	795	1.96685	0.00247403	0.00247403
331	2044	2044	44.9978	0.0220146	0.0220146
332	567	567	0	0	0
333	896	896	10.218	0.0114041	0.0114041
334	1276	1276	21.1077	0.0165421	0.0165421
335	1047	1047	28.3515	0.0270788	0.0270788
336	1586	1586	2.68643	0.00169384	0.00169384
337	1109	1109	10.9856	0.00990585	0.00990585
338	1559	1559	37.4182	0.0240014	0.0240014
339	761	761	15.6389	0.0205504	0.0205504
340	558	558	6.71608	0.012036	0.012036
341	1089	1089	46.197	0.0424215	0.0424215
342	793	793	10.218	0.0128853	0.0128853
343	945	945	41.2559	0.0436571	0.0436571
344	1804	1804	676.405	0.374948	0.374948
345	2094	2094	391.212	0.186825	0.186825
346	3696	3696	214.915	0.0581479	0.0581479
347	367	367	13.6241	0.0371228	0.0371228
348	3157	3157	256.171	0.0811437	0.0811437
349	1322	1322	34.3959	0.0260181	0.0260181
350	701	701	15.3511	0.0218988	0.0218988
351	1387	1387	7.5316	0.00543014	0.00543014
352	534	534	6.71608	0.0125769	0.0125769
353	1555	1555	121.561	0.0781743	0.0781743
354	740	740	7.29174	0.00985371	0.00985371
355	639	639	0	0	0
356	706	706	0	0	0
357	724	724	7.67552	0.0106015	0.0106015
358	956	956	6.71608	0.00702519	0.00702519
359	771	771	13.4322	0.0174217	0.0174217
360	1985	1985	14.3916	0.00725018	0.00725018
361	1749	1749	49.8909	0.0285254	0.0285254
362	1533	1533	43.4627	0.0283514	0.0283514
363	581	581	0.71958	0.00123852	0.00123852
364	1289	1289	16.7422	0.0129885	0.0129885
365	632	632	22.5468	0.0356754	0.0356754
366	1412	1412	16.1186	0.0114154	0.0114154
367	2550	2550	35.4993	0.0139213	0.0139213
368	483	483	10.6018	0.0219499	0.0219499
369	1469	1469	48.9314	0.0333094	0.0333094
370	338	338	0	0	0
371	715	715	19.6685	0.0275084	0.0275084
372	681	681	6.09244	0.00894632	0.00894632
373	594	594	12.4247	0.0209171	0.0209171
374	1817	1817	43.1748	0.0237616	0.0237616
375	1118	1118	14.3916	0.0128726	0.0128726
376	986	986	36.6986	0.0372197	0.0372197
377	750	750	14.0078	0.0186771	0.0186771
378	515	515	15.6389	0.0303668	0.0303668
379	1205	1205	20.1003	0.0166807	0.0166807
380	1014	1014	6.71608	0.00662335	0.00662335
381	980	980	11.0336	0.0112587	0.0112587
382	948	948	2.25468	0.00237836	0.00237836
383	560	560	0	0	0
384	3432	3432	257.466	0.0750191	0.0750191
385	701	701	0	0	0
386	2336	2336	37.4182	0.0160181	0.0160181
387	876	876	6.71608	0.00766676	0.00766676
388	515	515	29.6467	0.0575664	0.0575664
389	1645	1645	16.3585	0.00994435	0.00994435
390	1624	1624	22.0671	0.0135881	0.0135881
391	3319	3319	44.9018	0.0135287	0.0135287
392	887	887	6.71608	0.00757168	0.00757168
393	1250	1250	0.143916	0.000115133	0.000115133
394	778	778	37.3222	0.047972	0.047972
395	522	522	7.67552	0.0147041	0.0147041
396	654	654	18.901	0.0289006	0.0289006
397	2069	2069	14.3916	0.00695582	0.00695582
398	495	495	7.67552	0.0155061	0.0155061
399	740	740	6.71608	0.00907578	0.00907578
400	2271	2271	10.6978	0.00471059	0.00471059
401	362	362	14.3916	0.0397558	0.0397558
402	850	850	41.6877	0.0490443	0.0490443
403	959	959	24.8495	0.0259119	0.0259119
404	1346	1346	22.1631	0.0164659	0.0164659
405	976	976	14.0558	0.0144014	0.0144014
406	2237	2237	6.71608	0.00300227	0.00300227
407	484	484	0.287832	0.000594694	0.000594694
408	1382	1382	28.7832	0.0208272	0.0208272
409	458	458	18.0375	0.0393831	0.0393831
410	1327	1327	52.6733	0.0396935	0.0396935
411	757	757	0	0	0
412	460	460	0	0	0
413	4713	4713	64.2825	0.0136394	0.0136394
414	1077	1077	21.6833	0.0201331	0.0201331
415	993	993	47.1085	0.0474406	0.0474406
416	552	552	13.4322	0.0243336	0.0243336
417	1702	1702	41.2559	0.0242397	0.0242397
418	871	871	26.4806	0.0304025	0.0304025
419	911	911	0	0	0
420	1798	1798	5.94853	0.00330842	0.00330842
421	807	807	9.64237	0.0119484	0.0119484
422	1078	1078	24.3698	0.0226065	0.0226065
423	777	777	22.8347	0.0293883	0.0293883
424	1250	1250	20.1483	0.0161186	0.0161186
425	767	767	21.2996	0.02777	0.02777
426	1705	1705	23.0266	0.0135053	0.0135053
427	553	553	7.67552	0.0138798	0.0138798
428	2563	2563	50.0348	0.019522	0.019522
429	535	535	10.8417	0.0202648	0.0202648
430	1025	1025	22.0671	0.0215289	0.0215289
431	1147	1147	7.91538	0.00690094	0.00690094
432	1804	1804	13.4322	0.00744577	0.00744577
433	761	761	16.1186	0.0211808	0.0211808
434	1763	1763	125.159	0.070992	0.070992
435	1254	1254	44.3261	0.0353478	0.0353478
436	878	878	10.0741	0.0114739	0.0114739
437	1222	1222	0	0	0
438	1020	1020	22.0671	0.0216344	0.0216344
439	1115	1115	3.40601	0.00305472	0.00305472
440	1099	1099	1.24727	0.00113492	0.00113492
441	978	978	15.1592	0.0155002	0.0155002
442	472	472	6.71608	0.014229	0.014229
443	703	703	2.49454	0.00354843	0.00354843
444	1625	1625	15.351	0.00944679	0.00944679
445	1074	1074	12.3288	0.0114793	0.0114793
446	1476	1476	60.5407	0.0410167	0.0410167
447	1440	1440	21.5394	0.0149579	0.0149579
448	835	835	7.67552	0.00919224	0.00919224
449	832	832	7.48363	0.00899475	0.00899475
450	899	899	0	0	0
451	748	748	14.1997	0.0189836	0.0189836
452	1780	1780	14.7274	0.00827383	0.00827383
453	1328	1328	6.71608	0.00505729	0.00505729
454	622	622	6.71608	0.0107976	0.0107976
455	1244	1244	15.3511	0.0123401	0.0123401
456	907	907	0	0	0
457	559	559	38.3296	0.0685682	0.0685682
458	746	746	0	0	0
459	745	745	1.67902	0.00225372	0.00225372
460	872	872	1.34322	0.00154039	0.00154039
461	795	795	0	0	0
462	1191	1191	22.9306	0.0192533	0.0192533
463	687	687	3.50196	0.00509746	0.00509746
464	1029	1029	34.3959	0.0334266	0.0334266
465	535	535	18.9489	0.0354186	0.0354186
466	639	639	13.4322	0.0210206	0.0210206
467	769	769	6.71608	0.00873352	0.00873352
468	2280	2280	42.2154	0.0185155	0.0185155
469	2526	2526	20.1482	0.00797634	0.00797634
470	1035	1035	0	0	0
471	1275	1275	16.5503	0.0129807	0.0129807
472	641	641	7.67552	0.0119743	0.0119743
473	469	469	6.28433	0.0133994	0.0133994
474	1883	1883	39.9127	0.0211963	0.0211963
475	1044	1044	13.9599	0.0133715	0.0133715
476	453	453	0	0	0
477	940	940	46.0531	0.0489927	0.0489927
478	695	695	7.67552	0.0110439	0.0110439
479	495	495	0	0	0
480	495	495	5.6607	0.0114357	0.0114357
481	964	964	7.67552	0.00796216	0.00796216
482	2681	2681	50.9942	0.0190206	0.0190206
483	726	726	32.0933	0.0442056	0.0442056
484	773	773	38.7614	0.0501441	0.0501441
485	2017	2017	0	0	0
486	1040	1040	36.4587	0.0350565	0.0350565
487	408	408	17.078	0.0418579	0.0418579
488	2851	2851	63.467	0.0222613	0.0222613
489	675	675	6.71608	0.00994975	0.00994975
490	890	890	21.1077	0.0237165	0.0237165
491	1197	1197	7.67552	0.0064123	0.0064123
492	808	808	20.0043	0.0247578	0.0247578
493	779	779	0	0	0
494	995	995	6.42825	0.00646055	0.00646055
495	2225	2225	25.2333	0.0113408	0.0113408
496	818	818	16.2145	0.0198222	0.0198222
497	1323	1323	21.2516	0.0160632	0.0160632
498	1893	1893	20.7719	0.010973	0.010973
499	1880	1880	41.3998	0.0220212	0.0220212
500	1162	1162	16.4064	0.0141191	0.0141191
501	724	724	21.2996	0.0294193	0.0294193
502	1294	1294	9.88223	0.00763696	0.00763696
503	910	910	0	0	0
504	1429	1429	1.39119	0.00097354	0.00097354
505	1777	1777	30.6061	0.0172235	0.0172235
506	401	401	0	0	0
507	749	749	1.15133	0.00153715	0.00153715
508	2359	2359	0	0	0
509	739	739	4.89315	0.00662131	0.00662131
510	1619	1619	7.67552	0.0047409	0.0047409
511	1432	1432	16.3585	0.0114235	0.0114235
512	1032	1032	12.4727	0.012086	0.012086
513	2097	2097	0	0	0
514	962	962	17.126	0.0178025	0.0178025
515	462	462	2.87832	0.00623013	0.00623013
516	731	731	4.22154	0.00577502	0.00577502
517	1520	1520	22.0671	0.0145178	0.0145178
518	579	579	71.3823	0.123286	0.123286
519	927	927	8.68293	0.0093667	0.0093667
520	1944	1944	49.5071	0.0254666	0.0254666
521	2495	2495	121.849	0.0488372	0.0488372
522	7583	7583	23.0266	0.0030366	0.0030366
523	951	951	0	0	0
524	1071	1071	0	0	0
525	1185	1185	0	0	0
526	2340	2340	0	0	0
527	726	726	0	0	0
528	1261	1261	0	0	0
529	830	830	0	0	0
530	839	839	14.3916	0.0171533	0.0171533
531	1118	1118	12.9524	0.0115854	0.0115854
532	3994	3994	42.6951	0.0106898	0.0106898
533	384	384	0	0	0
534	1454	1454	15.351	0.0105578	0.0105578
535	1745	1745	7.67552	0.00439858	0.00439858
536	590	590	6.71608	0.0113832	0.0113832
537	1101	1101	21.1077	0.0191714	0.0191714
538	900	900	4.31748	0.0047972	0.0047972
539	1444	1444	19.8604	0.0137538	0.0137538
540	1136	1136	6.71608	0.00591204	0.00591204
541	766	766	9.35454	0.0122122	0.0122122
542	675	675	0	0	0
543	571	571	13.4322	0.0235239	0.0235239
544	637	637	20.9638	0.0329102	0.0329102
545	576	576	32.1413	0.0558008	0.0558008
546	2281	2281	14.3916	0.00630934	0.00630934
547	701	701	22.5468	0.0321638	0.0321638
548	1690	1690	13.4322	0.00794803	0.00794803
549	759	759	6.71608	0.00884859	0.00884859
550	3216	3216	37.2263	0.0115753	0.0115753
551	955	955	50.1787	0.0525432	0.0525432
552	1033	1033	45.0937	0.0436531	0.0436531
553	756	756	14.1997	0.0187827	0.0187827
554	1256	1256	7.67552	0.00611108	0.00611108
555	744	744	0	0	0
556	2087	2087	6.71608	0.00321805	0.00321805
557	1319	1319	35.4034	0.0268411	0.0268411
558	912	912	4.31748	0.00473408	0.00473408
559	852	852	29.3589	0.0344588	0.0344588
560	515	515	3.50196	0.00679991	0.00679991
561	1574	1574	22.355	0.0142026	0.0142026
562	949	949	13.4322	0.014154	0.014154
563	2363	2363	37.4182	0.015835	0.015835
564	934	934	23.1225	0.0247564	0.0247564
565	828	828	6.71608	0.00811121	0.00811121
566	2174	2174	14.3916	0.00661987	0.00661987
567	980	980	0	0	0
568	1366	1366	6.71608	0.0049166	0.0049166
569	429	429	11.6092	0.0270611	0.0270611
570	1021	1021	13.4322	0.0131559	0.0131559
571	859	859	21.5394	0.025075	0.025075
572	480	480	21.2996	0.0443741	0.0443741
573	844	844	21.1077	0.0250091	0.0250091
574	511	511	5.6607	0.0110777	0.0110777
575	744	744	7.86741	0.0105745	0.0105745
576	828	828	7.67552	0.00926995	0.00926995
577	981	981	15.351	0.0156484	0.0156484
578	702	702	13.5281	0.0192708	0.0192708
579	822	822	21.1077	0.0256785	0.0256785
580	1106	1106	6.71608	0.00607241	0.00607241
581	680	680	30.0305	0.0441625	0.0441625
582	1000	1000	12.8085	0.0128085	0.0128085
583	864	864	0	0	0
584	533	533	6.71608	0.0126005	0.0126005
585	1684	1684	50.3706	0.0299113	0.0299113
586	1348	1348	76.1796	0.056513	0.056513
587	924	924	0	0	0
588	709	709	0	0	0
589	817	817	7.67552	0.00939476	0.00939476
590	1241	1241	44.9978	0.0362593	0.0362593
591	1079	1079	12.3768	0.0114706	0.0114706
592	1684	1684	51.9537	0.0308514	0.0308514
593	816	816	7.67552	0.00940627	0.00940627
594	1014	1014	0	0	0
595	755	755	10.9376	0.0144869	0.0144869
596	487	487	1.87091	0.0038417	0.0038417
597	2508	2508	49.8909	0.0198927	0.0198927
598	1508	1508	20.9158	0.0138699	0.0138699
599	1541	1541	8.58699	0.00557235	0.00557235
600	635	635	4.65328	0.00732801	0.00732801
601	3845	3845	33.9162	0.00882086	0.00882086
602	905	905	0	0	0
603	703	703	0	0	0
604	347	347	0	0	0
605	4150	4150	14.3916	0.00346786	0.00346786
606	650	650	0	0	0
607	773	773	0	0	0
608	4195	4195	139.215	0.0331859	0.0331859
609	1525	1525	160.514	0.105255	0.105255
610	560	560	0.527692	0.000942307	0.000942307
611	6377	6377	294.452	0.0461741	0.0461741
612	5742	5742	119.354	0.0207862	0.0207862
613	5111	5111	76.1316	0.0148956	0.0148956
614	4422	4422	171.836	0.0388593	0.0388593
615	836	836	22.0671	0.0263961	0.0263961
616	5542	5542	735.891	0.132784	0.132784
617	3260	3260	93.0657	0.0285478	0.0285478
618	341	341	0	0	0
619	1068	1068	30.1744	0.0282532	0.0282532
620	728	728	25.0414	0.0343975	0.0343975
621	23606	23606	3631.67	0.153845	0.153845
622	3796	3796	94.9846	0.0250223	0.0250223
623	1787	1787	218.704	0.122386	0.122386
624	10492	10492	561.368	0.0535044	0.0535044
625	4852	4852	367.466	0.0757349	0.0757349
626	1060	1060	34.5399	0.0325848	0.0325848
627	550	550	0	0	0
628	1169	1169	0	0	0
629	834	834	11.2254	0.0134598	0.0134598
630	1006	1006	6.71608	0.00667602	0.00667602
631	1174	1174	40.0087	0.0340789	0.0340789
632	408	408	0	0	0
633	533	533	27.9197	0.0523822	0.0523822
634	1962	1962	13.4801	0.00687061	0.00687061
635	2469	2469	15.351	0.00621751	0.00621751
636	892	892	13.4322	0.0150585	0.0150585
637	447	447	8.87482	0.0198542	0.0198542
638	907	907	0	0	0
639	711	711	2.92629	0.00411574	0.00411574
640	571	571	15.447	0.0270525	0.0270525
641	2275	2275	59.4853	0.0261474	0.0261474
642	786	786	3.5979	0.00457748	0.00457748
643	1024	1024	8.10727	0.00791725	0.00791725
644	1554	1554	27.8238	0.0179046	0.0179046
645	1016	1016	6.71608	0.00661032	0.00661032
646	329	329	0	0	0
647	1396	1396	27.2481	0.0195187	0.0195187
648	716	716	0	0	0
649	610	610	10.218	0.0167509	0.0167509
650	1946	1946	15.6389	0.00803642	0.00803642
651	1009	1009	22.4029	0.0222031	0.0222031
652	1062	1062	18.805	0.0177072	0.0177072
653	418	418	7.67552	0.0183625	0.0183625
654	2075	2075	6.71608	0.00323667	0.00323667
655	1065	1065	6.71608	0.00630618	0.00630618
656	2767	2767	68.1203	0.0246188	0.0246188
657	1897	1897	16.5024	0.0086992	0.0086992
658	1049	1049	7.96335	0.00759137	0.00759137
659	799	799	7.77146	0.00972649	0.00972649
660	726	726	0	0	0
661	2304	2304	81.5524	0.035396	0.035396
662	4385	4385	41649.8	9.49824	9.49824
663	768	768	6.71608	0.0087449	0.0087449
664	7961	7961	679.044	0.0852963	0.0852963
665	2903	2903	209.542	0.0721811	0.0721811
666	5968	5968	904.752	0.151601	0.151601
667	5012	5012	319.398	0.0637266	0.0637266
668	1215	1215	95.6562	0.0787294	0.0787294
669	393	393	19.2848	0.0490706	0.0490706
670	2017	2017	48.9315	0.0242595	0.0242595
671	1236	1236	69.8473	0.0565107	0.0565107
672	1063	1063	31.0379	0.0291984	0.0291984
673	619	619	6.71608	0.0108499	0.0108499
674	1015	1015	14.3916	0.0141789	0.0141789
675	1674	1674	24.8495	0.0148444	0.0148444
676	761	761	27.5839	0.0362469	0.0362469
677	1589	1589	24.3698	0.0153366	0.0153366
678	1180	1180	29.167	0.0247178	0.0247178
679	576	576	9.11468	0.0158241	0.0158241
680	496	496	50.7544	0.102327	0.102327
681	627	627	42.0714	0.0670996	0.0670996
682	1441	1441	6.71608	0.00466071	0.00466071
683	1266	1266	15.9267	0.0125803	0.0125803
684	645	645	28.7832	0.0446251	0.0446251
685	559	559	15.8308	0.0283198	0.0283198
686	1313	1313	4.65328	0.00354401	0.00354401
687	2132	2132	22.6428	0.0106204	0.0106204
688	486	486	10.1701	0.0209261	0.0209261
689	453	453	9.69035	0.0213915	0.0213915
690	1164	1164	22.1631	0.0190404	0.0190404
691	497	497	0	0	0
692	820	820	26.8643	0.0327614	0.0327614
693	503	503	4.07762	0.0081066	0.0081066
694	449	449	0.95944	0.00213684	0.00213684
695	1319	1319	9.9302	0.00752859	0.00752859
696	3125	3125	21.1077	0.00675446	0.00675446
697	771	771	0	0	0
698	740	740	1.91888	0.00259308	0.00259308
699	1020	1020	49.747	0.0487716	0.0487716
700	932	932	166.895	0.179071	0.179071
701	1591	1591	535.128	0.336347	0.336347
702	620	620	0	0	0
703	1944	1944	28.7832	0.0148062	0.0148062
704	867	867	14.8713	0.0171526	0.0171526
705	1490	1490	21.1077	0.0141662	0.0141662
706	541	541	22.1151	0.0408782	0.0408782
707	4337	4337	81.5524	0.0188039	0.0188039
708	724	724	944.665	1.30479	1.30479
709	1027	1027	3890.68	3.78839	3.78839
710	1931	1931	9509.92	4.92487	4.92487
711	2222	2222	14792.3	6.65719	6.65719
712	750	750	19.0449	0.0253932	0.0253932
713	769	769	16.5983	0.0215843	0.0215843
714	726	726	0	0	0
715	947	947	7.67552	0.00810509	0.00810509
716	1131	1131	13.4322	0.0118764	0.0118764
717	877	877	6.71608	0.00765802	0.00765802
718	1394	1394	0	0	0
719	1241	1241	28.6873	0.0231163	0.0231163
720	985	985	14.3436	0.0145621	0.0145621
721	720	720	0	0	0
722	1693	1693	6.71608	0.00396697	0.00396697
723	1036	1036	21.6354	0.0208836	0.0208836
724	1290	1290	11.1775	0.00866471	0.00866471
725	506	506	27.0562	0.0534708	0.0534708
726	1261	1261	7.67552	0.00608685	0.00608685
727	2368	2368	7.67552	0.00324135	0.00324135
728	1514	1514	27.8238	0.0183777	0.0183777
729	987	987	0	0	0
730	1153	1153	15.351	0.013314	0.013314
731	1204	1204	13.4801	0.0111961	0.0111961
732	1831	1831	0	0	0
733	1490	1490	0	0	0
734	750	750	0	0	0
735	1434	1434	39.0492	0.027231	0.027231
736	782	782	25.713	0.0328811	0.0328811
737	696	696	16.3585	0.0235035	0.0235035
738	1318	1318	80.7369	0.0612571	0.0612571
739	1723	1723	22.9306	0.0133086	0.0133086
740	860	860	9.5944	0.0111563	0.0111563
741	936	936	13.4322	0.0143506	0.0143506
742	724	724	0.863496	0.00119267	0.00119267
743	3052	3052	7.67552	0.00251491	0.00251491
744	515	515	0	0	0
745	1128	1128	23.0266	0.0204136	0.0204136
746	760	760	10.5538	0.0138866	0.0138866
747	1967	1967	6.71608	0.00341438	0.00341438
748	608	608	27.1042	0.0445792	0.0445792
749	1518	1518	13.4322	0.00884859	0.00884859
750	645	645	12.4727	0.0193376	0.0193376
751	710	710	11.5133	0.0162159	0.0162159
752	383	383	6.71608	0.0175355	0.0175355
753	1165	1165	6.71608	0.00576488	0.00576488
754	832	832	10.9376	0.0131462	0.0131462
755	800	800	20.628	0.025785	0.025785
756	837	837	10.5538	0.0126091	0.0126091
757	1028	1028	30.0305	0.0292125	0.0292125
758	823	823	15.3511	0.0186526	0.0186526
759	836	836	6.71608	0.00803359	0.00803359
760	1408	1408	6.71608	0.00476994	0.00476994
761	650	650	0	0	0
762	530	530	0	0	0
763	1902	1902	20.3401	0.0106941	0.0106941
764	920	920	30.0785	0.032694	0.032694
765	664	664	21.0597	0.0317164	0.0317164
766	1040	1040	22.6428	0.0217719	0.0217719
767	1503	1503	27.8238	0.0185121	0.0185121
768	1128	1128	17.6537	0.0156504	0.0156504
769	1933	1933	6.71608	0.00347443	0.00347443
770	1091	1091	32.7169	0.029988	0.029988
771	1833	1833	29.7427	0.0162262	0.0162262
772	1204	1204	49.9389	0.0414775	0.0414775
773	723	723	14.2477	0.0197063	0.0197063
774	1706	1706	42.5032	0.024914	0.024914
775	682	682	41.16	0.0603519	0.0603519
776	459	459	19.1408	0.0417012	0.0417012
777	905	905	0	0	0
778	359	359	4.12559	0.0114919	0.0114919
779	1620	1620	33.9642	0.0209655	0.0209655
780	1932	1932	36.4587	0.018871	0.018871
781	1385	1385	21.8752	0.0157944	0.0157944
782	319	319	13.4322	0.0421071	0.0421071
783	540	540	12.8565	0.0238083	0.0238083
784	1438	1438	33.4845	0.0232854	0.0232854
785	673	673	5.42084	0.00805473	0.00805473
786	2330	2330	67.6406	0.0290303	0.0290303
787	2003	2003	50.8983	0.025411	0.025411
788	3412	3412	40023.1	11.7301	11.7301
789	4357	4357	25598.9	5.87536	5.87536
790	3151	3151	94.9846	0.0301443	0.0301443
791	1380	1380	21.1077	0.0152954	0.0152954
792	1406	1406	13.1443	0.00934874	0.00934874
793	1153	1153	7.67552	0.006657	0.006657
794	808	808	6.71608	0.00831198	0.00831198
795	635	635	7.1958	0.011332	0.011332
796	568	568	14.7754	0.026013	0.026013
797	762	762	37.8019	0.0496088	0.0496088
798	41362	41362	125.687	0.0030387	0.0030387
799	1277	1277	37.2263	0.0291514	0.0291514
800	1245	1245	35.4993	0.0285135	0.0285135
801	407	407	15.3511	0.0377176	0.0377176
802	1142	1142	20.1483	0.017643	0.017643
803	1252	1252	16.9341	0.0135257	0.0135257
804	1035	1035	15.1112	0.0146002	0.0146002
805	1450	1450	36.7945	0.0253755	0.0253755
806	579	579	26.8643	0.0463978	0.0463978
807	837	837	22.0671	0.0263646	0.0263646
808	371	371	6.71608	0.0181026	0.0181026
809	728	728	0	0	0
810	613	613	33.2446	0.0542327	0.0542327
811	1212	1212	0	0	0
812	726	726	1.5351	0.00211447	0.00211447
813	594	594	0	0	0
814	660	660	6.71608	0.0101759	0.0101759
815	759	759	3.35804	0.0044243	0.0044243
816	2223	2223	4.60531	0.00207167	0.00207167
817	665	665	21.1077	0.0317409	0.0317409
818	631	631	12.8085	0.0202988	0.0202988
819	359	359	0	0	0
820	909	909	28.4954	0.0313481	0.0313481
821	652	652	30.798	0.0472362	0.0472362
822	2069	2069	28.3994	0.0137262	0.0137262
823	1359	1359	39.1452	0.0288044	0.0288044
824	650	650	0	0	0
825	458	458	21.1077	0.0460867	0.0460867
826	601	601	8.73091	0.0145273	0.0145273
827	1052	1052	38.1857	0.0362982	0.0362982
828	1711	1711	36.4587	0.0213084	0.0213084
829	776	776	6.71608	0.00865474	0.00865474
830	1186	1186	12.1849	0.0102739	0.0102739
831	3310	3310	73.0134	0.0220584	0.0220584
832	1879	1879	7.67552	0.0040849	0.0040849
833	1310	1310	30.7021	0.0234367	0.0234367
834	736	736	0	0	0
835	634	634	12.1849	0.0192191	0.0192191
836	1087	1087	19.1888	0.017653	0.017653
837	2129	2129	30.9899	0.0145561	0.0145561
838	725	725	961.359	1.32601	1.32601
839	2546	2546	36.2668	0.0142446	0.0142446
840	3199	3199	10.8417	0.00338908	0.00338908
841	1036	1036	0	0	0
842	380	380	6.47622	0.0170427	0.0170427
843	659	659	0	0	0
844	1612	1612	6.71608	0.0041663	0.0041663
845	324	324	12.6646	0.0390883	0.0390883
846	1727	1727	13.72	0.00794441	0.00794441
847	1286	1286	14.3916	0.011191	0.011191
848	727	727	84.7186	0.116532	0.116532
849	492	492	14.9673	0.0304213	0.0304213
850	640	640	4.12559	0.00644624	0.00644624
851	1642	1642	7.67552	0.00467449	0.00467449
852	803	803	6.76405	0.00842348	0.00842348
853	2823	2823	33.5804	0.0118953	0.0118953
854	2706	2706	11.4653	0.00423699	0.00423699
855	1017	1017	63.3231	0.0622646	0.0622646
856	429	429	0	0	0
857	1938	1938	4.60531	0.00237632	0.00237632
858	1119	1119	16.9821	0.0151761	0.0151761
859	884	884	8.82685	0.00998512	0.00998512
860	1491	1491	61.0204	0.0409258	0.0409258
861	1082	1082	0	0	0
862	1045	1045	14.3916	0.0137719	0.0137719
863	971	971	3.31007	0.00340893	0.00340893
864	2154	2154	16.3585	0.00759446	0.00759446
865	915	915	1.5351	0.00167771	0.00167771
866	1794	1794	9.64237	0.00537479	0.00537479
867	802	802	18.6611	0.0232682	0.0232682
868	2769	2769	0	0	0
869	5965	5965	69.0797	0.0115808	0.0115808
870	11190	11190	70.9986	0.00634482	0.00634482
871	669	669	7.67552	0.0114731	0.0114731
872	7457	7457	658.177	0.0882629	0.0882629
873	1218	1218	94.9846	0.0779841	0.0779841
874	13684	13684	1962.06	0.143383	0.143383
875	1558	1558	6.71608	0.00431071	0.00431071
876	7188	7188	15.351	0.00213565	0.00213565
877	4357	4357	22.0671	0.00506475	0.00506475
878	8394	8394	6.71608	0.000800105	0.000800105
879	804	804	0	0	0
880	1015	1015	0	0	0
881	2507	2507	36.4587	0.0145428	0.0145428
882	596	596	0	0	0
883	16274	16274	370.344	0.0227568	0.0227568
884	20877	20877	28.7832	0.0013787	0.0013787
885	1057	1057	0	0	0
886	475	475	0	0	0
887	1860	1860	23.0266	0.0123799	0.0123799
888	2564	2564	17.2219	0.00671683	0.00671683
889	3118	3118	14.3916	0.00461565	0.00461565
890	896	896	0	0	0
891	505	505	92.3461	0.182864	0.182864
892	986	986	79.3457	0.0804723	0.0804723
893	1231	1231	0	0	0
894	893	893	0	0	0
895	953	953	7.67552	0.00805406	0.00805406
896	2458	2458	108.321	0.0440687	0.0440687
897	621	621	177.976	0.286596	0.286596
898	1815	1815	2460.49	1.35564	1.35564
899	2826	2826	3356.12	1.18759	1.18759
900	1070	1070	923.653	0.863227	0.863227
901	6372	6372	4404.6	0.691243	0.691243
902	2921	2921	47.0126	0.0160947	0.0160947
903	11326	11326	11095.3	0.979635	0.979635
904	460	460	35.2115	0.0765466	0.0765466
905	1778	1778	28.7832	0.0161885	0.0161885
906	1430	1430	14.3916	0.0100641	0.0100641
907	492	492	3.45398	0.00702029	0.00702029
908	1120	1120	14.3916	0.0128496	0.0128496
909	1636	1636	27.8238	0.0170072	0.0170072
910	568	568	6.71608	0.0118241	0.0118241
911	1266	1266	19.3807	0.0153086	0.0153086
912	1659	1659	1254.13	0.755957	0.755957
913	2503	2503	28.4474	0.0113653	0.0113653
914	1051	1051	16.5503	0.0157472	0.0157472
915	3861	3861	85.8699	0.0222403	0.0222403
916	710	710	7.86741	0.0110809	0.0110809
917	1636	1636	36.4587	0.0222853	0.0222853
918	1574	1574	6.71608	0.00426689	0.00426689
919	1150	1150	21.6833	0.0188551	0.0188551
920	1440	1440	16.9821	0.0117931	0.0117931
921	1892	1892	48.6436	0.0257102	0.0257102
922	1217	1217	6.71608	0.00551855	0.00551855
923	706	706	4.17356	0.00591156	0.00591156
924	1020	1020	7.96335	0.00780721	0.00780721
925	4705	4705	35.4993	0.00754501	0.00754501
926	589	589	0	0	0
927	1708	1708	9.40251	0.00550498	0.00550498
928	2467	2467	42.839	0.0173648	0.0173648
929	1167	1167	13.4322	0.01151	0.01151
930	943	943	13.4322	0.0142441	0.0142441
931	604	604	22.0671	0.036535	0.036535
932	1334	1334	16.3105	0.0122268	0.0122268
933	773	773	27.2481	0.0352498	0.0352498
934	2031	2031	24.2738	0.0119517	0.0119517
935	1556	1556	7.43566	0.0047787	0.0047787
936	1105	1105	48.9794	0.0443253	0.0443253
937	1702	1702	26.7684	0.0157276	0.0157276
938	887	887	157.252	0.177285	0.177285
939	1207	1207	13.5761	0.0112478	0.0112478
940	1947	1947	23.3624	0.0119992	0.0119992
941	878	878	11.2254	0.0127852	0.0127852
942	1083	1083	16.9821	0.0156806	0.0156806
943	3513	3513	42.3593	0.0120579	0.0120579
944	840	840	11.3694	0.013535	0.013535
945	898	898	0	0	0
946	950	950	13.4322	0.0141391	0.0141391
947	1229	1229	34.9236	0.0284163	0.0284163
948	766	766	10.1701	0.0132768	0.0132768
949	2062	2062	34.0121	0.0164947	0.0164947
950	834	834	13.9119	0.0166809	0.0166809
951	488	488	8.0593	0.016515	0.016515
952	939	939	23.0266	0.0245224	0.0245224
953	1089	1089	21.5394	0.0197791	0.0197791
954	1685	1685	28.7832	0.017082	0.017082
955	468	468	11.945	0.0255236	0.0255236
956	451	451	15.3511	0.0340378	0.0340378
957	657	657	49.8909	0.0759374	0.0759374
958	1099	1099	16.1186	0.0146666	0.0146666
959	1221	1221	7.14783	0.00585408	0.00585408
960	2318	2318	144.636	0.0623967	0.0623967
961	2095	2095	7.67552	0.00366373	0.00366373
962	564	564	0	0	0
963	756	756	20.9158	0.0276664	0.0276664
964	589	589	44.1343	0.0749309	0.0749309
965	1514	1514	13.768	0.00909377	0.00909377
966	1096	1096	23.0266	0.0210096	0.0210096
967	1727	1727	52.6733	0.0304999	0.0304999
968	1549	1549	14.3916	0.0092909	0.0092909
969	853	853	0	0	0
970	680	680	6.71608	0.00987659	0.00987659
971	619	619	0	0	0
972	832	832	4.7972	0.00576587	0.00576587
973	812	812	0	0	0
974	1074	1074	0	0	0
975	1032	1032	29.215	0.0283091	0.0283091
976	949	949	14.3916	0.015165	0.015165
977	611	611	63.9467	0.104659	0.104659
978	1840	1840	3.69384	0.00200752	0.00200752
979	1381	1381	0	0	0
980	831	831	22.0671	0.0265549	0.0265549
981	1682	1682	16.6463	0.00989672	0.00989672
982	1457	1457	13.4322	0.00921905	0.00921905
983	895	895	14.3916	0.01608	0.01608
984	501	501	7.00391	0.0139799	0.0139799
985	329	329	13.672	0.0415563	0.0415563
986	1252	1252	43.6066	0.0348295	0.0348295
987	1541	1541	21.1077	0.0136974	0.0136974
988	1287	1287	18.1814	0.014127	0.014127
989	1964	1964	14.3916	0.0073277	0.0073277
990	971	971	20.1482	0.02075	0.02075
991	1047	1047	6.90797	0.00659787	0.00659787
992	900	900	22.0671	0.024519	0.024519
993	1063	1063	7.67552	0.00722062	0.00722062
994	548	548	7.67552	0.0140064	0.0140064
995	643	643	13.4322	0.0208899	0.0208899
996	526	526	0	0	0
997	530	530	11.0336	0.020818	0.020818
998	754	754	10.362	0.0137426	0.0137426
999	879	879	8.0593	0.00916871	0.00916871
1000	646	646	7.62755	0.0118074	0.0118074
1001	822	822	10.6498	0.0129559	0.0129559
1002	2539	2539	32.0933	0.0126401	0.0126401
1003	505	505	1.15133	0.00227986	0.00227986
1004	3841	3841	1498.65	0.390171	0.390171
1005	545	545	5.42084	0.00994649	0.00994649
1006	15062	15062	333.022	0.0221101	0.0221101
1007	6641	6641	185.22	0.0278904	0.0278904
1008	663	663	42.2633	0.0637456	0.0637456
1009	5213	5213	185.796	0.0356408	0.0356408
1010	990	990	43.2228	0.0436594	0.0436594
1011	676	676	117.771	0.174218	0.174218
1012	1366	1366	29.6467	0.0217033	0.0217033
1013	1888	1888	61.3083	0.0324726	0.0324726
1014	727	727	3.54993	0.00488298	0.00488298
1015	734	734	6.81202	0.00928069	0.00928069
1016	1114	1114	15.2071	0.0136509	0.0136509
1017	532	532	0	0	0
1018	1599	1599	49.8909	0.0312013	0.0312013
1019	605	605	9.97818	0.0164929	0.0164929
1020	583	583	12.6166	0.0216409	0.0216409
1021	919	919	0	0	0
1022	646	646	0	0	0
1023	684	684	0	0	0
1024	456	456	1.87091	0.00410287	0.00410287
1025	1542	1542	3.21412	0.00208439	0.00208439
1026	1261	1261	0	0	0
1027	1262	1262	0	0	0
1028	1496	1496	44.1343	0.0295015	0.0295015
1029	935	935	8.25118	0.0088248	0.0088248
1030	620	620	0	0	0
1031	1117	1117	0	0	0
1032	300	300	16.1186	0.0537286	0.0537286
1033	1598	1598	1153.73	0.721982	0.721982
1034	616	616	13.672	0.0221948	0.0221948
1035	712	712	4.26951	0.0059965	0.0059965
1036	832	832	14.3916	0.0172976	0.0172976
1037	1091	1091	84.5267	0.0774764	0.0774764
1038	1505	1505	54.7841	0.0364014	0.0364014
1039	3289	3289	54.4482	0.0165547	0.0165547
1040	802	802	0	0	0
1041	1230	1230	21.5874	0.0175507	0.0175507
1042	5385	5385	619.798	0.115097	0.115097
1043	4530	4530	324.147	0.0715556	0.0715556
1044	56634	56634	2034.97	0.035932	0.035932
1045	30431	30431	652.947	0.0214566	0.0214566
1046	1317	1317	111.679	0.0847979	0.0847979
1047	1295	1295	97.719	0.0754587	0.0754587
1048	885	885	65.7217	0.0742618	0.0742618
1049	1754	1754	74.7884	0.0426388	0.0426388
1050	1224	1224	24.4178	0.0199492	0.0199492
1051	2060	2060	185.172	0.0898893	0.0898893
1052	1760	1760	78.6741	0.0447012	0.0447012
1053	2547	2547	146.123	0.0573705	0.0573705
1054	1677	1677	62.3636	0.0371876	0.0371876
1055	943	943	0	0	0
1056	636	636	0	0	0
1057	968	968	12.7606	0.0131824	0.0131824
1058	1035	1035	30.7021	0.0296639	0.0296639
1059	960	960	1.10336	0.00114933	0.00114933
1060	695	695	0	0	0
1061	651	651	34.5399	0.0530566	0.0530566
1062	2642	2642	17.3659	0.006573	0.006573
1063	805	805	13.4322	0.0166859	0.0166859
1064	578	578	9.54643	0.0165163	0.0165163
1065	1883	1883	23.0266	0.0122287	0.0122287
1066	1166	1166	21.1077	0.0181026	0.0181026
1067	1611	1611	15.495	0.00961823	0.00961823
1068	1021	1021	7.67552	0.00751765	0.00751765
1069	1395	1395	11.3214	0.00811569	0.00811569
1070	945	945	19.8604	0.0210163	0.0210163
1071	731	731	1.24727	0.00170625	0.00170625
1072	1113	1113	15.351	0.0137925	0.0137925
1073	689	689	0	0	0
1074	762	762	0.767552	0.00100729	0.00100729
1075	874	874	26.8643	0.0307372	0.0307372
1076	1497	1497	49.8909	0.0333273	0.0333273
1077	642	642	13.4322	0.0209224	0.0209224
1078	484	484	5.56475	0.0114974	0.0114974
1079	631	631	6.71608	0.0106436	0.0106436
1080	2447	2447	150.68	0.0615775	0.0615775
1081	488	488	1.10336	0.00226098	0.00226098
1082	636	636	6.09244	0.00957931	0.00957931
1083	490	490	5.42084	0.0110629	0.0110629
1084	1411	1411	0	0	0
1085	2296	2296	59.7251	0.0260127	0.0260127
1086	839	839	6.71608	0.00800486	0.00800486
1087	1493	1493	0	0	0
1088	4452	4452	0	0	0
1089	2218	2218	13.4322	0.00605598	0.00605598
1090	3895	3895	35.4993	0.00911407	0.00911407
1091	2040	2040	155.861	0.0764025	0.0764025
1092	2568	2568	72.6296	0.0282826	0.0282826
1093	2351	2351	9.97818	0.00424423	0.00424423
1094	3184	3184	36.4587	0.0114506	0.0114506
1095	1619	1619	7.67552	0.0047409	0.0047409
1096	2437	2437	21.1077	0.00866134	0.00866134
1097	4354	4354	0	0	0
1098	1645	1645	0	0	0
1099	4145	4145	7.67552	0.00185175	0.00185175
1100	1662	1662	0	0	0
1101	1320	1320	14.3916	0.0109027	0.0109027
1102	841	841	0	0	0
1103	878	878	28.9751	0.0330013	0.0330013
1104	1482	1482	20.1482	0.0135953	0.0135953
1105	355	355	2.92629	0.00824308	0.00824308
1106	642	642	26.2887	0.0409481	0.0409481
1107	470	470	4.22154	0.00898199	0.00898199
1108	1719	1719	14.8713	0.00865115	0.00865115
1109	505	505	13.4322	0.0265983	0.0265983
1110	831	831	23.2185	0.0279404	0.0279404
1111	2211	2211	48.9315	0.0221309	0.0221309
1112	701	701	26.4806	0.0377754	0.0377754
1113	816	816	61.1163	0.0748975	0.0748975
1114	1360	1360	43.1748	0.0317462	0.0317462
1115	786	786	14.3916	0.0183099	0.0183099
1116	601	601	6.86	0.0114143	0.0114143
1117	994	994	3.64587	0.00366788	0.00366788
1118	718	718	11.3214	0.015768	0.015768
1119	535	535	13.3842	0.0250172	0.0250172
1120	443	443	7.67552	0.0173262	0.0173262
1121	1165	1165	16.9821	0.0145769	0.0145769
1122	1342	1342	15.351	0.0114389	0.0114389
1123	1306	1306	33.5804	0.0257124	0.0257124
1124	1000	1000	21.4915	0.0214915	0.0214915
1125	609	609	55.9354	0.0918479	0.0918479
1126	1173	1173	9.97818	0.00850655	0.00850655
1127	835	835	7.29174	0.00873263	0.00873263
1128	1020	1020	16.0227	0.0157085	0.0157085
1129	588	588	15.351	0.0261072	0.0261072
1130	583	583	20.8678	0.0357939	0.0357939
1131	362	362	26.7684	0.0739458	0.0739458
1132	1001	1001	2.78238	0.0027796	0.0027796
1133	749	749	62.5075	0.0834547	0.0834547
1134	1058	1058	20.1962	0.0190891	0.0190891
1135	2556	2556	33.4365	0.0130816	0.0130816
1136	1017	1017	0	0	0
1137	941	941	13.4322	0.0142743	0.0142743
1138	1455	1455	27.8238	0.0191229	0.0191229
1139	686	686	36.2668	0.0528671	0.0528671
1140	608	608	11.7531	0.0193308	0.0193308
1141	2882	2882	22.1631	0.00769017	0.00769017
1142	499	499	0	0	0
1143	1089	1089	14.3916	0.0132154	0.0132154
1144	2306	2306	22.0671	0.00956944	0.00956944
1145	1385	1385	5.51678	0.00398323	0.00398323
1146	862	862	26.6245	0.0308869	0.0308869
1147	1213	1213	14.3916	0.0118645	0.0118645
1148	681	681	0	0	0
1149	730	730	6.47622	0.00887153	0.00887153
1150	416	416	0	0	0
1151	741	741	0	0	0
1152	1016	1016	14.2957	0.0140705	0.0140705
1153	1974	1974	7.67552	0.00388831	0.00388831
1154	1975	1975	27.8238	0.014088	0.014088
1155	1006	1006	6.71608	0.00667602	0.00667602
1156	656	656	6.71608	0.0102379	0.0102379
1157	1267	1267	0.95944	0.000757253	0.000757253
1158	1095	1095	46.0531	0.0420576	0.0420576
1159	1606	1606	7.67552	0.00477928	0.00477928
1160	1599	1599	13.4322	0.00840035	0.00840035
1161	585	585	0	0	0
1162	661	661	18.3733	0.0277962	0.0277962
1163	934	934	8.15524	0.00873152	0.00873152
1164	869	869	7.67552	0.00883259	0.00883259
1165	1069	1069	14.3916	0.0134627	0.0134627
1166	2557	2557	66.2014	0.0258903	0.0258903
1167	1699	1699	75.5559	0.0444708	0.0444708
1168	1017	1017	27.8238	0.0273587	0.0273587
1169	434	434	5.42084	0.0124904	0.0124904
1170	667	667	0	0	0
1171	1913	1913	59.7731	0.0312458	0.0312458
1172	638	638	14.1038	0.0221062	0.0221062
1173	865	865	2.7344	0.00316116	0.00316116
1174	797	797	57.2786	0.0718677	0.0718677
1175	664	664	19.3807	0.0291878	0.0291878
1176	1069	1069	7.67552	0.00718009	0.00718009
1177	2258	2258	10.1701	0.00450401	0.00450401
1178	751	751	12.5687	0.0167359	0.0167359
1179	1473	1473	29.7426	0.0201919	0.0201919
1180	677	677	6.71608	0.00992035	0.00992035
1181	885	885	0	0	0
1182	1123	1123	14.3916	0.0128153	0.0128153
1183	981	981	27.8238	0.0283627	0.0283627
1184	821	821	14.3916	0.0175294	0.0175294
1185	1317	1317	0	0	0
1186	701	701	20.58	0.029358	0.029358
1187	1270	1270	31.1818	0.0245526	0.0245526
1188	691	691	6.57216	0.00951109	0.00951109
1189	1054	1054	21.1077	0.0200263	0.0200263
1190	1280	1280	51.6179	0.0403265	0.0403265
1191	383	383	9.2586	0.0241739	0.0241739
1192	745	745	24.2259	0.0325179	0.0325179
1193	662	662	15.3511	0.0231889	0.0231889
1194	722	722	10.5538	0.0146175	0.0146175
1195	1105	1105	21.6354	0.0195795	0.0195795
1196	1426	1426	37.0824	0.0260045	0.0260045
1197	970	970	22.5468	0.0232442	0.0232442
1198	540	540	3.88573	0.0071958	0.0071958
1199	512	512	0.767552	0.00149913	0.00149913
1200	1683	1683	134.993	0.0802099	0.0802099
1201	796	796	11.993	0.0150666	0.0150666
1202	648	648	12.8085	0.0197662	0.0197662
1203	1113	1113	7.67552	0.00689624	0.00689624
1204	1292	1292	0	0	0
1205	1179	1179	22.0671	0.0187168	0.0187168
1206	3378	3378	58.6218	0.017354	0.017354
1207	983	983	12.7606	0.0129812	0.0129812
1208	1035	1035	6.52419	0.00630357	0.00630357
1209	1433	1433	1.91888	0.00133906	0.00133906
1210	662	662	22.0671	0.033334	0.033334
1211	2424	2424	11.0336	0.0045518	0.0045518
1212	675	675	13.2403	0.0196152	0.0196152
1213	552	552	11.0815	0.0200752	0.0200752
1214	879	879	7.67552	0.0087321	0.0087321
1215	850	850	11.1775	0.01315	0.01315
1216	851	851	94.5049	0.111052	0.111052
1217	893	893	21.5874	0.024174	0.024174
1218	649	649	34.9716	0.0538854	0.0538854
1219	1218	1218	0	0	0
1220	944	944	1.63105	0.00172781	0.00172781
1221	2003	2003	14.3916	0.00718503	0.00718503
1222	1335	1335	15.351	0.0114989	0.0114989
1223	971	971	0	0	0
1224	1262	1262	22.0671	0.0174858	0.0174858
1225	915	915	7.67552	0.00838855	0.00838855
1226	677	677	0	0	0
1227	886	886	11.7052	0.0132113	0.0132113
1228	2086	2086	19.4766	0.00933684	0.00933684
1229	850	850	16.3105	0.0191888	0.0191888
1230	2157	2157	43.9903	0.0203942	0.0203942
1231	2338	2338	0	0	0
1232	1672	1672	46.4849	0.027802	0.027802
1233	2463	2463	6.71608	0.00272679	0.00272679
1234	946	946	22.4509	0.0237325	0.0237325
1235	1462	1462	6.71608	0.00459376	0.00459376
1236	627	627	18.9969	0.0302981	0.0302981
1237	1168	1168	5.18098	0.00443577	0.00443577
1238	640	640	0.911468	0.00142417	0.00142417
1239	408	408	2.83035	0.00693713	0.00693713
1240	681	681	44.1342	0.064808	0.064808
1241	4498	4498	90.1874	0.0200506	0.0200506
1242	1049	1049	42.6471	0.040655	0.040655
1243	1033	1033	0	0	0
1244	1575	1575	0.143916	9.13752e-05	9.13752e-05
1245	786	786	14.3916	0.0183099	0.0183099
1246	679	679	6.71608	0.00989113	0.00989113
1247	1964	1964	28.7832	0.0146554	0.0146554
1248	772	772	7.14783	0.00925885	0.00925885
1249	432	432	0	0	0
1250	1457	1457	22.0671	0.0151456	0.0151456
1251	3467	3467	32.8129	0.00946434	0.00946434
1252	892	892	7.67552	0.00860484	0.00860484
1253	1126	1126	29.071	0.025818	0.025818
1254	1262	1262	18.1334	0.0143688	0.0143688
1255	641	641	14.3916	0.0224518	0.0224518
1256	57302	57302	1507.9	0.026315	0.026315
1257	2872	2872	1018.25	0.354545	0.354545
1258	4786	4786	339.642	0.0709657	0.0709657
1259	507	507	0	0	0
1260	4550	4550	180.087	0.0395796	0.0395796
1261	7117	7117	400.758	0.05631	0.05631
1262	13949	13949	937.373	0.0672	0.0672
1263	774	774	14.3916	0.0185938	0.0185938
1264	1041	1041	48.9794	0.0470504	0.0470504
1265	1830	1830	0	0	0
1266	1058	1058	38.1857	0.0360924	0.0360924
1267	1923	1923	73.685	0.0383177	0.0383177
1268	839	839	42.4552	0.0506022	0.0506022
1269	1469	1469	13.4322	0.00914375	0.00914375
1270	3122	3122	22.0671	0.00706826	0.00706826
1271	2441	2441	13.4322	0.00550273	0.00550273
1272	480	480	10.1221	0.0210877	0.0210877
1273	4055	4055	448.394	0.110578	0.110578
1274	982	982	28.7832	0.0293108	0.0293108
1275	829	829	32.9568	0.0397549	0.0397549
1276	2466	2466	8372.84	3.39531	3.39531
1277	614	614	33.5324	0.0546131	0.0546131
1278	3562	3562	65.5298	0.0183969	0.0183969
1279	878	878	27.2001	0.0309796	0.0309796
1280	938	938	23.3624	0.0249066	0.0249066
1281	980	980	0	0	0
1282	505	505	5.6607	0.0112093	0.0112093
1283	1583	1583	26.8643	0.0169705	0.0169705
1284	922	922	24.2738	0.0263274	0.0263274
1285	469	469	11.4653	0.0244463	0.0244463
1286	709	709	14.0078	0.0197572	0.0197572
1287	1170	1170	7.00391	0.00598625	0.00598625
1288	770	770	18.3733	0.0238614	0.0238614
1289	983	983	0	0	0
1290	469	469	6.71608	0.01432	0.01432
1291	1252	1252	15.9267	0.012721	0.012721
1292	1429	1429	25.761	0.0180273	0.0180273
1293	686	686	23.5063	0.0342657	0.0342657
1294	444	444	25.8089	0.0581282	0.0581282
1295	600	600	7.67552	0.0127925	0.0127925
1296	481	481	0	0	0
1297	457	457	0	0	0
1298	702	702	23.4583	0.0334164	0.0334164
1299	586	586	7.67552	0.0130982	0.0130982
1300	711	711	7.05188	0.00991826	0.00991826
1301	835	835	10.266	0.0122946	0.0122946
1302	1760	1760	22.259	0.0126472	0.0126472
1303	1942	1942	104.003	0.0535547	0.0535547
1304	1535	1535	50.7544	0.0330647	0.0330647
1305	710	710	5.70867	0.00804038	0.00804038
1306	912	912	20.3401	0.0223028	0.0223028
1307	930	930	14.2477	0.0153201	0.0153201
1308	972	972	0	0	0
1309	604	604	20.1482	0.033358	0.033358
1310	332	332	14.0078	0.0421922	0.0421922
1311	1381	1381	19.6206	0.0142075	0.0142075
1312	866	866	6.71608	0.00775529	0.00775529
1313	561	561	7.67552	0.0136819	0.0136819
1314	1071	1071	21.1077	0.0197084	0.0197084
1315	868	868	13.3842	0.0154196	0.0154196
1316	1916	1916	0	0	0
1317	1059	1059	8.49104	0.00801798	0.00801798
1318	1423	1423	64.0906	0.0450391	0.0450391
1319	367	367	2.78238	0.00758141	0.00758141
1320	2573	2573	84.5267	0.0328514	0.0328514
1321	2804	2804	23.0266	0.00821205	0.00821205
1322	979	979	0	0	0
1323	1558	1558	56.1273	0.0360252	0.0360252
1324	1426	1426	5.42084	0.00380143	0.00380143
1325	1201	1201	13.4322	0.0111841	0.0111841
1326	957	957	10.8896	0.0113789	0.0113789
1327	872	872	6.71608	0.00770193	0.00770193
1328	1710	1710	19.0449	0.0111374	0.0111374
1329	823	823	12.0889	0.0146889	0.0146889
1330	519	519	8.53902	0.0164528	0.0164528
1331	1692	1692	13.4322	0.00793863	0.00793863
1332	569	569	6.71608	0.0118033	0.0118033
1333	977	977	20.1482	0.0206226	0.0206226
1334	770	770	16.5983	0.0215562	0.0215562
1335	712	712	6.71608	0.0094327	0.0094327
1336	1006	1006	18.5172	0.0184068	0.0184068
1337	667	667	4.12559	0.0061853	0.0061853
1338	2593	2593	87.0212	0.0335601	0.0335601
1339	793	793	17.8456	0.0225039	0.0225039
1340	1362	1362	6.71608	0.00493104	0.00493104
1341	1637	1637	16.4544	0.0100516	0.0100516
1342	983	983	11.1295	0.011322	0.011322
1343	1357	1357	102.852	0.0757937	0.0757937
1344	2678	2678	26.9123	0.0100494	0.0100494
1345	1325	1325	36.4587	0.027516	0.027516
1346	1425	1425	18.4692	0.0129609	0.0129609
1347	1914	1914	18.901	0.00987512	0.00987512
1348	813	813	6.71608	0.00826086	0.00826086
1349	1478	1478	11.4173	0.00772486	0.00772486
1350	579	579	0	0	0
1351	586	586	4.12559	0.00704026	0.00704026
1352	514	514	0	0	0
1353	426	426	0	0	0
1354	1253	1253	52.4334	0.0418463	0.0418463
1355	1637	1637	6.90797	0.0042199	0.0042199
1356	27839	27839	319.494	0.0114765	0.0114765
1357	410	410	0.863496	0.00210609	0.00210609
1358	2154	2154	39.6729	0.0184182	0.0184182
1359	750	750	38.7614	0.0516819	0.0516819
1360	622	622	0	0	0
1361	1467	1467	3.45398	0.00235445	0.00235445
1362	1094	1094	10.266	0.00938392	0.00938392
1363	1617	1617	0	0	0
1364	770	770	13.4322	0.0174444	0.0174444
1365	565	565	0	0	0
1366	1087	1087	29.215	0.0268767	0.0268767
1367	3365	3365	45.2376	0.0134436	0.0134436
1368	1111	1111	56.607	0.0509514	0.0509514
1369	853	853	11.4653	0.0134412	0.0134412
1370	1329	1329	7.67552	0.00577541	0.00577541
1371	696	696	14.3916	0.0206776	0.0206776
1372	867	867	29.7427	0.0343053	0.0343053
1373	2151	2151	18.0375	0.00838562	0.00838562
1374	1543	1543	24.8015	0.0160736	0.0160736
1375	1199	1199	33.1966	0.0276869	0.0276869
1376	665	665	0	0	0
1377	797	797	6.71608	0.0084267	0.0084267
1378	1095	1095	20.2442	0.0184878	0.0184878
1379	1112	1112	6.71608	0.00603964	0.00603964
1380	1540	1540	19.0929	0.012398	0.012398
1381	1467	1467	35.4993	0.0241986	0.0241986
1382	890	890	21.1077	0.0237165	0.0237165
1383	585	585	3.5979	0.00615026	0.00615026
1384	674	674	6.71608	0.00996451	0.00996451
1385	1066	1066	10.314	0.0096754	0.0096754
1386	665	665	25.1853	0.0378727	0.0378727
1387	614	614	7.67552	0.0125008	0.0125008
1388	497	497	5.75664	0.0115828	0.0115828
1389	1251	1251	0	0	0
1390	401	401	4.84517	0.0120827	0.0120827
1391	793	793	6.71608	0.00846921	0.00846921
1392	281	281	12.1369	0.0431919	0.0431919
1393	4809	4809	21.5394	0.00447898	0.00447898
1394	2028	2028	77.7146	0.0383208	0.0383208
1395	1771	1771	51.8098	0.0292545	0.0292545
1396	1752	1752	15.3511	0.00876202	0.00876202
1397	2050	2050	28.7832	0.0140406	0.0140406
1398	633	633	14.0558	0.022205	0.022205
1399	2203	2203	23.4583	0.0106483	0.0106483
1400	1167	1167	6.71608	0.005755	0.005755
1401	2160	2160	25.4252	0.0117709	0.0117709
1402	1292	1292	18.9969	0.0147035	0.0147035
1403	1574	1574	30.3183	0.0192619	0.0192619
1404	919	919	21.0118	0.0228637	0.0228637
1405	3144	3144	39.5289	0.0125728	0.0125728
1406	936	936	55.1198	0.0588887	0.0588887
1407	1486	1486	37.4182	0.0251805	0.0251805
1408	752	752	7.43566	0.00988785	0.00988785
1409	645	645	27.9677	0.0433607	0.0433607
1410	1113	1113	10.6978	0.00961164	0.00961164
1411	1325	1325	16.9341	0.0127805	0.0127805
1412	1234	1234	25.1373	0.0203706	0.0203706
1413	2007	2007	36.9864	0.0184287	0.0184287
1414	881	881	40.7762	0.046284	0.046284
1415	1425	1425	20.3881	0.0143074	0.0143074
1416	362	362	6.71608	0.0185527	0.0185527
1417	771	771	6.71608	0.00871087	0.00871087
1418	649	649	29.5508	0.0455328	0.0455328
1419	927	927	9.9302	0.0107122	0.0107122
1420	1012	1012	9.9302	0.00981245	0.00981245
1421	803	803	0	0	0
1422	2578	2578	25.5691	0.00991819	0.00991819
1423	3847	3847	29.7427	0.00773139	0.00773139
1424	1124	1124	30.9419	0.0275284	0.0275284
1425	1237	1237	46.0531	0.0372297	0.0372297
1426	3657	3657	5233.99	1.43122	1.43122
1427	1627	1627	29.7427	0.0182807	0.0182807
1428	817	817	7.67552	0.00939476	0.00939476
1429	1553	1553	6.71608	0.00432458	0.00432458
1430	1475	1475	13.0964	0.00887889	0.00887889
1431	1091	1091	14.3916	0.0131912	0.0131912
1432	521	521	5.51678	0.0105888	0.0105888
1433	1123	1123	15.0632	0.0134134	0.0134134
1434	790	790	0	0	0
1435	450	450	21.1557	0.0470126	0.0470126
1436	371	371	29.215	0.0787465	0.0787465
1437	994	994	13.3362	0.0134167	0.0134167
1438	1351	1351	14.3916	0.0106526	0.0106526
1439	2247	2247	40.2965	0.0179335	0.0179335
1440	1107	1107	42.2154	0.0381349	0.0381349
1441	641	641	28.1116	0.0438559	0.0438559
1442	2088	2088	21.2036	0.010155	0.010155
1443	768	768	12.6166	0.0164279	0.0164279
1444	561	561	13.4322	0.0239433	0.0239433
1445	645	645	2.20671	0.00342126	0.00342126
1446	1231	1231	0	0	0
1447	1630	1630	14.3916	0.0088292	0.0088292
1448	1384	1384	14.4396	0.0104332	0.0104332
1449	5662	5662	52.7692	0.00931989	0.00931989
1450	966	966	20.1483	0.0208574	0.0208574
1451	1409	1409	26.3366	0.0186917	0.0186917
1452	710	710	0	0	0
1453	665	665	11.6572	0.0175296	0.0175296
1454	1136	1136	7.67552	0.00675662	0.00675662
1455	1057	1057	37.0344	0.0350373	0.0350373
1456	385	385	14.3916	0.0373808	0.0373808
1457	1865	1865	29.7427	0.0159478	0.0159478
1458	874	874	8.44307	0.00966027	0.00966027
1459	2917	2917	35.4993	0.0121698	0.0121698
1460	1606	1606	7.48364	0.0046598	0.0046598
1461	488	488	4.89314	0.0100269	0.0100269
1462	1063	1063	19.2848	0.0181418	0.0181418
1463	1235	1235	29.7427	0.0240831	0.0240831
1464	1061	1061	6.71608	0.00632995	0.00632995
1465	1073	1073	6.71608	0.00625916	0.00625916
1466	1665	1665	11.3214	0.00679964	0.00679964
1467	1628	1628	23.0266	0.0141441	0.0141441
1468	1598	1598	7.67552	0.0048032	0.0048032
1469	312	312	0	0	0
1470	2442	2442	24.2259	0.0099205	0.0099205
1471	548	548	11.8971	0.02171	0.02171
1472	509	509	7.19581	0.0141371	0.0141371
1473	1946	1946	14.3916	0.00739548	0.00739548
1474	1645	1645	6.38028	0.00387859	0.00387859
1475	1803	1803	22.1631	0.0122923	0.0122923
1476	1020	1020	0	0	0
1477	929	929	0	0	0
1478	926	926	14.2477	0.0153863	0.0153863
1479	1980	1980	50.8503	0.025682	0.025682
1480	1098	1098	17.2699	0.0157285	0.0157285
1481	983	983	1.67902	0.00170806	0.00170806
1482	878	878	7.67552	0.00874205	0.00874205
1483	786	786	21.1077	0.0268546	0.0268546
1484	396	396	10.362	0.0261665	0.0261665
1485	699	699	0	0	0
1486	608	608	0	0	0
1487	1152	1152	0	0	0
1488	1318	1318	17.8936	0.0135763	0.0135763
1489	1021	1021	18.2773	0.0179014	0.0179014
1490	1175	1175	24.4178	0.0207811	0.0207811
1491	1150	1150	22.5468	0.0196059	0.0196059
1492	1179	1179	19.6685	0.0166824	0.0166824
1493	1059	1059	36.4107	0.0343822	0.0343822
1494	1595	1595	14.3916	0.00902295	0.00902295
1495	1003	1003	7.67552	0.00765256	0.00765256
1496	523	523	9.88224	0.0188953	0.0188953
1497	1433	1433	22.0671	0.0153993	0.0153993
1498	601	601	4.07762	0.00678473	0.00678473
1499	771	771	0	0	0
1500	2798	2798	30.6061	0.0109386	0.0109386
1501	418	418	0	0	0
1502	1180	1180	0	0	0
1503	1174	1174	16.7902	0.0143017	0.0143017
1504	858	858	15.1112	0.0176121	0.0176121
1505	610	610	20.1482	0.0330299	0.0330299
1506	1136	1136	14.3916	0.0126687	0.0126687
1507	583	583	6.71608	0.0115199	0.0115199
1508	838	838	0.047972	5.72458e-05	5.72458e-05
1509	1465	1465	3.98168	0.00271787	0.00271787
1510	1001	1001	6.71608	0.00670937	0.00670937
1511	1173	1173	0	0	0
1512	1315	1315	24.7056	0.0187875	0.0187875
1513	1008	1008	37.4182	0.0371212	0.0371212
1514	1382	1382	37.4182	0.0270754	0.0270754
1515	1143	1143	0	0	0
1516	1607	1607	0	0	0
1517	4524	4524	45550.2	10.0686	10.0686
1518	881	881	106.498	0.120883	0.120883
1519	1204	1204	33.8682	0.0281298	0.0281298
1520	747	747	11.7531	0.0157338	0.0157338
1521	618	618	0	0	0
1522	523	523	6.71608	0.0128415	0.0128415
1523	1158	1158	7.67552	0.00662826	0.00662826
1524	1137	1137	0	0	0
1525	957	957	7.67552	0.0080204	0.0080204
1526	769	769	30.3183	0.0394256	0.0394256
1527	737	737	23.6982	0.0321549	0.0321549
1528	1152	1152	35.4513	0.0307737	0.0307737
1529	758	758	3.74182	0.00493643	0.00493643
1530	700	700	27.5359	0.039337	0.039337
1531	616	616	0	0	0
1532	1266	1266	0	0	0
1533	1392	1392	14.3916	0.0103388	0.0103388
1534	1023	1023	15.351	0.0150059	0.0150059
1535	800	800	0	0	0
1536	557	557	5.03706	0.0090432	0.0090432
1537	599	599	7.67552	0.0128139	0.0128139
1538	1524	1524	50.4666	0.0331145	0.0331145
1539	966	966	25.1373	0.0260221	0.0260221
1540	417	417	18.9969	0.0455562	0.0455562
1541	1470	1470	21.1077	0.014359	0.014359
1542	1260	1260	22.0671	0.0175136	0.0175136
1543	1023	1023	20.2922	0.0198359	0.0198359
1544	1623	1623	23.3624	0.0143946	0.0143946
1545	846	846	40.5843	0.047972	0.047972
1546	1109	1109	24.082	0.021715	0.021715
1547	1159	1159	0	0	0
1548	736	736	39.5289	0.0537078	0.0537078
1549	634	634	7.1958	0.0113498	0.0113498
1550	823	823	24.6576	0.0299606	0.0299606
1551	829	829	14.3916	0.0173602	0.0173602
1552	826	826	13.3842	0.0162036	0.0162036
1553	1105	1105	6.71608	0.0060779	0.0060779
1554	746	746	7.67552	0.0102889	0.0102889
1555	1041	1041	20.7239	0.0199077	0.0199077
1556	1212	1212	0	0	0
1557	809	809	7.29174	0.00901328	0.00901328
1558	872	872	15.9267	0.0182646	0.0182646
1559	1383	1383	15.351	0.0110998	0.0110998
1560	1151	1151	18.805	0.016338	0.016338
1561	764	764	8.53902	0.0111767	0.0111767
1562	921	921	42.6951	0.0463573	0.0463573
1563	1038	1038	14.3916	0.0138647	0.0138647
1564	439	439	0	0	0
1565	1660	1660	22.0671	0.0132934	0.0132934
1566	783	783	0	0	0
1567	1308	1308	7.67552	0.00586813	0.00586813
1568	996	996	15.6389	0.0157017	0.0157017
1569	877	877	6.71608	0.00765802	0.00765802
1570	896	896	6.71608	0.00749563	0.00749563
1571	698	698	15.351	0.0219929	0.0219929
1572	1166	1166	21.7313	0.0186375	0.0186375
1573	1253	1253	6.71608	0.00536	0.00536
1574	2745	2745	24.2259	0.00882545	0.00882545
1575	834	834	9.83426	0.0117917	0.0117917
1576	1808	1808	50.7544	0.0280721	0.0280721
1577	1375	1375	7.67552	0.0055822	0.0055822
1578	915	915	35.979	0.0393213	0.0393213
1579	853	853	0	0	0
1580	1392	1392	30.7021	0.0220561	0.0220561
1581	1693	1693	74.5005	0.044005	0.044005
1582	1698	1698	29.4548	0.0173468	0.0173468
1583	1735	1735	85.3902	0.0492162	0.0492162
1584	1216	1216	20.532	0.0168849	0.0168849
1585	1975	1975	63.3231	0.0320623	0.0320623
1586	598	598	2.49455	0.00417148	0.00417148
1587	446	446	0	0	0
1588	479	479	0.431748	0.000901353	0.000901353
1589	804	804	10.314	0.0128283	0.0128283
1590	1291	1291	28.7832	0.0222953	0.0222953
1591	704	704	51.8098	0.0735934	0.0735934
1592	1634	1634	34.2041	0.0209327	0.0209327
1593	4099	4099	123.768	0.0301946	0.0301946
1594	1295	1295	14.1997	0.010965	0.010965
1595	1563	1563	19.1408	0.0122462	0.0122462
1596	2475	2475	30.846	0.012463	0.012463
1597	2754	2754	66.2014	0.0240383	0.0240383
1598	802	802	32.8129	0.0409138	0.0409138
1599	711	711	7.67552	0.0107954	0.0107954
1600	1051	1051	13.8159	0.0131455	0.0131455
1601	815	815	2.15874	0.00264876	0.00264876
1602	1016	1016	2.63846	0.00259691	0.00259691
1603	345	345	0	0	0
1604	911	911	12.089	0.01327	0.01327
1605	1012	1012	21.1077	0.0208574	0.0208574
1606	828	828	6.71608	0.00811121	0.00811121
1607	1387	1387	25.2812	0.0182273	0.0182273
1608	811	811	49.6031	0.0611628	0.0611628
1609	1068	1068	10.7937	0.0101065	0.0101065
1610	1109	1109	7.67552	0.00692112	0.00692112
1611	1068	1068	0	0	0
1612	822	822	0	0	0
1613	718	718	12.2808	0.0171042	0.0171042
1614	2725	2725	49.5071	0.0181677	0.0181677
1615	1816	1816	14.3916	0.00792489	0.00792489
1616	597	597	0.431748	0.000723196	0.000723196
1617	1429	1429	58.9576	0.041258	0.041258
1618	2479	2479	35.4993	0.01432	0.01432
1619	11055	11055	322.036	0.0291304	0.0291304
1620	595	595	0	0	0
1621	803	803	14.3916	0.0179223	0.0179223
1622	2415	2415	86.1098	0.0356562	0.0356562
1623	3294	3294	114.173	0.034661	0.034661
1624	1575	1575	742.847	0.471649	0.471649
1625	725	725	100.981	0.139284	0.139284
1626	575	575	7.67552	0.0133487	0.0133487
1627	2943	2943	86.3496	0.0293407	0.0293407
1628	5342	5342	142.093	0.0265992	0.0265992
1629	5860	5860	248.207	0.0423562	0.0423562
1630	425	425	11.3694	0.0267514	0.0267514
1631	4135	4135	40663.5	9.83398	9.83398
1632	465	465	0.71958	0.00154748	0.00154748
1633	831	831	7.67552	0.00923649	0.00923649
1634	3432	3432	36.4587	0.0106232	0.0106232
1635	1222	1222	26.2407	0.0214736	0.0214736
1636	1141	1141	20.1482	0.0176584	0.0176584
1637	1916	1916	22.355	0.0116675	0.0116675
1638	929	929	28.7832	0.030983	0.030983
1639	481	481	5.46881	0.0113697	0.0113697
1640	954	954	6.71608	0.00703992	0.00703992
1641	1620	1620	56.655	0.0349722	0.0349722
1642	782	782	12.6646	0.0161952	0.0161952
1643	644	644	6.71608	0.0104287	0.0104287
1644	1084	1084	7.67552	0.00708074	0.00708074
1645	1077	1077	0	0	0
1646	548	548	0	0	0
1647	849	849	0	0	0
1648	2341	2341	96.7595	0.0413326	0.0413326
1649	834	834	0	0	0
1650	565	565	0	0	0
1651	644	644	0	0	0
1652	2469	2469	30.5102	0.0123573	0.0123573
1653	1035	1035	16.7422	0.0161761	0.0161761
1654	501	501	0	0	0
1655	468	468	7.62755	0.0162982	0.0162982
1656	1096	1096	23.1225	0.0210972	0.0210972
1657	960	960	6.71608	0.00699592	0.00699592
1658	308	308	6.71608	0.0218055	0.0218055
1659	681	681	0	0	0
1660	1031	1031	0.671608	0.000651414	0.000651414
1661	640	640	15.351	0.023986	0.023986
1662	374	374	0	0	0
1663	1367	1367	34.8756	0.0255125	0.0255125
1664	990	990	18.805	0.018995	0.018995
1665	690	690	0	0	0
1666	1071	1071	28.2076	0.0263376	0.0263376
1667	789	789	7.67552	0.00972816	0.00972816
1668	1120	1120	21.6833	0.0193601	0.0193601
1669	995	995	48.9314	0.0491773	0.0491773
1670	926	926	21.1077	0.0227945	0.0227945
1671	1387	1387	16.8382	0.01214	0.01214
1672	2509	2509	4.12559	0.00164432	0.00164432
1673	1290	1290	5.51678	0.00427657	0.00427657
1674	587	587	0.527692	0.000898964	0.000898964
1675	494	494	0	0	0
1676	751	751	0	0	0
1677	678	678	0	0	0
1678	456	456	7.67552	0.0168323	0.0168323
1679	922	922	20.2442	0.0219568	0.0219568
1680	1535	1535	28.8792	0.0188138	0.0188138
1681	2153	2153	6.62014	0.00307484	0.00307484
1682	1022	1022	13.4322	0.013143	0.013143
1683	572	572	7.67552	0.0134187	0.0134187
1684	1150	1150	0	0	0
1685	1026	1026	12.5687	0.0122502	0.0122502
1686	773	773	14.2477	0.0184317	0.0184317
1687	837	837	23.0745	0.0275682	0.0275682
1688	906	906	37.4182	0.0413004	0.0413004
1689	587	587	15.3511	0.0261517	0.0261517
1690	639	639	5.70867	0.00893375	0.00893375
1691	428	428	7.67552	0.0179335	0.0179335
1692	4631	4631	29.7426	0.00642251	0.00642251
1693	1311	1311	25.0414	0.019101	0.019101
1694	1068	1068	32.1412	0.0300948	0.0300948
1695	969	969	8.63497	0.00891121	0.00891121
1696	1155	1155	7.67552	0.00664547	0.00664547
1697	1090	1090	0	0	0
1698	1447	1447	27.8238	0.0192286	0.0192286
1699	1578	1578	30.4143	0.0192739	0.0192739
1700	1838	1838	43.5586	0.0236989	0.0236989
1701	991	991	49.4591	0.0499083	0.0499083
1702	764	764	10.0741	0.013186	0.013186
1703	918	918	116.476	0.12688	0.12688
1704	1315	1315	24.4178	0.0185686	0.0185686
1705	505	505	0	0	0
1706	2140	2140	20.7719	0.00970648	0.00970648
1707	578	578	4.26951	0.00738669	0.00738669
1708	366	366	7.67552	0.0209714	0.0209714
1709	622	622	1.87091	0.00300789	0.00300789
1710	599	599	6.71608	0.0112122	0.0112122
1711	1097	1097	28.7832	0.0262381	0.0262381
1712	602	602	0	0	0
1713	1652	1652	23.7941	0.0144032	0.0144032
1714	3963	3963	47.972	0.012105	0.012105
1715	1671	1671	6.71608	0.0040192	0.0040192
1716	1580	1580	0	0	0
1717	2018	2018	38.1857	0.0189226	0.0189226
1718	742	742	8.63496	0.0116374	0.0116374
1719	1496	1496	164.064	0.109669	0.109669
1720	1023	1023	12.4727	0.0121923	0.0121923
1721	1116	1116	29.7426	0.0266511	0.0266511
1722	766	766	4.70126	0.00613741	0.00613741
1723	1156	1156	22.0671	0.0190892	0.0190892
1724	1771	1771	7.67552	0.004334	0.004334
1725	1152	1152	13.4322	0.0116599	0.0116599
1726	1229	1229	14.3916	0.01171	0.01171
1727	1178	1178	12.6646	0.0107509	0.0107509
1728	1132	1132	13.72	0.0121201	0.0121201
1729	1073	1073	0	0	0
1730	1373	1373	34.348	0.0250167	0.0250167
1731	862	862	29.7427	0.0345042	0.0345042
1732	605	605	0	0	0
1733	591	591	0	0	0
1734	524	524	11.2254	0.0214226	0.0214226
1735	1309	1309	13.1443	0.0100415	0.0100415
1736	525	525	0.23986	0.000456876	0.000456876
1737	987	987	15.9747	0.0161851	0.0161851
1738	1938	1938	18.6611	0.00962906	0.00962906
1739	2410	2410	23.0266	0.00955459	0.00955459
1740	398	398	0	0	0
1741	982	982	39.433	0.0401558	0.0401558
1742	4772	4772	16722.1	3.50421	3.50421
1743	2471	2471	1334.97	0.540253	0.540253
1744	8227	8227	2760.31	0.335518	0.335518
1745	7889	7889	1458.16	0.184834	0.184834
1746	6854	6854	1604.95	0.234163	0.234163
1747	9747	9747	1562.83	0.16034	0.16034
1748	1179	1179	0	0	0
1749	1787	1787	19.6206	0.0109796	0.0109796
1750	2497	2497	6.71608	0.00268966	0.00268966
1751	690	690	15.351	0.0222479	0.0222479
1752	1737	1737	0	0	0
1753	971	971	30.2703	0.0311744	0.0311744
1754	774	774	52.7212	0.0681153	0.0681153
1755	634	634	7.67552	0.0121065	0.0121065
1756	2250	2250	21.0117	0.00933855	0.00933855
1757	1128	1128	27.8238	0.0246665	0.0246665
1758	396	396	0	0	0
1759	557	557	23.3624	0.0419432	0.0419432
1760	935	935	23.7462	0.025397	0.025397
1761	892	892	7.67552	0.00860484	0.00860484
1762	1190	1190	17.4138	0.0146335	0.0146335
1763	1452	1452	119.546	0.0823321	0.0823321
1764	951	951	6.71608	0.00706212	0.00706212
1765	632	632	5.85258	0.00926042	0.00926042
1766	620	620	7.67552	0.0123799	0.0123799
1767	1631	1631	27.6319	0.0169417	0.0169417
1768	1154	1154	0	0	0
1769	716	716	6.71608	0.00938	0.00938
1770	1648	1648	0	0	0
1771	4522	4522	207.239	0.0458291	0.0458291
1772	8724	8724	7.67552	0.000879817	0.000879817
1773	11234	11234	0	0	0
1774	986	986	0	0	0
1775	9737	9737	0	0	0
1776	1607	1607	34.8757	0.0217023	0.0217023
1777	717	717	13.4322	0.0187339	0.0187339
1778	930	930	7.67552	0.00825325	0.00825325
1779	1110	1110	20.2442	0.018238	0.018238
1780	866	866	13.3842	0.0154552	0.0154552
1781	400	400	7.24377	0.0181094	0.0181094
1782	836	836	1.72699	0.00206578	0.00206578
1783	689	689	0	0	0
1784	888	888	52.1456	0.0587225	0.0587225
1785	694	694	13.3842	0.0192856	0.0192856
1786	1378	1378	29.7427	0.0215839	0.0215839
1787	989	989	18.0854	0.0182866	0.0182866
1788	722	722	25.2812	0.0350156	0.0350156
1789	930	930	7.67552	0.00825325	0.00825325
1790	553	553	15.6869	0.0283668	0.0283668
1791	794	794	6.71608	0.00845854	0.00845854
1792	1568	1568	67.5446	0.0430769	0.0430769
1793	1923	1923	42.2154	0.0219529	0.0219529
1794	729	729	7.67552	0.0105288	0.0105288
1795	687	687	20.9158	0.0304451	0.0304451
1796	1013	1013	45.5734	0.0449886	0.0449886
1797	662	662	6.71608	0.0101451	0.0101451
1798	1184	1184	24.3698	0.0205826	0.0205826
1799	2357	2357	56.8468	0.0241183	0.0241183
1800	1222	1222	0	0	0
1801	755	755	0.287832	0.000381234	0.000381234
1802	940	940	23.4583	0.0249557	0.0249557
1803	1184	1184	29.215	0.0246748	0.0246748
1804	976	976	41.2559	0.0422704	0.0422704
1805	1432	1432	24.5617	0.017152	0.017152
1806	2814	2814	21.1077	0.00750095	0.00750095
1807	1237	1237	6.71608	0.00542933	0.00542933
1808	1570	1570	23.3624	0.0148805	0.0148805
1809	1517	1517	1128.3	0.743772	0.743772
1810	1158	1158	6.71608	0.00579972	0.00579972
1811	484	484	0	0	0
1812	833	833	4.4614	0.00535582	0.00535582
1813	1617	1617	14.3916	0.00890019	0.00890019
1814	1132	1132	16.6943	0.0147476	0.0147476
1815	1080	1080	0	0	0
1816	675	675	10.8417	0.0160617	0.0160617
1817	453	453	18.2773	0.0403473	0.0403473
1818	1210	1210	42.9829	0.0355231	0.0355231
1819	635	635	4.50937	0.00710137	0.00710137
1820	508	508	7.91538	0.0155815	0.0155815
1821	759	759	22.9306	0.0302116	0.0302116
1822	1207	1207	25.8089	0.0213827	0.0213827
1823	1460	1460	18.853	0.012913	0.012913
1824	989	989	24.4178	0.0246893	0.0246893
1825	675	675	13.4322	0.0198995	0.0198995
1826	1229	1229	0	0	0
1827	638	638	26.3846	0.0413552	0.0413552
1828	673	673	13.4322	0.0199587	0.0199587
1829	950	950	0	0	0
1830	903	903	0	0	0
1831	503	503	0	0	0
1832	1688	1688	37.4182	0.0221672	0.0221672
1833	303	303	0	0	0
1834	779	779	7.67552	0.00985304	0.00985304
1835	728	728	0	0	0
1836	1391	1391	0	0	0
1837	986	986	359.79	0.364899	0.364899
1838	1018	1018	22.0671	0.0216769	0.0216769
1839	3699	3699	689.31	0.18635	0.18635
1840	403	403	0	0	0
1841	1262	1262	0	0	0
1842	1440	1440	7.67552	0.00533022	0.00533022
1843	865	865	0	0	0
1844	1609	1609	0	0	0
1845	1948	1948	0	0	0
1846	686	686	0	0	0
1847	498	498	0	0	0
1848	1841	1841	0	0	0
1849	329	329	2.49454	0.0075822	0.0075822
1850	925	925	43.1748	0.0466755	0.0466755
1851	745	745	0	0	0
1852	768	768	0	0	0
1853	1272	1272	41.2559	0.0324339	0.0324339
1854	624	624	0	0	0
1855	520	520	0	0	0
1856	503	503	49.0754	0.0975653	0.0975653
1857	1076	1076	15.3511	0.0142668	0.0142668
1858	974	974	0	0	0
1859	685	685	6.71608	0.0098045	0.0098045
1860	879	879	6.71608	0.00764059	0.00764059
1861	1177	1177	15.351	0.0130425	0.0130425
1862	829	829	6.71608	0.00810142	0.00810142
1863	763	763	7.67552	0.0100597	0.0100597
1864	764	764	6.14042	0.00803719	0.00803719
1865	455	455	7.91538	0.0173964	0.0173964
1866	911	911	7.67552	0.00842538	0.00842538
1867	1142	1142	11.0336	0.00966161	0.00966161
1868	856	856	3.50196	0.00409107	0.00409107
1869	1119	1119	4.74923	0.00424417	0.00424417
1870	814	814	35.8351	0.0440235	0.0440235
1871	798	798	21.1077	0.0264507	0.0264507
1872	1023	1023	5.90056	0.00576789	0.00576789
1873	577	577	30.894	0.0535424	0.0535424
1874	834	834	13.1443	0.0157606	0.0157606
1875	1431	1431	14.4396	0.0100905	0.0100905
1876	1947	1947	20.628	0.0105947	0.0105947
1877	599	599	25.809	0.0430867	0.0430867
1878	895	895	6.71608	0.007504	0.007504
1879	633	633	12.2808	0.019401	0.019401
1880	835	835	27.5839	0.0330346	0.0330346
1881	2211	2211	57.3266	0.0259279	0.0259279
1882	1191	1191	5.70867	0.00479317	0.00479317
1883	966	966	17.7976	0.018424	0.018424
1884	381	381	0	0	0
1885	880	880	0	0	0
1886	895	895	6.47622	0.007236	0.007236
1887	1903	1903	0	0	0
1888	2092	2092	0	0	0
1889	693	693	1.39119	0.00200749	0.00200749
1890	594	594	4.84517	0.00815686	0.00815686
1891	1199	1199	6.47622	0.00540135	0.00540135
1892	474	474	9.78629	0.0206462	0.0206462
1893	1444	1444	52.6733	0.0364773	0.0364773
1894	896	896	7.67552	0.00856643	0.00856643
1895	545	545	11.7531	0.0215654	0.0215654
1896	1118	1118	21.1077	0.0188799	0.0188799
1897	2284	2284	21.1077	0.00924155	0.00924155
1898	929	929	14.6794	0.0158013	0.0158013
1899	803	803	29.7427	0.0370394	0.0370394
1900	1030	1030	11.7052	0.0113642	0.0113642
1901	1314	1314	25.6171	0.0194955	0.0194955
1902	2306	2306	21.1077	0.00915337	0.00915337
1903	661	661	21.1077	0.031933	0.031933
1904	577	577	0	0	0
1905	1406	1406	61.692	0.0438777	0.0438777
1906	1002	1002	0	0	0
1907	847	847	27.8238	0.0328498	0.0328498
1908	993	993	8.92279	0.00898569	0.00898569
1909	330	330	4.89314	0.0148277	0.0148277
1910	840	840	2.3986	0.00285548	0.00285548
1911	909	909	10.0261	0.0110299	0.0110299
1912	657	657	11.1295	0.0169399	0.0169399
1913	362	362	21.0117	0.0580435	0.0580435
1914	490	490	7.67552	0.0156643	0.0156643
1915	351	351	0	0	0
1916	850	850	0	0	0
1917	1005	1005	7.91538	0.007876	0.007876
1918	2187	2187	2.63846	0.00120643	0.00120643
1919	918	918	26.9603	0.0293685	0.0293685
1920	1102	1102	6.71608	0.00609445	0.00609445
1921	2379	2379	19.7645	0.00830789	0.00830789
1922	1316	1316	12.8565	0.00976938	0.00976938
1923	684	684	2.20671	0.00322619	0.00322619
1924	372	372	8.25118	0.0221806	0.0221806
1925	1578	1578	11.8491	0.00750893	0.00750893
1926	674	674	0	0	0
1927	1169	1169	13.72	0.0117365	0.0117365
1928	1913	1913	11.1775	0.0058429	0.0058429
1929	2819	2819	86.3976	0.0306483	0.0306483
1930	1106	1106	0	0	0
1931	1357	1357	7.67552	0.00565624	0.00565624
1932	937	937	14.3916	0.0153592	0.0153592
1933	767	767	7.67552	0.0100072	0.0100072
1934	1097	1097	16.6943	0.0152181	0.0152181
1935	2608	2608	43.1748	0.0165548	0.0165548
1936	554	554	49.699	0.0897094	0.0897094
1937	1590	1590	14.3916	0.00905132	0.00905132
1938	806	806	0	0	0
1939	643	643	0	0	0
1940	1776	1776	44.9977	0.0253366	0.0253366
1941	1490	1490	31.5656	0.021185	0.021185
1942	527	527	0	0	0
1943	1283	1283	31.8534	0.0248273	0.0248273
1944	1659	1659	0	0	0
1945	589	589	7.67552	0.0130314	0.0130314
1946	436	436	18.5652	0.0425807	0.0425807
1947	493	493	15.3031	0.0310407	0.0310407
1948	1703	1703	7.67552	0.00450706	0.00450706
1949	1072	1072	14.3916	0.013425	0.013425
1950	1875	1875	20.1482	0.0107457	0.0107457
1951	1336	1336	33.7723	0.0252787	0.0252787
1952	1648	1648	15.3511	0.00931496	0.00931496
1953	827	827	29.119	0.0352104	0.0352104
1954	1068	1068	13.4322	0.0125769	0.0125769
1955	1821	1821	42.2633	0.0232089	0.0232089
1956	18274	18274	252.333	0.0138083	0.0138083
1957	2299	2299	36.4587	0.0158585	0.0158585
1958	9066	9066	349.092	0.0385057	0.0385057
1959	4622	4622	522.991	0.113153	0.113153
1960	3593	3593	468.447	0.130378	0.130378
1961	2558	2558	284.282	0.111135	0.111135
1962	2524	2524	89.0361	0.0352758	0.0352758
1963	770	770	17.8936	0.0232384	0.0232384
1964	1187	1187	13.9599	0.0117606	0.0117606
1965	689	689	0	0	0
1966	1807	1807	97.2872	0.0538391	0.0538391
1967	1246	1246	5.08503	0.00408109	0.00408109
1968	667	667	7.09986	0.0106445	0.0106445
1969	1508	1508	21.1077	0.0139971	0.0139971
1970	463	463	6.71608	0.0145056	0.0145056
1971	1325	1325	35.5473	0.0268281	0.0268281
1972	400	400	13.672	0.0341801	0.0341801
1973	736	736	6.71608	0.00912511	0.00912511
1974	843	843	7.81944	0.00927573	0.00927573
1975	1301	1301	7.67552	0.00589971	0.00589971
1976	1488	1488	83.7112	0.0562575	0.0562575
1977	2122	2122	21.1077	0.00994707	0.00994707
1978	478	478	27.2481	0.0570044	0.0570044
1979	1270	1270	10.8896	0.00857452	0.00857452
1980	819	819	12.4247	0.0151706	0.0151706
1981	1208	1208	3.2621	0.00270041	0.00270041
1982	889	889	14.3916	0.0161885	0.0161885
1983	815	815	28.7832	0.0353168	0.0353168
1984	468	468	0	0	0
1985	854	854	21.1077	0.0247163	0.0247163
1986	520	520	0.863496	0.00166057	0.00166057
1987	1073	1073	40.4404	0.0376891	0.0376891
1988	431	431	7.67552	0.0178086	0.0178086
1989	1184	1184	15.3511	0.0129654	0.0129654
1990	1534	1534	7.67552	0.0050036	0.0050036
1991	621	621	14.3916	0.0231749	0.0231749
1992	1211	1211	6.71608	0.0055459	0.0055459
1993	521	521	0	0	0
1994	309	309	0	0	0
1995	2145	2145	11.7531	0.00547932	0.00547932
1996	1236	1236	23.0266	0.0186299	0.0186299
1997	968	968	0	0	0
1998	1577	1577	9.5944	0.00608396	0.00608396
1999	524	524	6.62014	0.0126338	0.0126338
2000	621	621	22.1151	0.0356121	0.0356121
2001	341	341	0	0	0
2002	612	612	6.71608	0.010974	0.010974
2003	679	679	0	0	0
2004	2141	2141	14.3916	0.00672191	0.00672191
2005	710	710	7.67552	0.0108106	0.0108106
2006	1281	1281	18.5652	0.0144927	0.0144927
2007	1499	1499	21.1077	0.0140812	0.0140812
2008	433	433	0	0	0
2009	3386	3386	77.7147	0.0229518	0.0229518
2010	1222	1222	41.3519	0.0338395	0.0338395
2011	1167	1167	1.82294	0.00156207	0.00156207
2012	728	728	2.54252	0.00349247	0.00349247
2013	905	905	0	0	0
2014	1040	1040	7.67552	0.00738031	0.00738031
2015	2327	2327	27.8238	0.0119569	0.0119569
2016	2002	2002	116.38	0.0581319	0.0581319
2017	1639	1639	8.49104	0.00518062	0.00518062
2018	576	576	6.71608	0.0116599	0.0116599
2019	1949	1949	60.8285	0.0312101	0.0312101
2020	682	682	14.1517	0.0207504	0.0207504
2021	322	322	7.67552	0.023837	0.023837
2022	510	510	4.98909	0.00978253	0.00978253
2023	500	500	0	0	0
2024	812	812	6.71608	0.00827103	0.00827103
2025	684	684	6.52419	0.00953829	0.00953829
2026	1003	1003	6.71608	0.00669599	0.00669599
2027	516	516	9.16265	0.0177571	0.0177571
2028	774	774	9.21062	0.0119	0.0119
2029	992	992	9.01874	0.00909147	0.00909147
2030	1393	1393	26.1447	0.0187687	0.0187687
2031	8779	8779	40.8722	0.00465567	0.00465567
2032	642	642	0	0	0
2033	1891	1891	6037.61	3.19282	3.19282
2034	612	612	0	0	0
2035	2565	2565	14.3916	0.00561076	0.00561076
2036	1127	1127	30.9899	0.0274977	0.0274977
2037	927	927	0	0	0
2038	704	704	16.5024	0.0234409	0.0234409
2039	1183	1183	15.351	0.0129764	0.0129764
2040	636	636	0	0	0
2041	1504	1504	77.8106	0.0517358	0.0517358
2042	1061	1061	13.4322	0.0126599	0.0126599
2043	892	892	7.67552	0.00860484	0.00860484
2044	654	654	7.67552	0.0117363	0.0117363
2045	601	601	0	0	0
2046	1259	1259	29.5028	0.0234335	0.0234335
2047	396	396	0	0	0
2048	748	748	0	0	0
2049	1446	1446	6.71608	0.00464459	0.00464459
2050	1056	1056	6.71608	0.00635992	0.00635992
2051	1901	1901	32.621	0.0171599	0.0171599
2052	2769	2769	37.4182	0.0135132	0.0135132
2053	374	374	0.623636	0.00166748	0.00166748
2054	462	462	0	0	0
2055	1251	1251	0	0	0
2056	1489	1489	25.713	0.0172686	0.0172686
2057	383	383	4.36545	0.011398	0.011398
2058	1943	1943	25.4731	0.0131102	0.0131102
2059	1129	1129	7.67552	0.00679851	0.00679851
2060	1588	1588	56.7509	0.0357373	0.0357373
2061	449	449	0	0	0
2062	922	922	7.67552	0.00832486	0.00832486
2063	631	631	3.45398	0.00547383	0.00547383
2064	585	585	0	0	0
2065	1381	1381	0	0	0
2066	669	669	6.71608	0.010039	0.010039
2067	644	644	5.37286	0.00834296	0.00834296
2068	667	667	7.67552	0.0115075	0.0115075
2069	506	506	9.01874	0.0178236	0.0178236
2070	2792	2792	0	0	0
2071	2889	2889	6.71608	0.00232471	0.00232471
2072	1195	1195	49.8909	0.0417497	0.0417497
2073	490	490	0	0	0
2074	438	438	0	0	0
2075	1798	1798	67.1608	0.0373531	0.0373531
2076	1629	1629	47.4443	0.0291248	0.0291248
2077	1879	1879	15.351	0.00816979	0.00816979
2078	626	626	28.6873	0.0458263	0.0458263
2079	2105	2105	0	0	0
2080	587	587	6.95594	0.01185	0.01185
2081	6829	6829	510.423	0.0747434	0.0747434
2082	2539	2539	168.813	0.0664882	0.0664882
2083	13259	13259	1181.84	0.0891348	0.0891348
2084	1642	1642	1056.63	0.643503	0.643503
2085	5954	5954	165.024	0.0277164	0.0277164
2086	4683	4683	99.7818	0.0213072	0.0213072
2087	2224	2224	21.1077	0.00949086	0.00949086
2088	4927	4927	99.7818	0.020252	0.020252
2089	11281	11281	358.831	0.0318084	0.0318084
2090	2550	2550	14.3916	0.00564376	0.00564376
2091	2283	2283	6.71608	0.00294178	0.00294178
2092	3146	3146	0	0	0
2093	6121	6121	27.7278	0.00452995	0.00452995
2094	7791	7791	677.077	0.0869051	0.0869051
2095	20592	20592	490.274	0.023809	0.023809
2096	2594	2594	42.2154	0.0162742	0.0162742
2097	6182	6182	65.2419	0.0105535	0.0105535
2098	1547	1547	44.1342	0.0285289	0.0285289
2099	1195	1195	28.4954	0.0238455	0.0238455
2100	4318	4318	163.441	0.037851	0.037851
2101	1666	1666	21.1077	0.0126697	0.0126697
2102	8278	8278	184.117	0.0222417	0.0222417
2103	6029	6029	313.737	0.052038	0.052038
2104	2052	2052	14.3916	0.00701346	0.00701346
2105	7637	7637	127.606	0.0167089	0.0167089
2106	2463	2463	0	0	0
2107	6308	6308	107.457	0.0170351	0.0170351
2108	8387	8387	21.1077	0.00251671	0.00251671
2109	11252	11252	902.21	0.0801822	0.0801822
2110	443	443	11.7052	0.0264225	0.0264225
2111	1164	1164	0	0	0
