1	753	753	110.951	0.147345	0.147345
2	2974	2974	208.25	0.0700234	0.0700234
3	1070	1070	177.997	0.166352	0.166352
4	571	571	0	0	0
5	807	807	0	0	0
6	1159	1159	90.9634	0.0784844	0.0784844
7	693	693	0	0	0
8	831	831	68.6326	0.0825904	0.0825904
9	744	744	0	0	0
10	1743	1743	7.29318	0.00418427	0.00418427
11	1120	1120	0	0	0
12	459	459	0	0	0
13	1458	1458	0	0	0
14	756	756	0	0	0
15	757	757	0	0	0
16	1136	1136	31.426	0.0276637	0.0276637
17	5886	5886	221.902	0.0377	0.0377
18	412	412	0	0	0
19	616	616	0	0	0
20	2838	2838	143.022	0.0503953	0.0503953
21	705	705	3.92496	0.00556732	0.00556732
22	1039	1039	148.445	0.142873	0.142873
23	2368	2368	110.951	0.0468543	0.0468543
24	502	502	0	0	0
25	615	615	0	0	0
26	947	947	66.382	0.0700972	0.0700972
27	2062	2062	0	0	0
28	1047	1047	97.943	0.0935464	0.0935464
29	885	885	8.31168	0.00939173	0.00939173
30	1662	1662	0	0	0
31	844	844	0	0	0
32	536	536	0	0	0
33	851	851	1.53036	0.00179831	0.00179831
34	411	411	0	0	0
35	650	650	0	0	0
36	1205	1205	0	0	0
37	448	448	0	0	0
38	1077	1077	100.949	0.0937313	0.0937313
39	1252	1252	0	0	0
40	1942	1942	194.371	0.100088	0.100088
41	968	968	127.785	0.132009	0.132009
42	2527	2527	0	0	0
43	998	998	0	0	0
44	968	968	0	0	0
45	692	692	0	0	0
46	787	787	78.8965	0.10025	0.10025
47	1493	1493	9.69696	0.00649495	0.00649495
48	1152	1152	0	0	0
49	686	686	0	0	0
50	1117	1117	0	0	0
51	1436	1436	0	0	0
52	1593	1593	52.6431	0.0330465	0.0330465
53	1548	1548	0	0	0
54	865	865	0	0	0
55	704	704	76.0612	0.108042	0.108042
56	858	858	0	0	0
57	8769	8769	759.035	0.0865589	0.0865589
58	7558	7558	1262.61	0.167056	0.167056
59	468	468	0	0	0
60	1297	1297	0	0	0
61	601	601	0	0	0
62	1199	1199	0	0	0
63	495	495	0	0	0
64	718	718	236.955	0.330021	0.330021
65	403	403	0	0	0
66	627	627	0	0	0
67	957	957	0	0	0
68	318	318	0	0	0
69	345	345	0	0	0
70	734	734	0	0	0
71	441	441	65.0453	0.147495	0.147495
72	1477	1477	0	0	0
73	474	474	0	0	0
74	412	412	18.0006	0.0436907	0.0436907
75	969	969	0	0	0
76	857	857	162.208	0.189274	0.189274
77	442	442	0	0	0
78	1372	1372	37.405	0.0272631	0.0272631
79	749	749	70.3966	0.0939874	0.0939874
80	823	823	0	0	0
81	1297	1297	85.942	0.0662621	0.0662621
82	738	738	153.324	0.207757	0.207757
83	1036	1036	0	0	0
84	771	771	0	0	0
85	989	989	108.387	0.109592	0.109592
86	862	862	110.951	0.128714	0.128714
87	1086	1086	17.2945	0.015925	0.015925
88	1063	1063	97.1779	0.0914185	0.0914185
89	490	490	0	0	0
90	658	658	33.0501	0.050228	0.050228
91	1101	1101	236.4	0.214714	0.214714
92	428	428	0	0	0
93	1136	1136	0	0	0
94	717	717	0	0	0
95	1256	1256	0	0	0
96	1185	1185	0	0	0
97	1219	1219	66.9595	0.0549299	0.0549299
98	1020	1020	22.8972	0.0224482	0.0224482
99	1685	1685	91.8216	0.0544935	0.0544935
100	433	433	59.684	0.137838	0.137838
101	404	404	0	0	0
102	589	589	0	0	0
103	1059	1059	121.11	0.114363	0.114363
104	930	930	0	0	0
105	1156	1156	60.3872	0.0522381	0.0522381
106	1223	1223	0	0	0
107	502	502	58.4217	0.116378	0.116378
108	4888	4888	1228.51	0.251331	0.251331
109	1083	1083	98.2534	0.0907234	0.0907234
110	528	528	81.5059	0.154367	0.154367
111	720	720	109.789	0.152485	0.152485
112	758	758	58.4211	0.0770727	0.0770727
113	984	984	0	0	0
114	947	947	24.3218	0.025683	0.025683
115	973	973	12.4066	0.0127509	0.0127509
116	514	514	6.46464	0.0125771	0.0125771
117	1092	1092	0	0	0
118	2093	2093	0	0	0
119	684	684	0	0	0
120	1034	1034	0	0	0
121	1470	0	0	0	0
122	867	867	0	0	0
123	658	658	0	0	0
124	660	660	0	0	0
125	1276	1276	78.185	0.0612735	0.0612735
126	623	623	0	0	0
127	3055	3055	221.902	0.0726357	0.0726357
128	755	755	83.4046	0.11047	0.11047
129	1130	1130	98.9382	0.087556	0.087556
130	1991	1991	0	0	0
131	915	915	0	0	0
132	1155	1155	38.2561	0.0331222	0.0331222
133	764	764	43.6153	0.057088	0.057088
134	1118	1118	18.2399	0.0163147	0.0163147
135	1162	1162	0	0	0
136	731	731	38.2218	0.052287	0.052287
137	1205	1205	208.308	0.172869	0.172869
138	531	531	0	0	0
139	775	775	104.527	0.134874	0.134874
140	461	461	0	0	0
141	1138	1138	17.5991	0.015465	0.015465
142	1054	1054	2.30895	0.00219065	0.00219065
143	1424	1424	0	0	0
144	1096	1096	0	0	0
145	1330	1330	80.2804	0.0603612	0.0603612
146	886	886	84.5562	0.0954359	0.0954359
147	864	864	0	0	0
148	713	713	104.064	0.145953	0.145953
149	2430	2430	110.951	0.0456589	0.0456589
150	962	962	33.7101	0.0350417	0.0350417
151	1268	1268	26.0161	0.0205174	0.0205174
152	1298	1298	93.3459	0.0719152	0.0719152
153	310	310	0	0	0
154	437	437	142.323	0.325683	0.325683
155	808	808	185.618	0.229725	0.229725
156	8524	8524	1855.62	0.217694	0.217694
157	8077	8077	1765.07	0.218531	0.218531
158	19056	19056	5658.84	0.296958	0.296958
159	6486	6486	1417.11	0.218488	0.218488
160	6962	6962	1792.23	0.25743	0.25743
161	12458	12458	2935.59	0.235639	0.235639
162	30196	30196	6726.32	0.222755	0.222755
163	861	861	133.141	0.154636	0.154636
164	12524	12524	2533.86	0.202321	0.202321
165	19642	19642	4096.29	0.208547	0.208547
166	26100	26100	4650.76	0.17819	0.17819
167	7514	7514	1107.65	0.147411	0.147411
168	6912	6912	1000.24	0.14471	0.14471
169	1650	1650	229.503	0.139093	0.139093
170	1073	1073	179.566	0.16735	0.16735
171	1712	1712	417.893	0.244096	0.244096
172	1778	1778	337.848	0.190016	0.190016
173	10224	10224	663.345	0.0648811	0.0648811
174	2794	2794	0	0	0
175	776	776	0	0	0
176	3753	3753	776.616	0.206932	0.206932
177	3969	3969	332.853	0.0838633	0.0838633
178	4946	4946	924.381	0.186895	0.186895
179	6399	6399	1311.49	0.204952	0.204952
180	7161	7161	1728.74	0.241411	0.241411
181	1517	1517	168.67	0.111187	0.111187
182	2759	2759	533.536	0.19338	0.19338
183	2367	2367	802.408	0.338998	0.338998
184	604	604	62.7448	0.103882	0.103882
185	809	809	48.9715	0.0605334	0.0605334
186	1206	1206	0	0	0
187	2380	2380	96.8492	0.040693	0.040693
188	934	934	71.9605	0.0770455	0.0770455
189	735	735	96.206	0.130893	0.130893
190	1603	1603	0	0	0
191	585	585	0	0	0
192	845	845	0	0	0
193	2857	2857	0	0	0
194	1218	1218	14.7773	0.0121324	0.0121324
195	1078	1078	0	0	0
196	1120	1120	45.9108	0.0409918	0.0409918
197	1778	1778	100.049	0.0562707	0.0562707
198	1196	1196	0	0	0
199	1568	1568	222.82	0.142105	0.142105
200	2855	2855	0	0	0
201	290	290	0	0	0
202	2057	2057	17.046	0.00828683	0.00828683
203	1182	1182	0	0	0
204	1041	1041	0	0	0
205	794	794	194.698	0.245211	0.245211
206	802	802	0	0	0
207	708	708	0	0	0
208	2179	2179	224.198	0.10289	0.10289
209	687	687	0	0	0
210	559	559	0	0	0
211	1649	1649	0	0	0
212	544	544	0	0	0
213	1138	1138	64.6151	0.0567795	0.0567795
214	518	518	122.552	0.236586	0.236586
215	1201	1201	0	0	0
216	682	682	74.4882	0.10922	0.10922
217	1248	1248	53.3941	0.0427838	0.0427838
218	687	687	0	0	0
219	1205	1205	0	0	0
220	924	924	110.951	0.120077	0.120077
221	1431	1431	1.38537	0.000968113	0.000968113
222	912	912	0	0	0
223	585	585	110.951	0.18966	0.18966
224	823	823	0	0	0
225	1426	1426	0	0	0
226	640	640	0	0	0
227	974	974	69.9909	0.0718593	0.0718593
228	1396	1396	46.8848	0.0335851	0.0335851
229	1113	1113	0	0	0
230	663	663	0	0	0
231	2485	2485	61.4558	0.0247307	0.0247307
232	1118	1118	52.1051	0.0466056	0.0466056
233	18795	18795	0	0	0
234	1174	1174	146.246	0.124571	0.124571
235	1299	1299	97.0838	0.0747373	0.0747373
236	1151	1151	94.8714	0.0824252	0.0824252
237	774	774	110.951	0.143348	0.143348
238	440	440	0	0	0
239	1160	1160	0	0	0
240	775	775	0	0	0
241	1084	1084	0	0	0
242	1098	1098	104.828	0.0954714	0.0954714
243	766	766	2.30895	0.0030143	0.0030143
244	1160	1160	0	0	0
245	990	990	0	0	0
246	1524	1524	78.2604	0.051352	0.051352
247	436	436	0	0	0
248	2615	2615	110.951	0.0424287	0.0424287
249	951	951	0	0	0
250	465	465	0	0	0
251	823	823	87.5809	0.106417	0.106417
252	765	765	0	0	0
253	436	436	70.1973	0.161003	0.161003
254	1042	1042	121.802	0.116893	0.116893
255	625	625	0	0	0
256	2876	2876	152.919	0.0531708	0.0531708
257	1900	1900	110.951	0.0583953	0.0583953
258	1492	1492	0	0	0
259	1025	1025	0	0	0
260	1011	1011	0	0	0
261	1137	1137	74.5443	0.0655623	0.0655623
262	1041	1041	198.167	0.190362	0.190362
263	715	715	6.23376	0.00871855	0.00871855
264	495	495	0	0	0
265	831	831	64.7638	0.0779348	0.0779348
266	1059	1059	184.951	0.174647	0.174647
267	1881	1881	15.6992	0.0083462	0.0083462
268	1114	1114	0	0	0
269	949	949	0	0	0
270	682	682	0	0	0
271	356	356	208.894	0.58678	0.58678
272	685	685	0	0	0
273	375	375	58.3809	0.155682	0.155682
274	846	846	0	0	0
275	785	785	75.2752	0.095892	0.095892
276	479	479	245.602	0.512739	0.512739
277	1706	1706	0	0	0
278	1438	1438	0	0	0
279	916	916	0	0	0
280	1077	1077	97.943	0.0909406	0.0909406
281	931	931	0	0	0
282	1475	1475	0	0	0
283	1864	1864	107.89	0.0578811	0.0578811
284	699	699	0	0	0
285	620	620	0	0	0
286	477	477	66.0309	0.13843	0.13843
287	560	560	0	0	0
288	599	599	0	0	0
289	659	659	0	0	0
290	951	951	0	0	0
291	1588	1588	0	0	0
292	672	672	174.231	0.259272	0.259272
293	1629	1629	221.885	0.136209	0.136209
294	728	728	0	0	0
295	968	968	110.951	0.114619	0.114619
296	1967	1967	0	0	0
297	1723	1723	0	0	0
298	613	613	0	0	0
299	352	352	0	0	0
300	772	772	50.3341	0.0651996	0.0651996
301	1626	1626	0	0	0
302	1454	1454	76.9714	0.0529377	0.0529377
303	954	954	137.382	0.144007	0.144007
304	649	649	60.2408	0.092821	0.092821
305	2827	2827	57.7217	0.020418	0.020418
306	445	445	0	0	0
307	659	659	0	0	0
308	843	843	0	0	0
309	709	709	6.46404	0.00911712	0.00911712
310	968	968	142.683	0.1474	0.1474
311	382	382	31.8476	0.0833706	0.0833706
312	1056	1056	80.8584	0.0765705	0.0765705
313	718	718	0	0	0
314	1206	1206	108.656	0.0900958	0.0900958
315	1484	1484	0	0	0
316	2056	2056	113.247	0.055081	0.055081
317	597	597	0	0	0
318	803	803	30.6072	0.0381161	0.0381161
319	374	374	0	0	0
320	1583	1583	91.8216	0.0580048	0.0580048
321	872	872	0	0	0
322	739	739	0	0	0
323	1928	1928	100.138	0.0519386	0.0519386
324	779	779	293.052	0.376189	0.376189
325	940	940	0	0	0
326	583	583	110.951	0.190311	0.190311
327	948	948	0	0	0
328	841	841	0	0	0
329	1193	1193	92.5868	0.0776084	0.0776084
330	795	795	229.584	0.288785	0.288785
331	2044	2044	0	0	0
332	567	567	0	0	0
333	896	896	0	0	0
334	1276	1276	221.902	0.173905	0.173905
335	1047	1047	0	0	0
336	1586	1586	110.951	0.0699566	0.0699566
337	1109	1109	0	0	0
338	1559	1559	0	0	0
339	761	761	110.951	0.145796	0.145796
340	558	558	0	0	0
341	1089	1089	296.88	0.272617	0.272617
342	793	793	73.3045	0.0924395	0.0924395
343	945	945	0	0	0
344	1804	1804	100.463	0.055689	0.055689
345	2094	2094	354.77	0.169422	0.169422
346	3696	3696	503.981	0.136359	0.136359
347	367	367	0	0	0
348	3157	3157	221.902	0.0702889	0.0702889
349	1322	1322	0	0	0
350	701	701	0	0	0
351	1387	1387	0	0	0
352	534	534	0	0	0
353	1555	1555	197.502	0.127011	0.127011
354	740	740	26.4863	0.0357923	0.0357923
355	639	639	67.811	0.106121	0.106121
356	706	706	153.934	0.218037	0.218037
357	724	724	77.5778	0.107152	0.107152
358	956	956	45.7012	0.0478046	0.0478046
359	771	771	0	0	0
360	1985	1985	101.004	0.0508835	0.0508835
361	1749	1749	0	0	0
362	1533	1533	0	0	0
363	581	581	74.9876	0.129067	0.129067
364	1289	1289	6.69552	0.00519435	0.00519435
365	632	632	110.951	0.175556	0.175556
366	1412	1412	205.059	0.145226	0.145226
367	2550	2550	0	0	0
368	483	483	0	0	0
369	1469	1469	110.951	0.0755283	0.0755283
370	338	338	0	0	0
371	715	715	156.44	0.218798	0.218798
372	681	681	0	0	0
373	594	594	128.447	0.216241	0.216241
374	1817	1817	28.3117	0.0155815	0.0155815
375	1118	1118	0	0	0
376	986	986	0	0	0
377	750	750	0	0	0
378	515	515	3.8259	0.00742893	0.00742893
379	1205	1205	0	0	0
380	1014	1014	20.6599	0.0203746	0.0203746
381	980	980	0	0	0
382	948	948	0	0	0
383	560	560	0	0	0
384	3432	3432	0	0	0
385	701	701	0	0	0
386	2336	2336	34.4331	0.0147402	0.0147402
387	876	876	0	0	0
388	515	515	0	0	0
389	1645	1645	93.352	0.0567489	0.0567489
390	1624	1624	25.1638	0.0154949	0.0154949
391	3319	3319	221.902	0.0668581	0.0668581
392	887	887	64.6504	0.0728866	0.0728866
393	1250	1250	31.3137	0.0250509	0.0250509
394	778	778	52.7974	0.067863	0.067863
395	522	522	110.951	0.21255	0.21255
396	654	654	0	0	0
397	2069	2069	8.64386	0.0041778	0.0041778
398	495	495	0	0	0
399	740	740	0	0	0
400	2271	2271	0	0	0
401	362	362	0	0	0
402	850	850	12.6984	0.0149393	0.0149393
403	959	959	0	0	0
404	1346	1346	0	0	0
405	976	976	130.846	0.134063	0.134063
406	2237	2237	0	0	0
407	484	484	0	0	0
408	1382	1382	0	0	0
409	458	458	0	0	0
410	1327	1327	0	0	0
411	757	0	0	0	0
412	460	460	0	0	0
413	4713	4713	0	0	0
414	1077	1077	0	0	0
415	993	993	133.117	0.134055	0.134055
416	552	552	76.1073	0.137875	0.137875
417	1702	1702	0	0	0
418	871	871	23.5513	0.0270394	0.0270394
419	911	911	102.828	0.112874	0.112874
420	1798	1798	0	0	0
421	807	807	110.951	0.137486	0.137486
422	1078	1078	101.502	0.0941573	0.0941573
423	777	777	0	0	0
424	1250	1250	0	0	0
425	767	767	4.15611	0.00541866	0.00541866
426	1705	1705	0	0	0
427	553	553	0	0	0
428	2563	2563	0	0	0
429	535	535	0	0	0
430	1025	1025	210.255	0.205127	0.205127
431	1147	1147	110.951	0.0967316	0.0967316
432	1804	1804	0	0	0
433	761	761	0	0	0
434	1763	1763	152.94	0.0867501	0.0867501
435	1254	1254	147.086	0.117294	0.117294
436	878	878	18.4706	0.0210372	0.0210372
437	1222	1222	0	0	0
438	1020	1020	0	0	0
439	1115	1115	81.2189	0.072842	0.072842
440	1099	1099	0	0	0
441	978	978	173.651	0.177557	0.177557
442	472	472	24.4858	0.0518766	0.0518766
443	703	703	32.1376	0.0457149	0.0457149
444	1625	1625	189.164	0.116409	0.116409
445	1074	1074	0	0	0
446	1476	1476	0	0	0
447	1440	1440	0	0	0
448	835	835	92.4443	0.110712	0.110712
449	832	832	0	0	0
450	899	899	2.3088	0.00256819	0.00256819
451	748	748	93.352	0.124802	0.124802
452	1780	1780	0	0	0
453	1328	1328	76.2548	0.0574208	0.0574208
454	622	622	110.951	0.178378	0.178378
455	1244	1244	0	0	0
456	907	907	2.77074	0.00305484	0.00305484
457	559	559	89.2871	0.159726	0.159726
458	746	746	0	0	0
459	745	745	0	0	0
460	872	872	0	0	0
461	795	795	0.76518	0.000962491	0.000962491
462	1191	1191	127.799	0.107304	0.107304
463	687	687	0	0	0
464	1029	1029	3.23253	0.00314143	0.00314143
465	535	535	0	0	0
466	639	639	0	0	0
467	769	769	0	0	0
468	2280	2280	0	0	0
469	2526	2526	0	0	0
470	1035	1035	0	0	0
471	1275	1275	60.0327	0.0470845	0.0470845
472	641	641	45.9108	0.0716237	0.0716237
473	469	469	0	0	0
474	1883	1883	0	0	0
475	1044	1044	0	0	0
476	453	453	0	0	0
477	940	940	116.613	0.124057	0.124057
478	695	695	0	0	0
479	495	495	0	0	0
480	495	495	39.0242	0.0788367	0.0788367
481	964	964	0	0	0
482	2681	2681	0	0	0
483	726	726	0	0	0
484	773	773	0.46179	0.0005974	0.0005974
485	2017	2017	23.6603	0.0117304	0.0117304
486	1040	1040	13.0081	0.0125077	0.0125077
487	408	408	23.7206	0.0581387	0.0581387
488	2851	2851	75.6615	0.0265386	0.0265386
489	675	675	0	0	0
490	890	890	0	0	0
491	1197	1197	85.7002	0.0715958	0.0715958
492	808	808	30.6072	0.0378802	0.0378802
493	779	779	0	0	0
494	995	995	68.4075	0.0687513	0.0687513
495	2225	2225	0	0	0
496	818	818	21.3954	0.0261557	0.0261557
497	1323	1323	0	0	0
498	1893	1893	97.6019	0.0515594	0.0515594
499	1880	1880	0	0	0
500	1162	1162	63.9993	0.0550768	0.0550768
501	724	724	0	0	0
502	1294	1294	221.877	0.171466	0.171466
503	910	910	0	0	0
504	1429	1429	0	0	0
505	1777	1777	0	0	0
506	401	401	0	0	0
507	749	749	0	0	0
508	2359	2359	0	0	0
509	739	739	0	0	0
510	1619	1619	110.951	0.0685306	0.0685306
511	1432	1432	157.431	0.109938	0.109938
512	1032	1032	0	0	0
513	2097	2097	30.7931	0.0146843	0.0146843
514	962	962	0	0	0
515	462	462	0	0	0
516	731	731	58.7991	0.0804365	0.0804365
517	1520	1520	0	0	0
518	579	579	31.8635	0.055032	0.055032
519	927	927	40.5545	0.0437482	0.0437482
520	1944	1944	0	0	0
521	2495	2495	461.599	0.18501	0.18501
522	7583	7583	72.4206	0.00955038	0.00955038
523	951	951	0	0	0
524	1071	1071	0	0	0
525	1185	1185	0	0	0
526	2340	2340	0	0	0
527	726	726	1.53036	0.00210793	0.00210793
528	1261	1261	0	0	0
529	830	830	0	0	0
530	839	839	0	0	0
531	1118	1118	0	0	0
532	3994	3994	110.344	0.0276275	0.0276275
533	384	384	0	0	0
534	1454	1454	0	0	0
535	1745	1745	0	0	0
536	590	590	0	0	0
537	1101	1101	61.8641	0.056189	0.056189
538	900	900	33.4366	0.0371518	0.0371518
539	1444	1444	12.2429	0.00847845	0.00847845
540	1136	1136	0	0	0
541	766	766	17.7587	0.0231837	0.0231837
542	675	675	0	0	0
543	571	571	78.8135	0.138027	0.138027
544	637	637	24.4858	0.0384392	0.0384392
545	576	576	0	0	0
546	2281	2281	0	0	0
547	701	701	64.2751	0.0916906	0.0916906
548	1690	1690	71.5272	0.0423238	0.0423238
549	759	759	0	0	0
550	3216	3216	111.058	0.0345331	0.0345331
551	955	955	71.9269	0.0753161	0.0753161
552	1033	1033	108.114	0.10466	0.10466
553	756	756	79.5787	0.105263	0.105263
554	1256	1256	165.528	0.13179	0.13179
555	744	744	69.9634	0.0940368	0.0940368
556	2087	2087	56.6563	0.0271472	0.0271472
557	1319	1319	0	0	0
558	912	912	0	0	0
559	852	852	36.7286	0.0431087	0.0431087
560	515	515	0	0	0
561	1574	1574	0	0	0
562	949	949	68.101	0.0717608	0.0717608
563	2363	2363	0	0	0
564	934	934	55.074	0.0589658	0.0589658
565	828	828	0	0	0
566	2174	2174	45.6445	0.0209956	0.0209956
567	980	980	16.2939	0.0166264	0.0166264
568	1366	1366	0	0	0
569	429	429	0	0	0
570	1021	1021	85.7176	0.0839546	0.0839546
571	859	859	0	0	0
572	480	480	66.5458	0.138637	0.138637
573	844	844	0	0	0
574	511	511	0	0	0
575	744	744	40.7398	0.0547577	0.0547577
576	828	828	180.713	0.218252	0.218252
577	981	981	0	0	0
578	702	702	0	0	0
579	822	822	0	0	0
580	1106	1106	96.5979	0.0873399	0.0873399
581	680	680	0	0	0
582	1000	1000	125.301	0.125301	0.125301
583	864	864	0	0	0
584	533	533	12.5597	0.0235641	0.0235641
585	1684	1684	0	0	0
586	1348	1348	0	0	0
587	924	924	0	0	0
588	709	709	0	0	0
589	817	817	0	0	0
590	1241	1241	255.594	0.205958	0.205958
591	1079	1079	81.0013	0.0750707	0.0750707
592	1684	1684	0	0	0
593	816	816	64.6697	0.0792521	0.0792521
594	1014	1014	0	0	0
595	755	755	0	0	0
596	487	487	0	0	0
597	2508	2508	110.951	0.0442389	0.0442389
598	1508	1508	45.8729	0.0304197	0.0304197
599	1541	1541	34.4331	0.0223446	0.0223446
600	635	635	0	0	0
601	3845	3845	2773.46	0.721316	0.721316
602	905	905	0	0	0
603	703	703	0	0	0
604	347	347	0	0	0
605	4150	4150	0	0	0
606	650	650	0	0	0
607	773	773	0	0	0
608	4195	4195	151.195	0.0360417	0.0360417
609	1525	1525	434.028	0.284608	0.284608
610	560	560	221.902	0.396254	0.396254
611	6377	6377	1178.44	0.184795	0.184795
612	5742	5742	526.95	0.0917712	0.0917712
613	5111	5111	840.384	0.164427	0.164427
614	4422	4422	1031.42	0.233247	0.233247
615	836	836	0	0	0
616	5542	5542	593.57	0.107104	0.107104
617	3260	3260	497.224	0.152523	0.152523
618	341	341	0	0	0
619	1068	1068	332.839	0.311647	0.311647
620	728	728	0	0	0
621	23606	23606	1997.33	0.084611	0.084611
622	3796	3796	0	0	0
623	1787	1787	123.077	0.0688736	0.0688736
624	10492	10492	577.122	0.055006	0.055006
625	4852	4852	0	0	0
626	1060	1060	0	0	0
627	550	550	4.3428	0.007896	0.007896
628	1169	1169	69.6314	0.0595649	0.0595649
629	834	834	53.5626	0.0642237	0.0642237
630	1006	1006	0	0	0
631	1174	1174	132.718	0.113048	0.113048
632	408	408	0	0	0
633	533	533	87.5807	0.164316	0.164316
634	1962	1962	96.206	0.0490347	0.0490347
635	2469	2469	0	0	0
636	892	892	84.1698	0.0943608	0.0943608
637	447	447	35.4445	0.0792941	0.0792941
638	907	907	110.951	0.122328	0.122328
639	711	711	0	0	0
640	571	571	53.3747	0.0934758	0.0934758
641	2275	2275	2.15488	0.0009472	0.0009472
642	786	786	0	0	0
643	1024	1024	171.407	0.167389	0.167389
644	1554	1554	161.756	0.10409	0.10409
645	1016	1016	0	0	0
646	329	329	0	0	0
647	1396	1396	110.951	0.0794779	0.0794779
648	716	716	0	0	0
649	610	610	57.251	0.0938541	0.0938541
650	1946	1946	0	0	0
651	1009	1009	181.266	0.179649	0.179649
652	1062	1062	31.7856	0.0299299	0.0299299
653	418	418	0	0	0
654	2075	2075	0	0	0
655	1065	1065	101.463	0.0952707	0.0952707
656	2767	2767	118.801	0.042935	0.042935
657	1897	1897	0	0	0
658	1049	1049	0	0	0
659	799	799	0	0	0
660	726	726	110.951	0.152825	0.152825
661	2304	2304	110.951	0.0481559	0.0481559
662	4385	4385	566.114	0.129102	0.129102
663	768	768	0	0	0
664	7961	7961	147.238	0.0184949	0.0184949
665	2903	2903	110.951	0.0382195	0.0382195
666	5968	5968	0	0	0
667	5012	5012	1039.89	0.20748	0.20748
668	1215	1215	0	0	0
669	393	393	221.876	0.56457	0.56457
670	2017	2017	105.187	0.0521501	0.0521501
671	1236	1236	0	0	0
672	1063	1063	293.716	0.276309	0.276309
673	619	619	0	0	0
674	1015	1015	0	0	0
675	1674	1674	34.0342	0.0203311	0.0203311
676	761	761	0	0	0
677	1589	1589	0	0	0
678	1180	1180	0	0	0
679	576	576	110.951	0.192623	0.192623
680	496	496	169.87	0.34248	0.34248
681	627	627	85.4895	0.136347	0.136347
682	1441	1441	0	0	0
683	1266	1266	0	0	0
684	645	645	0	0	0
685	559	559	8.41698	0.0150572	0.0150572
686	1313	1313	0	0	0
687	2132	2132	0	0	0
688	486	486	0	0	0
689	453	453	0	0	0
690	1164	1164	45.4855	0.0390769	0.0390769
691	497	497	0	0	0
692	820	820	0	0	0
693	503	503	156.852	0.311832	0.311832
694	449	449	0	0	0
695	1319	1319	161.203	0.122216	0.122216
696	3125	3125	0	0	0
697	771	771	0	0	0
698	740	740	84.2944	0.113911	0.113911
699	1020	1020	41.7995	0.0409799	0.0409799
700	932	932	221.875	0.238064	0.238064
701	1591	1591	83.8393	0.052696	0.052696
702	620	620	0	0	0
703	1944	1944	0	0	0
704	867	867	0	0	0
705	1490	1490	247.143	0.165868	0.165868
706	541	541	0	0	0
707	4337	4337	232.007	0.0534949	0.0534949
708	724	724	167.958	0.231986	0.231986
709	1027	1027	101.013	0.0983572	0.0983572
710	1931	1931	104.738	0.0542401	0.0542401
711	2222	2222	409.686	0.184377	0.184377
712	750	750	0	0	0
713	769	769	110.951	0.14428	0.14428
714	726	726	0	0	0
715	947	947	27.7069	0.0292576	0.0292576
716	1131	1131	22.714	0.0200831	0.0200831
717	877	877	0	0	0
718	1394	1394	0	0	0
719	1241	1241	201.222	0.162145	0.162145
720	985	985	0	0	0
721	720	720	0	0	0
722	1693	1693	143.846	0.0849653	0.0849653
723	1036	1036	0	0	0
724	1290	1290	75.7528	0.0587231	0.0587231
725	506	506	32.7871	0.0647966	0.0647966
726	1261	1261	0	0	0
727	2368	2368	0	0	0
728	1514	1514	110.951	0.0732834	0.0732834
729	987	987	0.46179	0.000467872	0.000467872
730	1153	1153	213.471	0.185144	0.185144
731	1204	1204	0	0	0
732	1831	1831	0	0	0
733	1490	1490	129.884	0.0871708	0.0871708
734	750	750	0	0	0
735	1434	1434	30.4781	0.0212539	0.0212539
736	782	782	45.9108	0.0587095	0.0587095
737	696	696	0	0	0
738	1318	1318	0	0	0
739	1723	1723	44.4878	0.02582	0.02582
740	860	860	0	0	0
741	936	936	221.883	0.237054	0.237054
742	724	724	16.2014	0.0223777	0.0223777
743	3052	3052	121.947	0.0399565	0.0399565
744	515	515	0	0	0
745	1128	1128	0	0	0
746	760	760	0	0	0
747	1967	1967	110.951	0.0564063	0.0564063
748	608	608	221.902	0.364971	0.364971
749	1518	1518	0	0	0
750	645	645	25.2509	0.0391487	0.0391487
751	710	710	57.3885	0.0808289	0.0808289
752	383	383	13.7732	0.0359615	0.0359615
753	1165	1165	240.561	0.20649	0.20649
754	832	832	0	0	0
755	800	800	104.603	0.130754	0.130754
756	837	837	0	0	0
757	1028	1028	0	0	0
758	823	823	0	0	0
759	836	836	0	0	0
760	1408	1408	0	0	0
761	650	650	0	0	0
762	530	530	0	0	0
763	1902	1902	0	0	0
764	920	920	0	0	0
765	664	664	0	0	0
766	1040	1040	127.114	0.122225	0.122225
767	1503	1503	110.356	0.0734238	0.0734238
768	1128	1128	110.951	0.0983609	0.0983609
769	1933	1933	0	0	0
770	1091	1091	0	0	0
771	1833	1833	0	0	0
772	1204	1204	130.34	0.108256	0.108256
773	723	723	110.951	0.153459	0.153459
774	1706	1706	0	0	0
775	682	682	76.9801	0.112874	0.112874
776	459	459	2.29554	0.00500118	0.00500118
777	905	905	0	0	0
778	359	359	0	0	0
779	1620	1620	0	0	0
780	1932	1932	162.218	0.0839639	0.0839639
781	1385	1385	110.951	0.0801091	0.0801091
782	319	319	0	0	0
783	540	540	0	0	0
784	1438	1438	0	0	0
785	673	673	15.4696	0.022986	0.022986
786	2330	2330	207.045	0.0888606	0.0888606
787	2003	2003	115.865	0.0578457	0.0578457
788	3412	3412	717.843	0.210388	0.210388
789	4357	4357	780.542	0.179147	0.179147
790	3151	3151	70.463	0.0223621	0.0223621
791	1380	1380	17.5991	0.012753	0.012753
792	1406	1406	0	0	0
793	1153	1153	0	0	0
794	808	808	0	0	0
795	635	635	65.0403	0.102426	0.102426
796	568	568	0	0	0
797	762	762	221.897	0.291203	0.291203
798	41362	41362	0	0	0
799	1277	1277	41.6659	0.0326279	0.0326279
800	1245	1245	0	0	0
801	407	407	0	0	0
802	1142	1142	0	0	0
803	1252	1252	122.852	0.0981244	0.0981244
804	1035	1035	0	0	0
805	1450	1450	17.5445	0.0120996	0.0120996
806	579	579	56.6233	0.097795	0.097795
807	837	837	0	0	0
808	371	371	0	0	0
809	728	728	0	0	0
810	613	613	90.5882	0.147778	0.147778
811	1212	1212	136.966	0.113008	0.113008
812	726	726	124.743	0.171822	0.171822
813	594	594	0	0	0
814	660	660	0	0	0
815	759	759	0	0	0
816	2223	2223	0	0	0
817	665	665	0	0	0
818	631	631	0	0	0
819	359	359	0	0	0
820	909	909	78.2609	0.0860955	0.0860955
821	652	652	82.4644	0.126479	0.126479
822	2069	2069	89.107	0.0430677	0.0430677
823	1359	1359	58.6957	0.0431904	0.0431904
824	650	650	58.1537	0.0894672	0.0894672
825	458	458	0	0	0
826	601	601	0	0	0
827	1052	1052	83.4367	0.0793125	0.0793125
828	1711	1711	231.627	0.135375	0.135375
829	776	776	240.785	0.31029	0.31029
830	1186	1186	219.814	0.18534	0.18534
831	3310	3310	0	0	0
832	1879	1879	76.7691	0.0408564	0.0408564
833	1310	1310	0	0	0
834	736	736	57.3885	0.0779735	0.0779735
835	634	634	0	0	0
836	1087	1087	0	0	0
837	2129	2129	221.902	0.104228	0.104228
838	725	725	1844.43	2.54404	2.54404
839	2546	2546	221.902	0.0871572	0.0871572
840	3199	3199	5.35626	0.00167435	0.00167435
841	1036	1036	0	0	0
842	380	380	0	0	0
843	659	659	104.83	0.159074	0.159074
844	1612	1612	0	0	0
845	324	324	0	0	0
846	1727	1727	0	0	0
847	1286	1286	139.812	0.108718	0.108718
848	727	727	73.4573	0.101042	0.101042
849	492	492	0	0	0
850	640	640	0	0	0
851	1642	1642	9.35064	0.00569467	0.00569467
852	803	803	147.328	0.183471	0.183471
853	2823	2823	0	0	0
854	2706	2706	48.9715	0.0180974	0.0180974
855	1017	1017	0	0	0
856	429	429	0	0	0
857	1938	1938	96.8682	0.0499836	0.0499836
858	1119	1119	0	0	0
859	884	884	0	0	0
860	1491	1491	110.951	0.0744139	0.0744139
861	1082	1082	0	0	0
862	1045	1045	16.834	0.0161091	0.0161091
863	971	971	46.0067	0.0473808	0.0473808
864	2154	2154	0	0	0
865	915	915	204.303	0.223283	0.223283
866	1794	1794	0	0	0
867	802	802	0	0	0
868	2769	2769	0	0	0
869	5965	5965	0	0	0
870	11190	11190	110.951	0.0099152	0.0099152
871	669	669	0	0	0
872	7457	7457	2020.51	0.270955	0.270955
873	1218	1218	79.9867	0.0656705	0.0656705
874	13684	13684	3723.82	0.27213	0.27213
875	1558	1558	0	0	0
876	7188	7188	0	0	0
877	4357	4357	0	0	0
878	8394	8394	0	0	0
879	804	804	0	0	0
880	1015	1015	0	0	0
881	2507	2507	221.902	0.088513	0.088513
882	596	596	0	0	0
883	16274	16274	589.721	0.036237	0.036237
884	20877	20877	0	0	0
885	1057	1057	0	0	0
886	475	475	0	0	0
887	1860	1860	0	0	0
888	2564	2564	0	0	0
889	3118	3118	0	0	0
890	896	896	0	0	0
891	505	505	32.7918	0.0649342	0.0649342
892	986	986	172.729	0.175181	0.175181
893	1231	1231	0	0	0
894	893	893	0	0	0
895	953	953	0	0	0
896	2458	2458	257.613	0.104806	0.104806
897	621	621	0	0	0
898	1815	1815	426.301	0.234877	0.234877
899	2826	2826	519.137	0.1837	0.1837
900	1070	1070	0	0	0
901	6372	6372	415.351	0.0651838	0.0651838
902	2921	2921	0	0	0
903	11326	11326	788.516	0.06962	0.06962
904	460	460	102.76	0.22339	0.22339
905	1778	1778	0	0	0
906	1430	1430	306.05	0.214021	0.214021
907	492	492	0	0	0
908	1120	1120	11.4431	0.0102171	0.0102171
909	1636	1636	23.5756	0.0144105	0.0144105
910	568	568	0	0	0
911	1266	1266	0	0	0
912	1659	1659	9892.72	5.96306	5.96306
913	2503	2503	110.951	0.0443272	0.0443272
914	1051	1051	0	0	0
915	3861	3861	91.5555	0.0237129	0.0237129
916	710	710	162.779	0.229266	0.229266
917	1636	1636	0	0	0
918	1574	1574	0	0	0
919	1150	1150	40.6375	0.035337	0.035337
920	1440	1440	86.9427	0.0603769	0.0603769
921	1892	1892	0	0	0
922	1217	1217	45.1456	0.0370958	0.0370958
923	706	706	20.7805	0.0294342	0.0294342
924	1020	1020	0	0	0
925	4705	4705	0	0	0
926	589	589	0	0	0
927	1708	1708	38.8657	0.0227551	0.0227551
928	2467	2467	0	0	0
929	1167	1167	19.7055	0.0168856	0.0168856
930	943	943	24.6442	0.0261338	0.0261338
931	604	604	149.957	0.248273	0.248273
932	1334	1334	0	0	0
933	773	773	0	0	0
934	2031	2031	0	0	0
935	1556	1556	76.2377	0.048996	0.048996
936	1105	1105	0	0	0
937	1702	1702	101.832	0.059831	0.059831
938	887	887	268.334	0.302518	0.302518
939	1207	1207	16.8552	0.0139646	0.0139646
940	1947	1947	0	0	0
941	878	878	110.951	0.126368	0.126368
942	1083	1083	0	0	0
943	3513	3513	81.8646	0.0233033	0.0233033
944	840	840	14.5384	0.0173076	0.0173076
945	898	898	0	0	0
946	950	950	0	0	0
947	1229	1229	110.951	0.0902775	0.0902775
948	766	766	0	0	0
949	2062	2062	55.4148	0.0268743	0.0268743
950	834	834	0	0	0
951	488	488	59.9209	0.122789	0.122789
952	939	939	0	0	0
953	1089	1089	0	0	0
954	1685	1685	0	0	0
955	468	468	30.6072	0.0654	0.0654
956	451	451	0	0	0
957	657	657	0	0	0
958	1099	1099	0	0	0
959	1221	1221	0	0	0
960	2318	2318	110.951	0.047865	0.047865
961	2095	2095	0	0	0
962	564	564	0	0	0
963	756	756	828.6	1.09603	1.09603
964	589	589	0	0	0
965	1514	1514	0	0	0
966	1096	1096	110.951	0.101233	0.101233
967	1727	1727	0	0	0
968	1549	1549	154.566	0.0997846	0.0997846
969	853	853	0	0	0
970	680	680	0	0	0
971	619	619	0	0	0
972	832	832	0	0	0
973	812	812	0	0	0
974	1074	1074	0	0	0
975	1032	1032	0	0	0
976	949	949	0	0	0
977	611	611	3.06072	0.00500936	0.00500936
978	1840	1840	0	0	0
979	1381	1381	75.7579	0.0548572	0.0548572
980	831	831	0	0	0
981	1682	1682	66.4885	0.0395294	0.0395294
982	1457	1457	0	0	0
983	895	895	0	0	0
984	501	501	0	0	0
985	329	329	54.3278	0.16513	0.16513
986	1252	1252	77.5782	0.0619634	0.0619634
987	1541	1541	0	0	0
988	1287	1287	34.1431	0.0265292	0.0265292
989	1964	1964	0	0	0
990	971	971	33.3587	0.034355	0.034355
991	1047	1047	0	0	0
992	900	900	44.3804	0.0493116	0.0493116
993	1063	1063	187.59	0.176472	0.176472
994	548	548	0	0	0
995	643	643	0	0	0
996	526	526	0	0	0
997	530	530	0	0	0
998	754	754	35.0684	0.0465098	0.0465098
999	879	879	72.9048	0.0829406	0.0829406
1000	646	646	17.548	0.0271641	0.0271641
1001	822	822	15.6983	0.0190977	0.0190977
1002	2539	2539	101.335	0.0399112	0.0399112
1003	505	505	0	0	0
1004	3841	3841	654.51	0.170401	0.170401
1005	545	545	178.259	0.327081	0.327081
1006	15062	15062	1830.45	0.121528	0.121528
1007	6641	6641	1579.82	0.237888	0.237888
1008	663	663	134.518	0.202894	0.202894
1009	5213	5213	1133.99	0.217531	0.217531
1010	990	990	0	0	0
1011	676	676	151.682	0.224381	0.224381
1012	1366	1366	57.0008	0.0417282	0.0417282
1013	1888	1888	151.855	0.0804317	0.0804317
1014	727	727	0	0	0
1015	734	734	0	0	0
1016	1114	1114	0	0	0
1017	532	532	0	0	0
1018	1599	1599	105.368	0.065896	0.065896
1019	605	605	72.2584	0.119435	0.119435
1020	583	583	0	0	0
1021	919	919	0	0	0
1022	646	646	38.1294	0.0590239	0.0590239
1023	684	684	4.59108	0.00671211	0.00671211
1024	456	456	0	0	0
1025	1542	1542	221.88	0.143891	0.143891
1026	1261	1261	110.951	0.0879866	0.0879866
1027	1262	1262	57.7236	0.0457398	0.0457398
1028	1496	1496	0	0	0
1029	935	935	0	0	0
1030	620	620	0	0	0
1031	1117	1117	0	0	0
1032	300	300	0	0	0
1033	1598	1598	110.951	0.0694312	0.0694312
1034	616	616	9.94734	0.0161483	0.0161483
1035	712	712	0	0	0
1036	832	832	0	0	0
1037	1091	1091	87.8786	0.0805487	0.0805487
1038	1505	1505	86.9833	0.0577962	0.0577962
1039	3289	3289	652.94	0.198522	0.198522
1040	802	802	73.0273	0.0910565	0.0910565
1041	1230	1230	0	0	0
1042	5385	5385	1059.88	0.196822	0.196822
1043	4530	4530	345.774	0.0763299	0.0763299
1044	56634	56634	11619.6	0.205171	0.205171
1045	30431	30431	7491.74	0.246188	0.246188
1046	1317	1317	252.313	0.191582	0.191582
1047	1295	1295	141.352	0.109152	0.109152
1048	885	885	121.743	0.137562	0.137562
1049	1754	1754	229.088	0.130609	0.130609
1050	1224	1224	49.1661	0.0401683	0.0401683
1051	2060	2060	112.721	0.0547191	0.0547191
1052	1760	1760	183.64	0.104341	0.104341
1053	2547	2547	606.969	0.238307	0.238307
1054	1677	1677	96.2597	0.0573999	0.0573999
1055	943	943	0	0	0
1056	636	636	0	0	0
1057	968	968	57.3885	0.0592856	0.0592856
1058	1035	1035	221.875	0.214372	0.214372
1059	960	960	48.9715	0.051012	0.051012
1060	695	695	114.047	0.164096	0.164096
1061	651	651	110.951	0.170432	0.170432
1062	2642	2642	0	0	0
1063	805	805	0	0	0
1064	578	578	0	0	0
1065	1883	1883	0	0	0
1066	1166	1166	16.6244	0.0142577	0.0142577
1067	1611	1611	0	0	0
1068	1021	1021	44.3318	0.04342	0.04342
1069	1395	1395	0	0	0
1070	945	945	0	0	0
1071	731	731	0	0	0
1072	1113	1113	110.951	0.0996865	0.0996865
1073	689	689	0	0	0
1074	762	762	0	0	0
1075	874	874	0	0	0
1076	1497	1497	0	0	0
1077	642	642	110.951	0.172821	0.172821
1078	484	484	50.8207	0.105002	0.105002
1079	631	631	111.716	0.177046	0.177046
1080	2447	2447	69.6242	0.0284529	0.0284529
1081	488	488	0	0	0
1082	636	636	0	0	0
1083	490	490	2021.28	4.12506	4.12506
1084	1411	1411	0	0	0
1085	2296	2296	428.918	0.186811	0.186811
1086	839	839	0	0	0
1087	1493	1493	0	0	0
1088	4452	4452	0	0	0
1089	2218	2218	0	0	0
1090	3895	3895	0	0	0
1091	2040	2040	56.6367	0.0277631	0.0277631
1092	2568	2568	0	0	0
1093	2351	2351	100.029	0.0425475	0.0425475
1094	3184	3184	0	0	0
1095	1619	1619	0	0	0
1096	2437	2437	0	0	0
1097	4354	4354	0	0	0
1098	1645	1645	0	0	0
1099	4145	4145	0	0	0
1100	1662	1662	0	0	0
1101	1320	1320	0	0	0
1102	841	841	0	0	0
1103	878	878	65.0403	0.0740778	0.0740778
1104	1482	1482	0	0	0
1105	355	355	0	0	0
1106	642	642	0	0	0
1107	470	470	8.80893	0.0187424	0.0187424
1108	1719	1719	88.8145	0.0516664	0.0516664
1109	505	505	0	0	0
1110	831	831	0	0	0
1111	2211	2211	246.388	0.111437	0.111437
1112	701	701	0	0	0
1113	816	816	60.68	0.0743627	0.0743627
1114	1360	1360	110.951	0.0815817	0.0815817
1115	786	786	19.8947	0.0253113	0.0253113
1116	601	601	110.951	0.184611	0.184611
1117	994	994	255.825	0.25737	0.25737
1118	718	718	0	0	0
1119	535	535	41.5398	0.0776445	0.0776445
1120	443	443	74.9876	0.169272	0.169272
1121	1165	1165	86.5266	0.0742717	0.0742717
1122	1342	1342	189.815	0.141442	0.141442
1123	1306	1306	219.579	0.168131	0.168131
1124	1000	1000	38.4066	0.0384066	0.0384066
1125	609	609	33.1148	0.0543757	0.0543757
1126	1173	1173	34.9898	0.0298293	0.0298293
1127	835	835	74.2225	0.0888892	0.0888892
1128	1020	1020	285.681	0.28008	0.28008
1129	588	588	0	0	0
1130	583	583	1.38537	0.00237628	0.00237628
1131	362	362	0	0	0
1132	1001	1001	0	0	0
1133	749	749	26.0161	0.0347345	0.0347345
1134	1058	1058	81.8743	0.0773859	0.0773859
1135	2556	2556	145.778	0.0570336	0.0570336
1136	1017	1017	192.816	0.189593	0.189593
1137	941	941	0	0	0
1138	1455	1455	42.9465	0.0295165	0.0295165
1139	686	686	119.545	0.174264	0.174264
1140	608	608	135.105	0.222213	0.222213
1141	2882	2882	43.6178	0.0151346	0.0151346
1142	499	499	0	0	0
1143	1089	1089	263.599	0.242056	0.242056
1144	2306	2306	10.1594	0.00440563	0.00440563
1145	1385	1385	110.951	0.0801091	0.0801091
1146	862	862	0	0	0
1147	1213	1213	25.0854	0.0206805	0.0206805
1148	681	681	0	0	0
1149	730	730	0	0	0
1150	416	416	52.7974	0.126917	0.126917
1151	741	741	61.6486	0.0831965	0.0831965
1152	1016	1016	0	0	0
1153	1974	1974	0	0	0
1154	1975	1975	0	0	0
1155	1006	1006	95.2652	0.094697	0.094697
1156	656	656	221.876	0.338226	0.338226
1157	1267	1267	110.951	0.0875699	0.0875699
1158	1095	1095	0	0	0
1159	1606	1606	0	0	0
1160	1599	1599	0	0	0
1161	585	585	117.838	0.201432	0.201432
1162	661	661	54.3278	0.0821903	0.0821903
1163	934	934	0	0	0
1164	869	869	0	0	0
1165	1069	1069	0	0	0
1166	2557	2557	0	0	0
1167	1699	1699	110.951	0.0653038	0.0653038
1168	1017	1017	0	0	0
1169	434	434	0	0	0
1170	667	667	52.1136	0.0781313	0.0781313
1171	1913	1913	0	0	0
1172	638	638	0	0	0
1173	865	865	72.6921	0.0840371	0.0840371
1174	797	797	0	0	0
1175	664	664	28.3331	0.0426703	0.0426703
1176	1069	1069	215.64	0.201721	0.201721
1177	2258	2258	221.902	0.0982738	0.0982738
1178	751	751	43.7628	0.0582727	0.0582727
1179	1473	1473	110.951	0.0753232	0.0753232
1180	677	677	36.1709	0.0534282	0.0534282
1181	885	885	8.57444	0.00968863	0.00968863
1182	1123	1123	70.126	0.0624452	0.0624452
1183	981	981	84.6867	0.0863269	0.0863269
1184	821	821	221.88	0.270256	0.270256
1185	1317	1317	75.0906	0.0570164	0.0570164
1186	701	701	107.391	0.153197	0.153197
1187	1270	1270	0	0	0
1188	691	691	0	0	0
1189	1054	1054	141.556	0.134303	0.134303
1190	1280	1280	0	0	0
1191	383	383	0	0	0
1192	745	745	0	0	0
1193	662	662	0	0	0
1194	722	722	0	0	0
1195	1105	1105	0	0	0
1196	1426	1426	110.951	0.0778058	0.0778058
1197	970	970	0	0	0
1198	540	540	0	0	0
1199	512	512	0	0	0
1200	1683	1683	7531.34	4.47495	4.47495
1201	796	796	0	0	0
1202	648	648	0	0	0
1203	1113	1113	44.6352	0.0401035	0.0401035
1204	1292	1292	5.35626	0.00414571	0.00414571
1205	1179	1179	106.704	0.0905035	0.0905035
1206	3378	3378	0	0	0
1207	983	983	6.12144	0.0062273	0.0062273
1208	1035	1035	0	0	0
1209	1433	1433	0	0	0
1210	662	662	0	0	0
1211	2424	2424	36.7286	0.0151521	0.0151521
1212	675	675	0	0	0
1213	552	552	109.948	0.199181	0.199181
1214	879	879	0	0	0
1215	850	850	18.0098	0.021188	0.021188
1216	851	851	101.115	0.11882	0.11882
1217	893	893	14.7763	0.0165468	0.0165468
1218	649	649	126.619	0.195099	0.195099
1219	1218	1218	0	0	0
1220	944	944	106.387	0.112698	0.112698
1221	2003	2003	88.4728	0.0441701	0.0441701
1222	1335	1335	96.206	0.0720645	0.0720645
1223	971	971	73.1819	0.0753675	0.0753675
1224	1262	1262	0	0	0
1225	915	915	0	0	0
1226	677	677	0	0	0
1227	886	886	0	0	0
1228	2086	2086	0	0	0
1229	850	850	0	0	0
1230	2157	2157	0	0	0
1231	2338	2338	0	0	0
1232	1672	1672	42.3182	0.0253099	0.0253099
1233	2463	2463	0	0	0
1234	946	946	0	0	0
1235	1462	1462	0	0	0
1236	627	627	20.7537	0.0331	0.0331
1237	1168	1168	0	0	0
1238	640	640	44.3804	0.0693444	0.0693444
1239	408	408	0	0	0
1240	681	681	89.7138	0.131738	0.131738
1241	4498	4498	169.426	0.0376669	0.0376669
1242	1049	1049	123.194	0.117439	0.117439
1243	1033	1033	0	0	0
1244	1575	1575	0	0	0
1245	786	786	0	0	0
1246	679	679	34.4331	0.0507115	0.0507115
1247	1964	1964	0	0	0
1248	772	772	0	0	0
1249	432	432	14.5384	0.0336537	0.0336537
1250	1457	1457	124.868	0.0857019	0.0857019
1251	3467	3467	0	0	0
1252	892	892	33.6679	0.0377443	0.0377443
1253	1126	1126	66.5707	0.0591214	0.0591214
1254	1262	1262	0	0	0
1255	641	641	88.4796	0.138034	0.138034
1256	57302	57302	5425.56	0.0946837	0.0946837
1257	2872	2872	644.767	0.224501	0.224501
1258	4786	4786	858.6	0.179398	0.179398
1259	507	507	0	0	0
1260	4550	4550	376.946	0.0828453	0.0828453
1261	7117	7117	763.92	0.107337	0.107337
1262	13949	13949	1955.36	0.140179	0.140179
1263	774	774	9.69759	0.0125292	0.0125292
1264	1041	1041	0	0	0
1265	1830	1830	0	0	0
1266	1058	1058	3.8259	0.00361616	0.00361616
1267	1923	1923	0	0	0
1268	839	839	19.1295	0.0228004	0.0228004
1269	1469	1469	105.793	0.0720173	0.0720173
1270	3122	3122	195.115	0.0624968	0.0624968
1271	2441	2441	22.9554	0.0094041	0.0094041
1272	480	480	87.9957	0.183324	0.183324
1273	4055	4055	340.967	0.0840855	0.0840855
1274	982	982	58.2975	0.059366	0.059366
1275	829	829	0	0	0
1276	2466	2466	520.55	0.211091	0.211091
1277	614	614	0	0	0
1278	3562	3562	39.0242	0.0109557	0.0109557
1279	878	878	110.951	0.126368	0.126368
1280	938	938	0	0	0
1281	980	980	0	0	0
1282	505	505	0	0	0
1283	1583	1583	0	0	0
1284	922	922	0	0	0
1285	469	469	42.4952	0.0906082	0.0906082
1286	709	709	0	0	0
1287	1170	1170	113.636	0.0971244	0.0971244
1288	770	770	109.163	0.141771	0.141771
1289	983	983	0	0	0
1290	469	469	0	0	0
1291	1252	1252	0	0	0
1292	1429	1429	59.0152	0.0412983	0.0412983
1293	686	686	0	0	0
1294	444	444	0	0	0
1295	600	600	0	0	0
1296	481	481	0	0	0
1297	457	457	0	0	0
1298	702	702	0	0	0
1299	586	586	0	0	0
1300	711	711	134.772	0.189553	0.189553
1301	835	835	0	0	0
1302	1760	1760	0	0	0
1303	1942	1942	221.881	0.114254	0.114254
1304	1535	1535	0	0	0
1305	710	710	12.4683	0.017561	0.017561
1306	912	912	0	0	0
1307	930	930	108.484	0.11665	0.11665
1308	972	972	0	0	0
1309	604	604	146.915	0.243236	0.243236
1310	332	332	0	0	0
1311	1381	1381	0	0	0
1312	866	866	17.5991	0.0203223	0.0203223
1313	561	561	0	0	0
1314	1071	1071	0	0	0
1315	868	868	48.2063	0.0555373	0.0555373
1316	1916	1916	0	0	0
1317	1059	1059	113.128	0.106825	0.106825
1318	1423	1423	42.286	0.0297161	0.0297161
1319	367	367	0	0	0
1320	2573	2573	1865.12	0.724883	0.724883
1321	2804	2804	0	0	0
1322	979	979	110.951	0.113331	0.113331
1323	1558	1558	20.5494	0.0131896	0.0131896
1324	1426	1426	50.3642	0.0353185	0.0353185
1325	1201	1201	0	0	0
1326	957	957	0	0	0
1327	872	872	0	0	0
1328	1710	1710	0	0	0
1329	823	823	0	0	0
1330	519	519	0	0	0
1331	1692	1692	0	0	0
1332	569	569	0	0	0
1333	977	977	260.639	0.266775	0.266775
1334	770	770	110.951	0.144092	0.144092
1335	712	712	0	0	0
1336	1006	1006	126.411	0.125657	0.125657
1337	667	667	0	0	0
1338	2593	2593	110.951	0.0427887	0.0427887
1339	793	793	0	0	0
1340	1362	1362	0	0	0
1341	1637	1637	10.3896	0.00634673	0.00634673
1342	983	983	0	0	0
1343	1357	1357	443.09	0.326521	0.326521
1344	2678	2678	0	0	0
1345	1325	1325	0	0	0
1346	1425	1425	96.9849	0.0680596	0.0680596
1347	1914	1914	141.554	0.0739572	0.0739572
1348	813	813	5.52807	0.00679959	0.00679959
1349	1478	1478	0	0	0
1350	579	579	0	0	0
1351	586	586	0	0	0
1352	514	514	64.2751	0.125049	0.125049
1353	426	426	0	0	0
1354	1253	1253	238.558	0.190389	0.190389
1355	1637	1637	0	0	0
1356	27839	27839	110.951	0.00398546	0.00398546
1357	410	410	13.6113	0.0331982	0.0331982
1358	2154	2154	87.2867	0.0405231	0.0405231
1359	750	750	140.081	0.186774	0.186774
1360	622	622	0	0	0
1361	1467	1467	0	0	0
1362	1094	1094	141.925	0.12973	0.12973
1363	1617	1617	68.8662	0.0425889	0.0425889
1364	770	770	110.951	0.144092	0.144092
1365	565	565	0	0	0
1366	1087	1087	0	0	0
1367	3365	3365	106.72	0.0317147	0.0317147
1368	1111	1111	0	0	0
1369	853	853	0	0	0
1370	1329	1329	0	0	0
1371	696	696	0	0	0
1372	867	867	70.6002	0.0814305	0.0814305
1373	2151	2151	76.518	0.0355732	0.0355732
1374	1543	1543	0.92358	0.000598561	0.000598561
1375	1199	1199	107.89	0.0899836	0.0899836
1376	665	665	0	0	0
1377	797	797	31.211	0.0391607	0.0391607
1378	1095	1095	0	0	0
1379	1112	1112	0	0	0
1380	1540	1540	0	0	0
1381	1467	1467	0	0	0
1382	890	890	0	0	0
1383	585	585	22.0172	0.0376363	0.0376363
1384	674	674	0	0	0
1385	1066	1066	55.5807	0.0521395	0.0521395
1386	665	665	0	0	0
1387	614	614	0	0	0
1388	497	497	0	0	0
1389	1251	1251	89.2051	0.071307	0.071307
1390	401	401	319.498	0.796752	0.796752
1391	793	793	0	0	0
1392	281	281	92.5868	0.32949	0.32949
1393	4809	4809	140.506	0.0292172	0.0292172
1394	2028	2028	298.867	0.14737	0.14737
1395	1771	1771	0	0	0
1396	1752	1752	0	0	0
1397	2050	2050	0	0	0
1398	633	633	0	0	0
1399	2203	2203	0	0	0
1400	1167	1167	140.884	0.120723	0.120723
1401	2160	2160	110.951	0.0513662	0.0513662
1402	1292	1292	0	0	0
1403	1574	1574	87.9957	0.0559058	0.0559058
1404	919	919	0	0	0
1405	3144	3144	218.821	0.0695995	0.0695995
1406	936	936	86.8426	0.0927805	0.0927805
1407	1486	1486	110.951	0.0746643	0.0746643
1408	752	752	12.1687	0.0161818	0.0161818
1409	645	645	95.6475	0.148291	0.148291
1410	1113	1113	0	0	0
1411	1325	1325	0	0	0
1412	1234	1234	0	0	0
1413	2007	2007	0	0	0
1414	881	881	13.0081	0.0147651	0.0147651
1415	1425	1425	0	0	0
1416	362	362	18.1575	0.0501588	0.0501588
1417	771	771	0	0	0
1418	649	649	82.6394	0.127333	0.127333
1419	927	927	0	0	0
1420	1012	1012	198.182	0.195832	0.195832
1421	803	803	0	0	0
1422	2578	2578	271.233	0.105211	0.105211
1423	3847	3847	204.306	0.0531078	0.0531078
1424	1124	1124	103.459	0.0920458	0.0920458
1425	1237	1237	196.485	0.15884	0.15884
1426	3657	3657	239.219	0.0654141	0.0654141
1427	1627	1627	0	0	0
1428	817	817	0	0	0
1429	1553	1553	93.3545	0.0601123	0.0601123
1430	1475	1475	0	0	0
1431	1091	1091	0	0	0
1432	521	521	0	0	0
1433	1123	1123	60.4492	0.0538283	0.0538283
1434	790	790	0	0	0
1435	450	450	0	0	0
1436	371	371	0	0	0
1437	994	994	0	0	0
1438	1351	1351	110.951	0.0821252	0.0821252
1439	2247	2247	83.4046	0.0371182	0.0371182
1440	1107	1107	0	0	0
1441	641	641	34.5538	0.0539061	0.0539061
1442	2088	2088	0	0	0
1443	768	768	81.5164	0.106141	0.106141
1444	561	561	0	0	0
1445	645	645	0	0	0
1446	1231	1231	110.951	0.0901309	0.0901309
1447	1630	1630	123.194	0.0755791	0.0755791
1448	1384	1384	0	0	0
1449	5662	5662	110.951	0.0195957	0.0195957
1450	966	966	0	0	0
1451	1409	1409	0	0	0
1452	710	710	0	0	0
1453	665	665	65.8055	0.0989556	0.0989556
1454	1136	1136	179.893	0.158356	0.158356
1455	1057	1057	0	0	0
1456	385	385	0	0	0
1457	1865	1865	78.466	0.0420729	0.0420729
1458	874	874	0	0	0
1459	2917	2917	330.547	0.113317	0.113317
1460	1606	1606	87.2305	0.0543154	0.0543154
1461	488	488	27.5465	0.0564477	0.0564477
1462	1063	1063	0	0	0
1463	1235	1235	0	0	0
1464	1061	1061	166.148	0.156595	0.156595
1465	1073	1073	0	0	0
1466	1665	1665	0	0	0
1467	1628	1628	50.5019	0.0310208	0.0310208
1468	1598	1598	0	0	0
1469	312	312	0	0	0
1470	2442	2442	0	0	0
1471	548	548	16.6236	0.030335	0.030335
1472	509	509	0	0	0
1473	1946	1946	31.3724	0.0161215	0.0161215
1474	1645	1645	16.834	0.0102334	0.0102334
1475	1803	1803	0	0	0
1476	1020	1020	0	0	0
1477	929	929	53.5626	0.0576562	0.0576562
1478	926	926	0	0	0
1479	1980	1980	41.0993	0.0207572	0.0207572
1480	1098	1098	0	0	0
1481	983	983	210.347	0.213984	0.213984
1482	878	878	92.1098	0.104909	0.104909
1483	786	786	0	0	0
1484	396	396	0	0	0
1485	699	699	0	0	0
1486	608	608	0	0	0
1487	1152	1152	93.3455	0.0810291	0.0810291
1488	1318	1318	0	0	0
1489	1021	1021	0	0	0
1490	1175	1175	0	0	0
1491	1150	1150	0	0	0
1492	1179	1179	39.7894	0.0337484	0.0337484
1493	1059	1059	93.5997	0.088385	0.088385
1494	1595	1595	0	0	0
1495	1003	1003	0	0	0
1496	523	523	0	0	0
1497	1433	1433	28.7831	0.0200859	0.0200859
1498	601	601	101.897	0.169547	0.169547
1499	771	771	110.951	0.143905	0.143905
1500	2798	2798	0	0	0
1501	418	418	88.7609	0.212347	0.212347
1502	1180	1180	0	0	0
1503	1174	1174	67.5831	0.0575665	0.0575665
1504	858	858	189.179	0.220488	0.220488
1505	610	610	109.719	0.179866	0.179866
1506	1136	1136	4.38672	0.00386155	0.00386155
1507	583	583	0	0	0
1508	838	838	0	0	0
1509	1465	1465	0	0	0
1510	1001	1001	0	0	0
1511	1173	1173	0	0	0
1512	1315	1315	224.701	0.170875	0.170875
1513	1008	1008	61.9739	0.0614821	0.0614821
1514	1382	1382	15.4482	0.0111781	0.0111781
1515	1143	1143	0	0	0
1516	1607	1607	71.9269	0.0447585	0.0447585
1517	4524	4524	884.419	0.195495	0.195495
1518	881	881	0	0	0
1519	1204	1204	0	0	0
1520	747	747	0	0	0
1521	618	618	0	0	0
1522	523	523	40.6327	0.0776916	0.0776916
1523	1158	1158	22.6788	0.0195845	0.0195845
1524	1137	1137	49.5879	0.0436129	0.0436129
1525	957	957	0	0	0
1526	769	769	73.4573	0.0955231	0.0955231
1527	737	737	0	0	0
1528	1152	1152	0	0	0
1529	758	758	0	0	0
1530	700	700	19.8947	0.028421	0.028421
1531	616	616	52.7919	0.0857012	0.0857012
1532	1266	1266	0	0	0
1533	1392	1392	0	0	0
1534	1023	1023	0	0	0
1535	800	800	0	0	0
1536	557	557	0	0	0
1537	599	599	0	0	0
1538	1524	1524	0	0	0
1539	966	966	0	0	0
1540	417	417	0	0	0
1541	1470	1470	0	0	0
1542	1260	1260	0	0	0
1543	1023	1023	0	0	0
1544	1623	1623	35.9635	0.0221586	0.0221586
1545	846	846	79.7019	0.0942103	0.0942103
1546	1109	1109	0	0	0
1547	1159	1159	0	0	0
1548	736	736	0	0	0
1549	634	634	0	0	0
1550	823	823	0	0	0
1551	829	829	0	0	0
1552	826	826	0	0	0
1553	1105	1105	0	0	0
1554	746	746	70.2207	0.0941297	0.0941297
1555	1041	1041	0	0	0
1556	1212	1212	0	0	0
1557	809	809	117.829	0.145647	0.145647
1558	872	872	0	0	0
1559	1383	1383	37.8668	0.0273802	0.0273802
1560	1151	1151	0	0	0
1561	764	764	0	0	0
1562	921	921	110.951	0.120468	0.120468
1563	1038	1038	175.934	0.169494	0.169494
1564	439	439	0	0	0
1565	1660	1660	0	0	0
1566	783	783	55.8581	0.0713386	0.0713386
1567	1308	1308	0	0	0
1568	996	996	0	0	0
1569	877	877	0	0	0
1570	896	896	2.29554	0.00256199	0.00256199
1571	698	698	308.563	0.442067	0.442067
1572	1166	1166	223.145	0.191377	0.191377
1573	1253	1253	236.453	0.18871	0.18871
1574	2745	2745	0	0	0
1575	834	834	79.4119	0.0952182	0.0952182
1576	1808	1808	0	0	0
1577	1375	1375	0	0	0
1578	915	915	1415.51	1.54701	1.54701
1579	853	853	105.793	0.124025	0.124025
1580	1392	1392	194.919	0.140028	0.140028
1581	1693	1693	35.5573	0.0210026	0.0210026
1582	1698	1698	110.951	0.0653422	0.0653422
1583	1735	1735	134.28	0.077395	0.077395
1584	1216	1216	0	0	0
1585	1975	1975	104.104	0.052711	0.052711
1586	598	598	0	0	0
1587	446	446	0	0	0
1588	479	479	0	0	0
1589	804	804	1.81976	0.00226338	0.00226338
1590	1291	1291	443.776	0.343746	0.343746
1591	704	704	110.951	0.157601	0.157601
1592	1634	1634	0	0	0
1593	4099	4099	754.179	0.183991	0.183991
1594	1295	1295	39.9551	0.0308534	0.0308534
1595	1563	1563	18.3643	0.0117494	0.0117494
1596	2475	2475	0	0	0
1597	2754	2754	107.125	0.038898	0.038898
1598	802	802	16.3751	0.0204178	0.0204178
1599	711	711	0	0	0
1600	1051	1051	0	0	0
1601	815	815	0	0	0
1602	1016	1016	0	0	0
1603	345	345	0	0	0
1604	911	911	0	0	0
1605	1012	1012	0	0	0
1606	828	828	0	0	0
1607	1387	1387	93.9613	0.0677442	0.0677442
1608	811	811	84.4355	0.104113	0.104113
1609	1068	1068	180.535	0.16904	0.16904
1610	1109	1109	78.8414	0.0710924	0.0710924
1611	1068	1068	55.7973	0.0522446	0.0522446
1612	822	822	45.1884	0.0549737	0.0549737
1613	718	718	0	0	0
1614	2725	2725	0	0	0
1615	1816	1816	0	0	0
1616	597	597	0	0	0
1617	1429	1429	274.989	0.192434	0.192434
1618	2479	2479	166.044	0.0669803	0.0669803
1619	11055	11055	2245.17	0.203091	0.203091
1620	595	595	0	0	0
1621	803	803	0	0	0
1622	2415	2415	55.8581	0.0231297	0.0231297
1623	3294	3294	218.565	0.0663524	0.0663524
1624	1575	1575	159.376	0.101191	0.101191
1625	725	725	221.896	0.306064	0.306064
1626	575	575	0	0	0
1627	2943	2943	262.163	0.0890803	0.0890803
1628	5342	5342	1079.3	0.20204	0.20204
1629	5860	5860	822.179	0.140304	0.140304
1630	425	425	0	0	0
1631	4135	4135	648.152	0.156748	0.156748
1632	465	465	110.951	0.238605	0.238605
1633	831	831	31.3724	0.0377526	0.0377526
1634	3432	3432	0	0	0
1635	1222	1222	474.478	0.38828	0.38828
1636	1141	1141	22.2921	0.0195373	0.0195373
1637	1916	1916	110.951	0.0579077	0.0579077
1638	929	929	0	0	0
1639	481	481	14.7773	0.030722	0.030722
1640	954	954	0	0	0
1641	1620	1620	0	0	0
1642	782	782	6.46506	0.00826734	0.00826734
1643	644	644	0	0	0
1644	1084	1084	78.8135	0.0727062	0.0727062
1645	1077	1077	0	0	0
1646	548	548	0	0	0
1647	849	849	0	0	0
1648	2341	2341	247.891	0.105891	0.105891
1649	834	834	0	0	0
1650	565	565	0	0	0
1651	644	644	1.4476	0.00224783	0.00224783
1652	2469	2469	0	0	0
1653	1035	1035	0	0	0
1654	501	501	13.0081	0.0259642	0.0259642
1655	468	468	0	0	0
1656	1096	1096	0	0	0
1657	960	960	0	0	0
1658	308	308	0	0	0
1659	681	681	13.3918	0.0196648	0.0196648
1660	1031	1031	110.951	0.107615	0.107615
1661	640	640	226.151	0.353362	0.353362
1662	374	374	167.481	0.447809	0.447809
1663	1367	1367	0	0	0
1664	990	990	70.8633	0.0715791	0.0715791
1665	690	690	0	0	0
1666	1071	1071	70.4568	0.065786	0.065786
1667	789	789	0	0	0
1668	1120	1120	0	0	0
1669	995	995	0	0	0
1670	926	926	0	0	0
1671	1387	1387	164.853	0.118856	0.118856
1672	2509	2509	0	0	0
1673	1290	1290	2.77074	0.00214786	0.00214786
1674	587	587	0	0	0
1675	494	494	86.6792	0.175464	0.175464
1676	751	751	58.3977	0.0777599	0.0777599
1677	678	678	0	0	0
1678	456	456	0	0	0
1679	922	922	225.03	0.244068	0.244068
1680	1535	1535	285.654	0.186094	0.186094
1681	2153	2153	0	0	0
1682	1022	1022	110.951	0.108563	0.108563
1683	572	572	68.998	0.120626	0.120626
1684	1150	1150	0	0	0
1685	1026	1026	0	0	0
1686	773	773	221.891	0.287051	0.287051
1687	837	837	40.6327	0.0485457	0.0485457
1688	906	906	35.0567	0.0386939	0.0386939
1689	587	587	0	0	0
1690	639	639	0	0	0
1691	428	428	0	0	0
1692	4631	4631	6.12144	0.00132184	0.00132184
1693	1311	1311	0	0	0
1694	1068	1068	72.7617	0.0681289	0.0681289
1695	969	969	110.951	0.114501	0.114501
1696	1155	1155	0	0	0
1697	1090	1090	0	0	0
1698	1447	1447	126.162	0.0871885	0.0871885
1699	1578	1578	0	0	0
1700	1838	1838	9.18216	0.00499573	0.00499573
1701	991	991	0	0	0
1702	764	764	149.833	0.196116	0.196116
1703	918	918	226.457	0.246685	0.246685
1704	1315	1315	136.967	0.104157	0.104157
1705	505	505	0	0	0
1706	2140	2140	0	0	0
1707	578	578	0	0	0
1708	366	366	0	0	0
1709	622	622	0	0	0
1710	599	599	1.53036	0.00255486	0.00255486
1711	1097	1097	0	0	0
1712	602	602	16.3087	0.0270908	0.0270908
1713	1652	1652	104.58	0.063305	0.063305
1714	3963	3963	221.902	0.0559935	0.0559935
1715	1671	1671	0	0	0
1716	1580	1580	0	0	0
1717	2018	2018	141.558	0.0701478	0.0701478
1718	742	742	0	0	0
1719	1496	1496	110.951	0.0741652	0.0741652
1720	1023	1023	0	0	0
1721	1116	1116	110.951	0.0994185	0.0994185
1722	766	766	0	0	0
1723	1156	1156	51.2293	0.044316	0.044316
1724	1771	1771	0	0	0
1725	1152	1152	0	0	0
1726	1229	1229	43.4798	0.0353782	0.0353782
1727	1178	1178	118.603	0.100682	0.100682
1728	1132	1132	72.9616	0.0644537	0.0644537
1729	1073	1073	0	0	0
1730	1373	1373	0	0	0
1731	862	862	0	0	0
1732	605	605	0	0	0
1733	591	591	0	0	0
1734	524	524	0	0	0
1735	1309	1309	19.1295	0.0146138	0.0146138
1736	525	525	0	0	0
1737	987	987	71.9995	0.0729479	0.0729479
1738	1938	1938	122.42	0.0631683	0.0631683
1739	2410	2410	57.5948	0.0238983	0.0238983
1740	398	398	0	0	0
1741	982	982	0	0	0
1742	4772	4772	1218.04	0.255248	0.255248
1743	2471	2471	0	0	0
1744	8227	8227	85.7697	0.0104254	0.0104254
1745	7889	7889	110.951	0.014064	0.014064
1746	6854	6854	110.951	0.0161878	0.0161878
1747	9747	9747	650.837	0.0667731	0.0667731
1748	1179	1179	30.0163	0.0254592	0.0254592
1749	1787	1787	94.1171	0.0526677	0.0526677
1750	2497	2497	21.425	0.00858031	0.00858031
1751	690	690	0	0	0
1752	1737	1737	89.5261	0.0515406	0.0515406
1753	971	971	84.7591	0.0872906	0.0872906
1754	774	774	0	0	0
1755	634	634	6.92685	0.0109256	0.0109256
1756	2250	2250	221.902	0.0986232	0.0986232
1757	1128	1128	110.951	0.0983609	0.0983609
1758	396	396	85.7002	0.216415	0.216415
1759	557	557	0	0	0
1760	935	935	103.299	0.110481	0.110481
1761	892	892	61.9796	0.0694838	0.0694838
1762	1190	1190	0	0	0
1763	1452	1452	0	0	0
1764	951	951	0	0	0
1765	632	632	0	0	0
1766	620	620	0	0	0
1767	1631	1631	2498.83	1.53209	1.53209
1768	1154	1154	0	0	0
1769	716	716	0	0	0
1770	1648	1648	0	0	0
1771	4522	4522	398.889	0.0882108	0.0882108
1772	8724	8724	0	0	0
1773	11234	11234	0	0	0
1774	986	986	0	0	0
1775	9737	9737	0	0	0
1776	1607	1607	140.02	0.087131	0.087131
1777	717	717	0	0	0
1778	930	930	0	0	0
1779	1110	1110	90.7605	0.0817662	0.0817662
1780	866	866	51.2671	0.0591998	0.0591998
1781	400	400	0	0	0
1782	836	836	0	0	0
1783	689	689	3.8259	0.00555283	0.00555283
1784	888	888	89.7138	0.101029	0.101029
1785	694	694	110.951	0.159872	0.159872
1786	1378	1378	0.46179	0.000335116	0.000335116
1787	989	989	102.751	0.103894	0.103894
1788	722	722	0	0	0
1789	930	930	110.951	0.119302	0.119302
1790	553	553	55.7051	0.100733	0.100733
1791	794	794	16.6244	0.0209376	0.0209376
1792	1568	1568	111.82	0.0713139	0.0713139
1793	1923	1923	0	0	0
1794	729	729	97.943	0.134353	0.134353
1795	687	687	0	0	0
1796	1013	1013	168.973	0.166804	0.166804
1797	662	662	0	0	0
1798	1184	1184	110.951	0.0937087	0.0937087
1799	2357	2357	0	0	0
1800	1222	1222	0	0	0
1801	755	755	0	0	0
1802	940	940	161.282	0.171577	0.171577
1803	1184	1184	48.2063	0.0407148	0.0407148
1804	976	976	0	0	0
1805	1432	1432	221.877	0.154942	0.154942
1806	2814	2814	75.7181	0.0269076	0.0269076
1807	1237	1237	129.371	0.104584	0.104584
1808	1570	1570	99.4734	0.0633589	0.0633589
1809	1517	1517	251.388	0.165714	0.165714
1810	1158	1158	0	0	0
1811	484	484	0	0	0
1812	833	833	0	0	0
1813	1617	1617	0	0	0
1814	1132	1132	132.748	0.117268	0.117268
1815	1080	1080	5.54148	0.005131	0.005131
1816	675	675	0	0	0
1817	453	453	107.704	0.237758	0.237758
1818	1210	1210	0	0	0
1819	635	635	75.5056	0.118906	0.118906
1820	508	508	42.814	0.0842795	0.0842795
1821	759	759	210.059	0.276758	0.276758
1822	1207	1207	57.4765	0.0476193	0.0476193
1823	1460	1460	43.6153	0.0298735	0.0298735
1824	989	989	56.3591	0.0569859	0.0569859
1825	675	675	6.12144	0.0090688	0.0090688
1826	1229	1229	102.534	0.0834289	0.0834289
1827	638	638	0	0	0
1828	673	673	0	0	0
1829	950	950	0	0	0
1830	903	903	0	0	0
1831	503	503	0	0	0
1832	1688	1688	0	0	0
1833	303	303	0	0	0
1834	779	779	0	0	0
1835	728	728	0	0	0
1836	1391	1391	0	0	0
1837	986	986	0	0	0
1838	1018	1018	0	0	0
1839	3699	3699	932.738	0.25216	0.25216
1840	403	403	0	0	0
1841	1262	1262	0	0	0
1842	1440	1440	0	0	0
1843	865	865	0	0	0
1844	1609	1609	0	0	0
1845	1948	1948	0	0	0
1846	686	686	0	0	0
1847	498	498	0	0	0
1848	1841	1841	0	0	0
1849	329	329	0	0	0
1850	925	925	0	0	0
1851	745	745	0	0	0
1852	768	768	0	0	0
1853	1272	1272	0	0	0
1854	624	624	0	0	0
1855	520	520	0	0	0
1856	503	503	193.214	0.384123	0.384123
1857	1076	1076	82.7469	0.0769024	0.0769024
1858	974	974	0	0	0
1859	685	685	0	0	0
1860	879	879	0	0	0
1861	1177	1177	0	0	0
1862	829	829	0	0	0
1863	763	763	0	0	0
1864	764	764	1.38537	0.00181331	0.00181331
1865	455	455	21.425	0.047088	0.047088
1866	911	911	35.096	0.0385247	0.0385247
1867	1142	1142	0	0	0
1868	856	856	0	0	0
1869	1119	1119	0	0	0
1870	814	814	1503.19	1.84667	1.84667
1871	798	798	0	0	0
1872	1023	1023	176.707	0.172734	0.172734
1873	577	577	110.951	0.19229	0.19229
1874	834	834	0	0	0
1875	1431	1431	112.481	0.0786034	0.0786034
1876	1947	1947	74.1255	0.0380716	0.0380716
1877	599	599	0	0	0
1878	895	895	100.636	0.112442	0.112442
1879	633	633	70.3966	0.111211	0.111211
1880	835	835	50.2163	0.0601392	0.0601392
1881	2211	2211	7.6518	0.00346079	0.00346079
1882	1191	1191	48.327	0.0405769	0.0405769
1883	966	966	4.46368	0.00462079	0.00462079
1884	381	381	0	0	0
1885	880	880	78.8135	0.0895608	0.0895608
1886	895	895	0	0	0
1887	1903	0	0	0	0
1888	2092	2092	0	0	0
1889	693	693	0	0	0
1890	594	594	6.88662	0.0115936	0.0115936
1891	1199	1199	0	0	0
1892	474	474	0	0	0
1893	1444	1444	110.951	0.0768359	0.0768359
1894	896	896	0	0	0
1895	545	545	56.543	0.103749	0.103749
1896	1118	1118	41.3734	0.0370066	0.0370066
1897	2284	2284	160.072	0.070084	0.070084
1898	929	929	49.7367	0.0535379	0.0535379
1899	803	803	0	0	0
1900	1030	1030	56.2233	0.0545857	0.0545857
1901	1314	1314	183.35	0.139536	0.139536
1902	2306	2306	0	0	0
1903	661	661	0	0	0
1904	577	577	67.3358	0.1167	0.1167
1905	1406	1406	58.6071	0.0416836	0.0416836
1906	1002	1002	0	0	0
1907	847	847	28.3117	0.0334258	0.0334258
1908	993	993	11.0773	0.0111554	0.0111554
1909	330	330	0	0	0
1910	840	840	0	0	0
1911	909	909	0	0	0
1912	657	657	0	0	0
1913	362	362	0	0	0
1914	490	490	0	0	0
1915	351	351	0	0	0
1916	850	850	0	0	0
1917	1005	1005	0	0	0
1918	2187	2187	12.4683	0.00570111	0.00570111
1919	918	918	0	0	0
1920	1102	1102	0	0	0
1921	2379	2379	86.4653	0.0363452	0.0363452
1922	1316	1316	0	0	0
1923	684	684	0	0	0
1924	372	372	0	0	0
1925	1578	1578	141.555	0.0897056	0.0897056
1926	674	674	100.239	0.148722	0.148722
1927	1169	1169	22.1902	0.0189822	0.0189822
1928	1913	1913	0	0	0
1929	2819	2819	0	0	0
1930	1106	1106	0	0	0
1931	1357	1357	0	0	0
1932	937	937	0	0	0
1933	767	767	0	0	0
1934	1097	1097	0	0	0
1935	2608	2608	171.333	0.0656953	0.0656953
1936	554	554	110.951	0.200273	0.200273
1937	1590	1590	104.064	0.0654494	0.0654494
1938	806	806	7.6518	0.00949355	0.00949355
1939	643	643	0	0	0
1940	1776	1776	71.9393	0.0405064	0.0405064
1941	1490	1490	0.76518	0.000513544	0.000513544
1942	527	527	0	0	0
1943	1283	1283	41.3197	0.0322055	0.0322055
1944	1659	1659	0	0	0
1945	589	589	58.4391	0.0992175	0.0992175
1946	436	436	0	0	0
1947	493	493	0	0	0
1948	1703	1703	8.18892	0.00480853	0.00480853
1949	1072	1072	0	0	0
1950	1875	1875	0	0	0
1951	1336	1336	0	0	0
1952	1648	1648	0	0	0
1953	827	827	0	0	0
1954	1068	1068	110.951	0.103887	0.103887
1955	1821	1821	26.7813	0.0147069	0.0147069
1956	18274	18274	221.875	0.0121416	0.0121416
1957	2299	2299	0	0	0
1958	9066	9066	0	0	0
1959	4622	4622	407.524	0.0881705	0.0881705
1960	3593	3593	455.651	0.126816	0.126816
1961	2558	2558	193.318	0.0755738	0.0755738
1962	2524	2524	0	0	0
1963	770	770	0	0	0
1964	1187	1187	13.7732	0.0116034	0.0116034
1965	689	689	0	0	0
1966	1807	1807	220.347	0.121941	0.121941
1967	1246	1246	44.0996	0.0353929	0.0353929
1968	667	667	0	0	0
1969	1508	1508	0	0	0
1970	463	463	0	0	0
1971	1325	1325	25.8602	0.0195172	0.0195172
1972	400	400	81.2189	0.203047	0.203047
1973	736	736	84.935	0.115401	0.115401
1974	843	843	0	0	0
1975	1301	1301	0	0	0
1976	1488	1488	147.672	0.099242	0.099242
1977	2122	2122	0	0	0
1978	478	478	0	0	0
1979	1270	1270	0.76518	0.000602504	0.000602504
1980	819	819	0	0	0
1981	1208	1208	0	0	0
1982	889	889	0	0	0
1983	815	815	0	0	0
1984	468	468	0	0	0
1985	854	854	110.951	0.129919	0.129919
1986	520	520	104.118	0.200227	0.200227
1987	1073	1073	0	0	0
1988	431	431	0	0	0
1989	1184	1184	96.4127	0.0814296	0.0814296
1990	1534	1534	0	0	0
1991	621	621	0	0	0
1992	1211	1211	0	0	0
1993	521	521	0	0	0
1994	309	309	0	0	0
1995	2145	2145	0	0	0
1996	1236	1236	0	0	0
1997	968	968	220.358	0.227643	0.227643
1998	1577	1577	0	0	0
1999	524	524	0	0	0
2000	621	621	0	0	0
2001	341	341	0	0	0
2002	612	612	45.9191	0.0750311	0.0750311
2003	679	679	0	0	0
2004	2141	2141	0	0	0
2005	710	710	98.1754	0.138275	0.138275
2006	1281	1281	0	0	0
2007	1499	1499	100.029	0.0667305	0.0667305
2008	433	433	0	0	0
2009	3386	3386	0	0	0
2010	1222	1222	0	0	0
2011	1167	1167	110.951	0.0950738	0.0950738
2012	728	728	0	0	0
2013	905	905	60.4941	0.0668443	0.0668443
2014	1040	1040	15.3036	0.014715	0.014715
2015	2327	2327	0	0	0
2016	2002	2002	221.902	0.11084	0.11084
2017	1639	1639	66.5757	0.0406197	0.0406197
2018	576	576	0	0	0
2019	1949	1949	0	0	0
2020	682	682	5.66176	0.0083017	0.0083017
2021	322	322	15.2391	0.0473263	0.0473263
2022	510	510	17.548	0.0344079	0.0344079
2023	500	500	0	0	0
2024	812	812	73.9424	0.0910621	0.0910621
2025	684	684	0	0	0
2026	1003	1003	0	0	0
2027	516	516	0	0	0
2028	774	774	0	0	0
2029	992	992	76.3646	0.0769805	0.0769805
2030	1393	1393	0	0	0
2031	8779	8779	221.902	0.0252765	0.0252765
2032	642	642	11.4777	0.017878	0.017878
2033	1891	1891	353.337	0.186852	0.186852
2034	612	612	0	0	0
2035	2565	2565	0	0	0
2036	1127	1127	0	0	0
2037	927	927	0	0	0
2038	704	704	0	0	0
2039	1183	1183	0	0	0
2040	636	636	7.07736	0.0111279	0.0111279
2041	1504	1504	0	0	0
2042	1061	1061	0	0	0
2043	892	892	83.0796	0.0931386	0.0931386
2044	654	654	46.676	0.07137	0.07137
2045	601	601	0	0	0
2046	1259	1259	0	0	0
2047	396	396	0	0	0
2048	748	748	0	0	0
2049	1446	1446	0	0	0
2050	1056	1056	0	0	0
2051	1901	1901	0	0	0
2052	2769	2769	40.9786	0.0147991	0.0147991
2053	374	374	0	0	0
2054	462	462	0	0	0
2055	1251	1251	102.97	0.0823104	0.0823104
2056	1489	1489	110.951	0.0745138	0.0745138
2057	383	383	0	0	0
2058	1943	1943	68.0749	0.035036	0.035036
2059	1129	1129	0	0	0
2060	1588	1588	0	0	0
2061	449	449	0	0	0
2062	922	922	9.0498	0.0098154	0.0098154
2063	631	631	94.8823	0.150368	0.150368
2064	585	585	0	0	0
2065	1381	1381	0	0	0
2066	669	669	26.7813	0.0400318	0.0400318
2067	644	644	28.3117	0.0439622	0.0439622
2068	667	667	35.821	0.0537046	0.0537046
2069	506	506	0	0	0
2070	2792	2792	0	0	0
2071	2889	2889	0	0	0
2072	1195	0	0	0	0
2073	490	490	0	0	0
2074	438	438	0	0	0
2075	1798	1798	37.7645	0.0210036	0.0210036
2076	1629	1629	0	0	0
2077	1879	1879	110.951	0.059048	0.059048
2078	626	626	0	0	0
2079	2105	2105	0	0	0
2080	587	587	0	0	0
2081	6829	6829	332.853	0.0487411	0.0487411
2082	2539	2539	246.523	0.0970945	0.0970945
2083	13259	13259	2076.62	0.15662	0.15662
2084	1642	1642	288.76	0.175859	0.175859
2085	5954	5954	793.354	0.133247	0.133247
2086	4683	4683	279.591	0.0597035	0.0597035
2087	2224	2224	0	0	0
2088	4927	4927	0	0	0
2089	11281	11281	427.415	0.037888	0.037888
2090	2550	2550	0	0	0
2091	2283	2283	0	0	0
2092	3146	3146	0	0	0
2093	6121	6121	88.9975	0.0145397	0.0145397
2094	7791	7791	861.35	0.110557	0.110557
2095	20592	20592	942.792	0.0457844	0.0457844
2096	2594	2594	0	0	0
2097	6182	6182	0	0	0
2098	1547	1547	248.536	0.160657	0.160657
2099	1195	1195	6.88662	0.00576286	0.00576286
2100	4318	4318	110.951	0.025695	0.025695
2101	1666	1666	0	0	0
2102	8278	8278	347.736	0.0420072	0.0420072
2103	6029	6029	274.747	0.045571	0.045571
2104	2052	2052	0	0	0
2105	7637	7637	331.783	0.0434441	0.0434441
2106	2463	2463	0	0	0
2107	6308	6308	102.456	0.0162423	0.0162423
2108	8387	8387	201.272	0.0239981	0.0239981
2109	11252	11252	2352.69	0.209091	0.209091
2110	443	443	0	0	0
2111	1164	0	0	0	0
